Trajectories
120
,,Wand:Proximal,,,Wand:Middle,,,Wand:Distal,,,Wand:Tip,,,PastaBox:Top,,,PastaBox:Middle,,,PastaBox:Bottom,,,PastaBox:Side,,,HandRB:Hand1,,,HandRB:Hand2,,,HandRB:Hand3,,,HandRB:Hand4,,,Dikablis:Head1,,,Dikablis:Head2,,,Dikablis:Head3,,,Dikablis:Head4,,,
Frame,Sub Frame,X,Y,Z,X,Y,Z,X,Y,Z,X,Y,Z,X,Y,Z,X,Y,Z,X,Y,Z,X,Y,Z,X,Y,Z,X,Y,Z,X,Y,Z,X,Y,Z,X,Y,Z,X,Y,Z,X,Y,Z,X,Y,Z
,,mm,mm,mm,mm,mm,mm,mm,mm,mm,mm,mm,mm,mm,mm,mm,mm,mm,mm,mm,mm,mm,mm,mm,mm,mm,mm,mm,mm,mm,mm,mm,mm,mm,mm,mm,mm,mm,mm,mm,mm,mm,mm,mm,mm,mm,mm,mm,mm
1,0,-164.089,488.097,1119.74,-145.226,396.322,1104.72,-127.948,303.031,1091.39,-122.846,271.643,1086.9,,,,,,,,,,,,,-550.064,213.068,813.718,-518.969,260.989,829.779,-540.439,216.824,776.559,-508.462,266.082,792.065,-508.182,376.515,1641.35,-609.06,338.199,1615.92,-503.77,496.356,1653.63,-598.661,545.632,1633.14
2,0,-161.826,484.142,1117.04,-143.095,392.47,1101.24,-125.672,299.448,1086.39,-119.877,268.78,1080.06,,,,,,,,,,,,,-550.38,213.289,813.445,-519.378,261.342,829.581,-540.098,218.455,776.03,-508.944,266.481,791.885,-508.148,376.407,1641.35,-609.088,338.156,1615.84,-503.704,496.271,1653.65,-598.576,545.559,1633.14
3,0,-159.706,480.074,1114.27,-141.462,388.649,1097.69,-124.311,295.698,1081.4,-118.758,265.542,1074.57,,,,,,,,,,,,,-550.736,213.588,813.271,-519.497,262.004,829.962,-540.534,218.485,776.075,-509.315,266.844,791.808,-508.119,376.308,1641.34,-609.031,338.081,1615.91,-503.629,496.178,1653.65,-598.5,545.489,1633.13
4,0,-157.894,476.075,1111.46,-140.006,384.764,1093.3,-123.224,292.038,1076.1,-117.83,261.23,1068.91,,,,,,,,,,,,,-551.068,213.721,813.296,-519.82,262.268,829.914,-540.75,219.409,776.048,-509.616,267.114,791.817,-508.07,376.218,1641.34,-608.566,337.946,1616.02,-503.562,496.094,1653.64,-598.426,545.412,1633.13
5,0,-156.141,472.129,1108.61,-139.028,380.597,1089.53,-122.561,288.431,1070.63,-117.269,257.713,1062.99,,,,,,,,,,,,,-551.306,213.84,813.257,-520.128,262.559,829.798,-540.938,219.749,775.945,-509.933,267.355,791.76,-508.029,376.126,1641.32,-608.251,337.863,1615.97,-503.492,496.014,1653.63,-598.352,545.335,1633.12
6,0,-154.588,468.177,1105.81,-138.375,376.641,1085.69,-122.243,285,1065.05,-117.241,254.335,1056.91,,,,,,,,,,,,,-551.768,213.455,813.834,-520.276,263.552,829.448,-541.133,219.936,775.839,-510.212,267.531,791.677,-508.01,376.062,1641.29,-608.215,337.821,1615.92,-503.438,495.928,1653.61,-598.288,545.257,1633.1
7,0,-153.119,464.185,1103.01,-137.545,372.959,1081.39,-122.284,281.56,1059.42,-117.552,250.902,1050.88,,,,,,,,,,,,,-552.291,213.564,814.07,-520.593,263.611,829.376,-541.355,220.024,775.771,-510.398,268.136,791.326,-507.963,375.993,1641.26,-608.19,337.746,1615.93,-503.366,495.842,1653.58,-598.221,545.187,1633.06
8,0,-151.75,460.342,1100.22,-137.082,369.202,1077.29,-122.702,278.128,1053.85,-118.136,247.764,1044.83,,,,,,,,,,,,,-552.504,214.17,813.458,-520.847,263.558,829.375,-541.579,220.135,775.627,-510.631,268.114,791.262,-507.935,375.929,1641.24,-608.797,337.738,1615.8,-503.316,495.759,1653.57,-598.159,545.092,1633.08
9,0,-150.427,456.473,1097.55,-136.771,365.636,1073.31,-123.376,274.79,1048.5,-119.262,244.269,1039.13,,,,,,,,,,,,,-552.874,214.199,813.45,-521.096,263.422,829.353,-541.87,220.136,775.513,-510.818,267.986,791.23,-507.907,375.862,1641.21,-608.098,337.6,1615.84,-503.259,495.684,1653.55,-598.072,544.937,1633.19
10,0,-149.208,452.699,1095.04,-136.631,362.086,1069.47,-124.333,271.442,1043.5,-120.613,241.012,1033.71,,,,,,,,,,,,,-553.202,214.077,813.432,-521.321,263.275,829.264,-542.134,220.154,775.381,-511.003,267.859,791.163,-507.854,375.796,1641.18,-608.071,337.568,1615.83,-503.189,495.604,1653.53,-598.086,544.876,1633.23
11,0,-148.015,449.097,1092.67,-136.534,358.642,1066.01,-125.443,268.15,1038.86,-121.953,238.115,1028.24,,,,,,,,,,,,,-553.466,213.933,813.43,-521.515,263.189,829.183,-542.408,220.062,775.309,-511.194,267.72,791.112,-507.81,375.731,1641.18,-608.046,337.473,1615.82,-503.12,495.522,1653.52,-598.016,544.798,1633.23
12,0,-146.811,445.466,1090.48,-136.505,355.191,1062.85,-126.637,264.47,1034.93,-123.414,235.029,1023.77,,,,,,,,,,,,,-553.725,213.821,813.448,-521.694,263.119,829.142,-542.62,219.98,775.257,-511.406,267.558,791.04,-507.789,375.671,1641.14,-607.997,337.415,1615.77,-503.073,495.443,1653.52,-597.939,544.721,1633.23
13,0,-145.591,441.782,1088.45,-136.436,351.77,1060.12,-127.661,261.267,1031.28,-124.956,231.62,1019.93,,,,,,,,,,,,,-553.917,213.78,813.389,-521.863,263,829.089,-542.828,219.776,775.27,-511.531,267.347,791.044,-507.758,375.597,1641.12,-608.182,337.297,1615.84,-502.989,495.338,1653.5,-597.87,544.636,1633.21
14,0,-144.401,438.096,1086.95,-136.327,348.263,1057.73,-128.579,257.869,1028.32,-126.354,228.225,1016.75,,,,,,,,,,,,,-554.107,213.657,813.376,-522.044,262.793,829.128,-543.007,219.51,775.304,-511.69,267.189,791.03,-507.738,375.513,1641.12,-607.976,337.282,1615.77,-502.933,495.235,1653.49,-597.79,544.562,1633.21
15,0,-143.322,434.423,1085.65,-136.001,344.57,1055.61,-129.388,254.473,1025.29,-127.618,224.87,1014.14,,,,,,,,,,,,,-554.289,213.496,813.362,-522.213,262.64,829.132,-543.182,219.2,775.346,-511.804,266.973,791.044,-507.708,375.421,1641.13,-608.31,337.238,1615.76,-502.854,495.144,1653.47,-597.68,544.487,1633.22
16,0,-142.285,430.773,1084.51,-135.868,340.914,1053.95,-130.217,250.945,1023.18,-128.804,221.286,1011.94,,,,,,,,,,,,,-554.459,213.273,813.373,-522.49,261.712,829.382,-543.314,219.049,775.34,-511.869,266.753,791.056,-507.682,375.348,1641.11,-607.953,337.174,1615.77,-502.758,495.035,1653.48,-597.61,544.428,1633.23
17,0,-141.305,426.908,1083.71,-135.763,337.291,1052.64,-130.998,247.226,1021.6,-130.001,217.364,1010.28,,,,,,,,,,,,,-554.712,212.749,813.448,-522.569,261.446,829.382,-543.935,217.418,775.571,-511.968,266.393,791.078,-507.677,375.244,1641.1,-607.92,337.082,1615.74,-502.668,494.925,1653.46,-597.545,544.372,1633.26
18,0,-140.375,423.112,1083.05,-135.61,333.476,1051.68,-131.761,243.53,1020.41,-131.127,213.464,1009.04,,,,,,,,,,,,,-554.727,212.571,813.225,-522.655,261.159,829.391,-544.069,217.253,775.673,-512.028,265.8,791.292,-507.683,375.166,1641.06,-607.913,337.026,1615.76,-502.585,494.823,1653.43,-597.415,544.31,1633.24
19,0,-139.381,419.198,1082.56,-135.465,329.64,1050.97,-132.381,239.46,1019.63,-132.133,209.585,1008.25,,,,,,,,,,,,,-554.824,212.449,813.187,-522.69,260.91,829.377,-544.178,217.064,775.65,-512.117,265.589,791.282,-507.668,375.057,1641.04,-607.918,336.984,1615.82,-502.492,494.707,1653.42,-597.302,544.228,1633.21
20,0,-138.398,415.5,1082.07,-135.309,325.826,1050.56,-133.037,235.666,1019.13,-133.026,205.669,1007.86,,,,,,,,,,,,,-554.894,212.313,813.144,-522.76,260.634,829.423,-544.129,217.103,775.604,-512.193,265.412,791.256,-507.619,374.927,1641.05,-607.882,336.897,1615.75,-502.395,494.589,1653.39,-597.219,544.153,1633.2
21,0,-137.347,411.632,1081.41,-135.086,321.917,1050.24,-133.633,231.858,1019,-133.837,201.872,1007.77,,,,,,,,,,,,,-555.245,211.262,813.617,-522.8,260.383,829.445,-543.927,217.611,775.492,-512.253,265.157,791.259,-507.564,374.804,1641.03,-608.221,336.831,1615.8,-502.313,494.478,1653.36,-597.076,544.078,1633.17
22,0,-136.481,407.979,1081.33,-134.894,318.129,1050.16,-134.165,228.012,1019.01,-134.705,197.975,1007.9,,,,,,,,,,,,,-555.035,212.094,813.124,-522.867,260.009,829.517,-544.177,216.535,775.453,-512.318,264.893,791.21,-507.535,374.672,1641.01,-607.862,336.802,1615.77,-502.203,494.361,1653.33,-596.953,544.02,1633.15
23,0,-135.221,404.342,1080.68,-134.679,314.327,1050.08,-134.654,224.21,1019.15,-135.443,194.087,1008.16,,,,,,,,,,,,,-555.626,210.423,813.95,-522.911,259.62,829.582,-544.281,216.237,775.441,-512.354,264.582,791.216,-507.446,374.533,1641,-607.862,336.737,1615.77,-502.113,494.261,1653.29,-596.859,543.961,1633.13
24,0,-134.094,400.642,1080.18,-134.26,310.756,1049.98,-134.957,220.502,1019.23,-136.051,190.338,1008.32,,,,,,,,,,,,,-555.69,210.453,813.937,-522.912,259.344,829.492,-544.367,215.964,775.362,-512.38,264.293,791.171,-507.378,374.407,1640.98,-608.025,336.767,1615.66,-502.008,494.146,1653.26,-596.72,543.91,1633.12
25,0,-133.233,397.293,1080.23,-133.864,307.26,1049.86,-135.23,216.905,1019.18,-136.478,186.777,1008.34,,,,,,,,,,,,,-555.618,210.276,813.769,-522.901,259.037,829.496,-544.411,215.744,775.334,-512.364,263.997,791.226,-507.311,374.255,1640.96,-607.836,336.624,1615.76,-501.941,494.038,1653.22,-596.617,543.834,1633.08
26,0,-132.244,393.94,1080.04,-133.463,303.776,1049.67,-135.439,213.44,1019.09,-136.741,183.473,1008.15,,,,,,,,,,,,,-555.72,209.633,813.942,-522.906,258.815,829.414,-544.471,215.558,775.326,-512.374,263.672,791.297,-507.231,374.149,1640.93,-607.831,336.607,1615.74,-501.872,493.958,1653.2,-596.525,543.768,1633.06
27,0,-130.877,390.317,1079.36,-133.044,300.535,1049.44,-135.389,210.116,1018.6,-137.123,180.037,1007.75,,,,,,,,,,,,,-555.832,209.445,814.047,-522.95,258.607,829.357,-544.235,215.987,775.28,-512.372,263.287,791.324,-507.173,374.054,1640.87,-608.037,336.597,1615.65,-501.806,493.859,1653.16,-596.411,543.696,1633.03
28,0,-130.237,387.159,1079.7,-132.615,297.097,1049.26,-135.505,206.881,1018.08,-137.286,176.742,1007.16,,,,,,,,,,,,,-555.795,209.053,814.06,-522.952,258.41,829.309,-544.308,215.786,775.294,-512.43,263.004,791.301,-507.121,373.965,1640.83,-608.168,336.515,1615.73,-501.756,493.778,1653.13,-596.311,543.646,1632.99
29,0,-129.139,383.846,1079.43,-132.132,293.85,1048.92,-135.384,203.846,1017.41,-137.483,174.049,1006.46,,,,,,,,,,,,,-555.487,209.982,813.26,-522.983,258.158,829.29,-544.457,215.288,775.277,-512.457,262.717,791.307,-507.077,373.866,1640.8,-607.755,336.422,1615.63,-501.687,493.709,1653.1,-596.227,543.602,1632.97
30,0,-128.002,380.555,1079.11,-131.564,290.812,1048.39,-135.37,200.905,1016.74,-137.459,171.061,1005.53,,,,,,,,,,,,,-555.812,208.753,813.781,-523.038,257.958,829.298,-544.508,215.047,775.211,-512.479,262.494,791.252,-507.026,373.797,1640.74,-607.968,336.394,1615.7,-501.628,493.632,1653.08,-596.133,543.543,1632.95
31,0,-127.003,377.424,1078.98,-131.049,287.887,1047.88,-135.333,198.012,1015.92,-137.754,168.109,1004.65,,,,,,,,,,,,,-555.869,208.517,813.753,-523.08,257.715,829.273,-544.61,214.741,775.206,-512.519,262.213,791.225,-506.998,373.737,1640.7,-607.649,336.317,1615.56,-501.56,493.559,1653.06,-596.073,543.491,1632.94
32,0,-125.951,374.39,1078.73,-130.498,284.991,1047.28,-135.275,195.333,1015.25,-137.754,165.5,1003.63,,,,,,,,,,,,,-555.973,208.148,813.921,-523.152,257.529,829.249,-544.68,214.489,775.174,-512.559,261.965,791.181,-506.972,373.659,1640.66,-607.929,336.368,1615.48,-501.491,493.501,1653.03,-595.981,543.435,1632.91
33,0,-124.794,371.38,1078.1,-129.93,282.223,1046.57,-135.208,192.716,1014.25,-137.737,163.091,1002.36,,,,,,,,,,,,,-556,208.046,813.859,-523.205,257.326,829.237,-544.786,214.262,775.123,-512.623,261.729,791.125,-506.944,373.593,1640.62,-607.659,336.211,1615.57,-501.435,493.42,1653,-595.915,543.376,1632.89
34,0,-124.018,368.579,1078.16,-129.283,279.68,1045.52,-135.203,190.272,1012.99,-137.927,160.629,1000.89,,,,,,,,,,,,,-556.032,207.983,813.754,-523.268,257.098,829.235,-544.919,213.959,775.161,-512.685,261.45,791.117,-506.934,373.52,1640.59,-608.034,336.19,1615.51,-501.415,493.35,1652.97,-595.858,543.32,1632.88
35,0,-122.997,365.844,1077.72,-128.727,277.251,1044.51,-135.078,187.954,1011.56,-137.786,158.727,999.048,,,,,,,,,,,,,-555.814,208.768,813.167,-523.297,256.941,829.168,-545.042,213.63,775.137,-512.742,261.172,791.108,-506.919,373.478,1640.54,-607.87,336.185,1615.39,-501.353,493.269,1652.92,-595.803,543.286,1632.88
36,0,-122.134,363.111,1077.36,-128.174,274.895,1043.37,-135.021,185.792,1009.93,-137.858,156.494,997.062,,,,,,,,,,,,,-556.124,207.791,813.663,-523.352,256.765,829.158,-544.821,214.005,775.104,-512.801,260.981,791.093,-506.903,373.412,1640.5,-607.619,336.054,1615.53,-501.308,493.188,1652.88,-595.753,543.241,1632.87
37,0,-121.224,360.434,1076.89,-127.68,272.629,1042.37,-134.863,183.688,1008.13,-137.641,154.562,994.933,,,,,,,,,,,,,-555.974,208.515,813.056,-523.398,256.563,829.154,-545.159,213.378,775.107,-512.84,260.77,791.089,-506.896,373.339,1640.46,-607.564,336.036,1615.43,-501.26,493.101,1652.85,-595.703,543.167,1632.86
38,0,-120.365,357.841,1076.43,-127.116,270.502,1041.36,-134.624,181.713,1006.31,-137.459,152.653,992.832,,,,,,,,,,,,,-556.039,208.43,813.011,-523.469,256.401,829.135,-545.198,213.335,775.084,-512.933,260.532,791.084,-506.875,373.275,1640.42,-607.606,335.93,1615.45,-501.191,493.019,1652.83,-595.659,543.141,1632.87
39,0,-119.563,355.244,1076.13,-126.572,268.211,1040.26,-134.359,179.733,1004.65,-137.202,150.802,990.845,,,,,,,,,,,,,-556.156,208.307,812.934,-523.559,256.228,829.115,-545.286,213.19,775.05,-513.031,260.385,791.038,-506.87,373.218,1640.36,-607.576,335.907,1615.4,-501.102,492.86,1652.84,-595.606,543.063,1632.84
40,0,-118.568,352.599,1075.66,-125.981,265.8,1039.39,-134.033,177.658,1003.25,-136.854,148.946,989.061,,,,,,,,,,,,,-556.271,208.197,812.901,-523.682,256.089,829.097,-545.44,212.966,775.005,-513.099,260.274,791.006,-506.861,373.153,1640.31,-607.598,335.871,1615.39,-501.027,492.723,1652.86,-595.586,543.026,1632.84
41,0,-117.782,350.048,1075.47,-125.401,263.459,1038.68,-133.473,175.615,1001.84,-136.589,146.921,987.772,,,,,,,,,,,,,-556.398,208.109,812.866,-523.75,255.913,829.063,-545.528,212.875,774.947,-513.16,260.154,790.973,-506.843,373.083,1640.26,-607.921,335.789,1615.37,-500.933,492.578,1652.85,-595.539,542.978,1632.82
42,0,-117.025,347.654,1075.29,-124.926,260.821,1038.49,-133.282,173.38,1001.22,-136.158,144.984,986.818,,,,,,,,,,,,,-556.509,208.065,812.818,-523.857,255.848,829.064,-545.672,212.723,774.888,-513.268,260.069,790.894,-506.854,373.004,1640.23,-607.684,335.812,1615.12,-500.898,492.443,1652.91,-595.513,542.919,1632.8
43,0,-116.438,345.282,1075.24,-124.453,258.511,1038.22,-133.01,171.188,1000.64,-136.047,142.697,986.144,,,,,,,,,,,,,-556.605,208.053,812.788,-523.958,255.788,829.008,-545.795,212.595,774.889,-513.383,260.013,790.855,-506.844,372.929,1640.19,-608.052,335.763,1615.29,-500.816,492.298,1652.9,-595.495,542.886,1632.79
44,0,-115.875,342.888,1075.39,-124.07,256.215,1038.03,-132.689,169.149,1000.2,-135.835,140.684,985.749,,,,,,,,,,,,,-556.702,208.031,812.869,-524.048,255.714,829.012,-545.923,212.507,774.878,-513.466,259.943,790.851,-506.848,372.864,1640.15,-607.931,335.781,1615.2,-500.724,492.151,1652.94,-595.481,542.845,1632.79
45,0,-115.372,340.585,1075.56,-123.839,253.936,1038.19,-132.69,167.023,1000.14,-135.957,138.434,985.669,,,,,,,,,,,,,-556.786,207.989,812.879,-524.137,255.687,828.998,-546.029,212.471,774.855,-513.575,259.96,790.8,-506.861,372.811,1640.12,-607.659,335.631,1615.24,-500.862,492.305,1652.74,-595.478,542.798,1632.78
46,0,-114.972,338.283,1075.97,-123.697,251.761,1038.47,-132.766,164.928,1000.36,-136.029,136.457,985.811,,,,,,,,,,,,,-556.859,207.99,812.859,-524.235,255.722,828.976,-546.123,212.416,774.819,-513.66,259.973,790.735,-506.877,372.759,1640.11,-607.96,335.638,1615.11,-500.855,492.262,1652.73,-595.467,542.763,1632.78
47,0,-114.579,336.042,1076.57,-123.56,249.2,1039.15,-133.021,162.767,1001.04,-136.43,134.066,986.499,,,,,,,,,,,,,-556.955,208.002,812.865,-524.312,255.736,828.969,-546.212,212.412,774.829,-513.769,260.007,790.717,-506.899,372.72,1640.09,-607.695,335.53,1615.21,-500.877,492.207,1652.73,-595.483,542.727,1632.78
48,0,-114.332,333.853,1077.36,-123.546,246.935,1040.04,-133.292,160.589,1002.18,-136.708,131.911,987.688,,,,,,,,,,,,,-557,208.011,812.852,-524.385,255.778,828.935,-546.329,212.327,774.801,-513.839,260.029,790.738,-506.921,372.66,1640.09,-607.721,335.504,1615.18,-500.896,492.171,1652.71,-595.494,542.696,1632.78
49,0,-114.021,331.722,1078.31,-123.654,244.821,1041.31,-133.894,158.034,1004.01,-137.387,129.285,989.435,,,,,,,,,,,,,-557.055,208.039,812.841,-524.452,255.852,828.894,-546.325,212.542,774.802,-513.916,260.051,790.792,-506.955,372.612,1640.08,-608.057,335.477,1615.11,-500.92,492.113,1652.72,-595.496,542.662,1632.79
50,0,-113.851,329.583,1079.39,-123.78,242.572,1042.88,-134.435,155.554,1006.1,-138.024,126.796,991.727,,,,,,,,,,,,,-557.062,208.069,812.835,-524.493,255.907,828.939,-546.411,212.483,774.838,-513.951,260.155,790.856,-507.003,372.574,1640.07,-608.099,335.461,1615.21,-500.949,492.09,1652.72,-595.522,542.645,1632.8
51,0,-113.69,327.527,1080.69,-124.074,240.452,1044.69,-135.057,152.907,1008.52,-138.739,124.289,994.438,,,,,,,,,,,,,-557.095,208.105,812.847,-524.527,255.961,828.958,-546.562,212.229,774.835,-514.007,260.185,790.873,-507.05,372.518,1640.1,-608.204,335.496,1615.12,-500.992,492.057,1652.74,-595.557,542.619,1632.81
52,0,-113.585,325.457,1081.98,-124.343,238.155,1046.69,-135.715,150.422,1011.03,-139.592,121.485,997.268,,,,,,,,,,,,,-557.068,208.135,812.859,-524.552,256.071,828.972,-546.554,212.318,774.886,-514.034,260.296,790.897,-507.103,372.489,1640.1,-608.184,335.407,1615.11,-501.017,492.037,1652.74,-595.558,542.584,1632.81
53,0,-113.614,323.514,1083.3,-124.744,236.088,1048.62,-136.41,147.974,1013.42,-140.417,119.127,1000.17,,,,,,,,,,,,,-557.061,208.159,812.889,-524.56,256.116,828.971,-546.529,212.397,774.905,-514.06,260.369,790.917,-507.157,372.473,1640.11,-608.24,335.381,1615.15,-501.049,492.019,1652.76,-595.603,542.572,1632.82
54,0,-113.415,321.559,1084.16,-125.199,233.923,1050.43,-137.149,145.689,1015.67,-141.373,117.017,1002.65,,,,,,,,,,,,,-557.035,208.195,812.909,-524.556,256.171,829.002,-546.086,213.428,774.945,-514.093,260.477,790.95,-507.216,372.443,1640.13,-608.023,335.341,1615.2,-501.098,492.008,1652.78,-595.642,542.57,1632.84
55,0,-113.694,319.814,1085.4,-125.705,231.924,1052.01,-138.079,143.517,1017.71,-142.42,114.522,1004.87,,,,,,,,,,,,,-556.972,208.231,812.914,-524.525,256.249,829.03,-546.239,213.058,774.999,-514.096,260.565,790.952,-507.274,372.438,1640.16,-608.093,335.352,1615.22,-501.16,492.012,1652.79,-595.671,542.552,1632.83
56,0,-113.844,318.21,1086.3,-126.279,230.079,1053.29,-139.062,141.454,1019.22,-143.748,112.58,1006.77,,,,,,,,,,,,,-556.921,208.265,812.958,-524.51,256.298,829.062,-546.202,213.146,774.989,-514.08,260.657,790.984,-507.338,372.433,1640.19,-608.146,335.303,1615.21,-501.216,492.027,1652.82,-595.718,542.538,1632.84
57,0,-114.156,316.454,1087.1,-126.933,228.254,1054.25,-140.088,139.62,1020.44,-145.012,110.744,1008.23,,,,,,,,,,,,,-556.832,208.281,812.965,-524.462,256.334,829.084,-546.141,213.178,775.049,-514.053,260.744,791.001,-507.393,372.446,1640.21,-608.224,335.344,1615.27,-501.276,492.035,1652.84,-595.776,542.546,1632.85
58,0,-114.418,314.797,1087.73,-127.654,226.647,1054.98,-141.404,137.982,1021.95,-146.241,109.103,1009.15,,,,,,,,,,,,,-556.723,208.296,813,-524.377,256.379,829.096,-546.057,213.311,775.059,-514.021,260.813,791.002,-507.444,372.458,1640.25,-608.22,335.348,1615.21,-501.314,492.045,1652.88,-595.827,542.55,1632.86
59,0,-114.698,312.989,1088,-128.413,225.183,1055.38,-142.643,136.505,1022.4,-147.634,107.826,1009.69,,,,,,,,,,,,,-556.63,208.331,813.027,-524.295,256.428,829.128,-545.973,213.365,775.074,-514.001,260.878,791.028,-507.509,372.492,1640.28,-608.312,335.384,1615.31,-501.39,492.081,1652.91,-595.92,542.577,1632.89
60,0,-115.131,311.651,1088.39,-129.143,223.82,1055.47,-143.803,135.244,1022.4,-149.137,106.479,1009.78,,,,,,,,,,,,,-556.505,208.365,813.059,-524.156,256.488,829.169,-545.912,213.261,775.161,-513.946,260.919,791.057,-507.557,372.51,1640.32,-608.444,335.454,1615.15,-501.457,492.105,1652.94,-595.982,542.602,1632.89
61,0,-115.485,310.266,1088.3,-129.942,222.509,1055.2,-145.014,134.131,1021.96,-150.262,105.534,1009.17,,,,,,,,,,,,,-556.454,208.075,813.256,-524.056,256.546,829.194,-545.844,213.276,775.152,-513.868,260.976,791.063,-507.615,372.555,1640.34,-608.517,335.49,1615.21,-501.534,492.139,1652.95,-596.049,542.624,1632.9
62,0,-115.879,308.975,1087.94,-130.745,221.522,1054.54,-146.178,133.297,1020.52,-151.629,105.067,1008.32,,,,,,,,,,,,,-556.343,207.882,813.477,-523.892,256.596,829.265,-545.805,213.14,775.256,-513.806,261.069,791.089,-507.64,372.578,1640.4,-608.636,335.462,1615.35,-501.609,492.192,1652.99,-596.138,542.649,1632.91
63,0,-116.058,307.793,1087.09,-131.556,220.551,1053.59,-147.334,132.679,1018.97,-153.169,104.26,1006.83,,,,,,,,,,,,,-555.992,208.427,813.19,-523.76,256.61,829.321,-545.699,213.195,775.311,-513.715,261.086,791.155,-507.672,372.623,1640.44,-608.957,335.495,1615.38,-501.675,492.249,1653.02,-596.245,542.697,1632.92
64,0,-116.475,306.681,1086.28,-132.323,219.891,1052.13,-148.577,132.292,1017.03,-154.662,103.782,1004.72,,,,,,,,,,,,,-555.8,208.39,813.267,-523.604,256.613,829.37,-545.591,213.165,775.353,-513.646,261.118,791.179,-507.724,372.677,1640.46,-608.563,335.5,1615.41,-501.769,492.306,1653.04,-596.316,542.713,1632.9
65,0,-116.782,305.825,1085.27,-133.08,219.244,1050.44,-149.769,132.189,1014.77,-155.969,103.752,1002.11,,,,,,,,,,,,,-555.589,208.331,813.279,-523.463,256.604,829.405,-545.627,212.848,775.402,-513.538,261.128,791.197,-507.79,372.738,1640.48,-608.606,335.548,1615.47,-501.858,492.359,1653.06,-596.424,542.745,1632.9
66,0,-117.176,304.963,1084.13,-133.858,218.842,1048.5,-150.999,132.184,1012.05,-157.237,103.849,998.949,,,,,,,,,,,,,-555.669,207.451,813.802,-523.323,256.555,829.455,-545.058,213.778,775.532,-513.417,261.194,791.23,-507.865,372.824,1640.52,-609.004,335.59,1615.49,-501.97,492.425,1653.09,-596.54,542.776,1632.9
67,0,-117.726,304.251,1083.13,-134.574,218.572,1046.32,-152.108,132.415,1009.08,-158.191,104.22,995.34,,,,,,,,,,,,,-555.235,208.206,813.435,-523.179,256.537,829.532,-544.926,213.794,775.612,-513.315,261.2,791.285,-507.918,372.889,1640.55,-609.108,335.734,1615.52,-502.073,492.488,1653.12,-596.667,542.805,1632.9
68,0,-118.059,303.654,1081.73,-135.268,218.412,1044.05,-153.164,132.764,1005.88,-159.556,104.494,992.056,,,,,,,,,,,,,-555.057,208.116,813.534,-523.042,256.54,829.57,-544.854,213.24,775.921,-513.197,261.211,791.324,-507.952,372.943,1640.6,-608.72,335.653,1615.56,-502.152,492.56,1653.14,-596.753,542.843,1632.89
69,0,-118.414,303.122,1080.19,-135.971,218.304,1041.6,-154.26,133.219,1002.54,-160.682,105.136,988.305,,,,,,,,,,,,,-554.898,208.045,813.686,-522.899,256.497,829.594,-544.794,213.301,775.801,-513.081,261.306,791.263,-508.01,373.005,1640.65,-609.192,335.778,1615.59,-502.26,492.629,1653.16,-596.899,542.925,1632.93
70,0,-118.771,302.515,1078.4,-136.726,218.252,1039.08,-155.302,133.687,999.039,-161.671,106.066,984.301,,,,,,,,,,,,,-554.69,208.016,813.671,-522.746,256.447,829.613,-544.539,213.203,776.027,-512.944,261.291,791.327,-508.08,373.107,1640.68,-609.2,335.753,1615.63,-502.352,492.71,1653.18,-597.019,542.958,1632.91
71,0,-119.327,302.04,1076.96,-137.489,218.285,1036.49,-156.39,134.232,995.577,-163.02,106.556,980.811,,,,,,,,,,,,,-554.454,207.97,813.726,-522.599,256.408,829.622,-544.367,213.598,775.88,-512.832,261.302,791.41,-508.113,373.178,1640.73,-608.88,335.785,1615.76,-502.459,492.798,1653.22,-597.122,543.02,1632.94
72,0,-119.809,301.682,1075.31,-138.304,218.27,1033.9,-157.59,134.797,992.184,-164.081,107.493,976.974,,,,,,,,,,,,,-554.176,207.951,813.74,-522.429,256.377,829.682,-544.261,213.554,775.943,-512.74,261.233,791.506,-508.181,373.266,1640.8,-609.276,335.923,1615.7,-502.53,492.869,1653.25,-597.246,543.073,1632.97
73,0,-120.369,301.218,1073.52,-139.123,218.378,1031.32,-158.874,135.376,988.857,-165.506,108.013,973.279,,,,,,,,,,,,,-553.977,207.928,813.707,-522.24,256.349,829.777,-544.144,213.517,776.028,-512.625,261.282,791.527,-508.261,373.353,1640.85,-609.292,335.962,1615.74,-502.633,492.949,1653.28,-597.36,543.129,1632.99
74,0,-120.922,300.84,1071.65,-139.959,218.564,1028.58,-160.083,135.939,985.369,-166.412,109.22,969.255,,,,,,,,,,,,,-553.759,207.943,813.735,-522.087,256.297,829.861,-544.023,213.505,776.085,-512.519,261.263,791.547,-508.32,373.444,1640.92,-609.333,335.995,1615.79,-502.726,493.024,1653.31,-597.44,543.141,1632.98
75,0,-121.46,300.524,1069.66,-140.82,218.776,1025.73,-161.178,136.755,981.681,-167.745,109.908,965.311,,,,,,,,,,,,,-553.637,207.864,813.757,-521.914,256.316,829.86,-543.888,213.49,776.133,-512.443,261.288,791.584,-508.382,373.532,1640.98,-609.006,335.972,1615.92,-502.814,493.077,1653.34,-597.546,543.199,1632.98
76,0,-122.057,300.345,1067.52,-141.53,219.168,1022.41,-162.198,137.683,977.707,-168.615,111.236,960.981,,,,,,,,,,,,,-553.508,207.811,813.803,-521.749,256.31,829.845,-543.779,213.522,776.16,-512.371,261.333,791.602,-508.452,373.626,1641.04,-609.015,335.973,1615.94,-502.875,493.154,1653.39,-597.632,543.236,1632.99
77,0,-122.654,300.233,1065.19,-142.242,219.675,1019.12,-162.861,138.893,973.156,-169.587,112.478,956.3,,,,,,,,,,,,,-553.344,207.806,813.885,-521.592,256.288,829.867,-543.675,213.512,776.164,-512.303,261.366,791.625,-508.494,373.691,1641.09,-609.02,336.033,1615.95,-502.939,493.214,1653.43,-597.704,543.287,1633.02
78,0,-123.317,300.168,1062.81,-142.983,220.302,1015.49,-163.584,140.336,968.287,-170.552,113.832,951.366,,,,,,,,,,,,,-553.189,207.79,813.961,-521.486,256.292,829.888,-543.565,213.53,776.176,-512.222,261.346,791.661,-508.534,373.74,1641.14,-609.369,336.151,1615.94,-502.993,493.266,1653.45,-597.764,543.32,1633.03
79,0,-123.921,300.322,1060.2,-143.699,221.201,1011.75,-164.323,142.031,963.108,-171.375,115.762,945.761,,,,,,,,,,,,,-553.054,207.818,814.053,-521.377,256.274,829.938,-543.443,213.573,776.231,-512.176,261.39,791.623,-508.58,373.792,1641.18,-609.318,336.145,1615.94,-503.031,493.331,1653.5,-597.84,543.374,1633.06
80,0,-124.591,300.589,1057.56,-144.453,222.244,1007.9,-165.109,143.969,957.707,-172.066,117.928,939.899,,,,,,,,,,,,,-552.909,207.776,814.052,-521.289,256.249,829.987,-543.342,213.571,776.261,-512.108,261.406,791.667,-508.603,373.838,1641.2,-609.076,336.134,1616.01,-503.078,493.368,1653.53,-597.889,543.407,1633.08
81,0,-125.239,300.979,1054.85,-145.255,223.661,1003.89,-165.882,146.254,952.108,-172.753,120.574,933.923,,,,,,,,,,,,,-552.791,207.769,814.174,-521.217,256.275,830.018,-543.28,213.547,776.283,-512.05,261.407,791.691,-508.619,373.87,1641.23,-609.114,336.176,1616.06,-503.1,493.416,1653.55,-597.907,543.443,1633.08
82,0,-125.924,301.551,1052.08,-145.949,225.107,999.787,-166.651,148.677,946.366,-173.457,123.344,927.791,,,,,,,,,,,,,-552.749,207.68,814.252,-521.15,256.276,830.052,-543.234,213.513,776.326,-512.02,261.4,791.734,-508.628,373.92,1641.25,-609.099,336.191,1616.04,-503.136,493.449,1653.56,-597.951,543.479,1633.08
83,0,-126.647,302.441,1049.32,-146.622,226.923,995.614,-167.299,151.4,940.947,-174.036,125.772,922.924,,,,,,,,,,,,,-552.689,207.652,814.314,-521.119,256.255,830.103,-543.204,213.495,776.361,-512,261.386,791.769,-508.641,373.937,1641.28,-609.466,336.287,1615.99,-503.15,493.498,1653.58,-597.989,543.53,1633.1
84,0,-126.707,302.166,1048.97,-146.571,226.238,995.837,-167.355,150.256,941.781,-174.117,125.135,923.237,,,,,,,,,,,,,-552.647,207.637,814.391,-521.042,256.225,830.136,-543.2,213.527,776.42,-511.939,261.361,791.814,-508.664,373.979,1641.28,-609.402,336.294,1616.03,-503.181,493.532,1653.6,-597.997,543.551,1633.1
85,0,-126.982,301.424,1048.66,-146.662,225.229,996.023,-167.151,148.616,942.559,-173.954,123.197,924.067,,,,,,,,,,,,,-552.668,207.572,814.572,-521.057,256.22,830.16,-543.157,213.41,776.486,-511.908,261.323,791.826,-508.661,373.995,1641.31,-609.166,336.205,1616.14,-503.196,493.588,1653.59,-598.014,543.586,1633.1
86,0,-127.289,301.333,1048.18,-146.846,225.068,995.584,-167.282,148.446,942.153,-173.841,122.876,923.497,,,,,,,,,,,,,-552.625,207.53,814.639,-521.052,256.2,830.217,-543.122,213.411,776.544,-511.893,261.308,791.861,-508.652,374.034,1641.31,-609.452,336.326,1616.01,-503.195,493.617,1653.6,-598.027,543.618,1633.11
87,0,-127.639,301.585,1047.65,-147.124,225.482,994.839,-167.505,148.913,941.323,-174.007,123.102,923.056,,,,,,,,,,,,,-552.61,207.514,814.746,-521.059,256.231,830.274,-543.075,213.428,776.629,-511.888,261.291,791.88,-508.664,374.072,1641.3,-609.141,336.305,1616.13,-503.193,493.652,1653.58,-598.026,543.646,1633.09
88,0,-127.779,301.484,1047.67,-147.251,225.201,995.079,-167.528,148.54,941.671,-173.999,123.021,922.896,,,,,,,,,,,,,-552.578,207.493,814.774,-521.071,256.221,830.393,-542.985,213.366,776.664,-511.906,261.303,791.891,-508.654,374.093,1641.3,-609.324,336.328,1616.03,-503.197,493.69,1653.56,-598.04,543.688,1633.09
89,0,-127.946,301.704,1047.44,-147.484,225.383,994.924,-167.739,148.735,941.576,-174.286,122.925,923.207,,,,,,,,,,,,,-552.564,207.473,814.855,-521.092,256.275,830.353,-542.944,213.375,776.695,-511.892,261.327,791.96,-508.648,374.124,1641.28,-609.138,336.357,1616.13,-503.201,493.733,1653.55,-598.034,543.714,1633.08
90,0,-127.999,301.982,1047.39,-147.598,225.679,994.861,-167.877,149.023,941.509,-174.558,123.284,923.279,,,,,,,,,,,,,-552.556,207.454,814.877,-521.132,256.337,830.326,-542.918,213.336,776.758,-511.928,261.352,791.993,-508.637,374.154,1641.27,-609.447,336.463,1616.04,-503.187,493.775,1653.54,-598.038,543.749,1633.08
91,0,-128.004,302.276,1047.39,-147.688,225.939,994.873,-167.993,149.297,941.499,-174.616,123.643,922.938,,,,,,,,,,,,,-552.565,207.499,814.859,-521.181,256.329,830.406,-542.94,213.32,776.767,-511.97,261.328,791.991,-508.643,374.205,1641.24,-609.106,336.426,1616.1,-503.19,493.825,1653.51,-598.036,543.788,1633.08
92,0,-127.938,302.573,1047.39,-147.664,226.21,994.926,-168.048,149.628,941.508,-174.683,124.162,923.311,,,,,,,,,,,,,-552.622,207.454,814.927,-521.218,256.352,830.393,-542.946,213.31,776.777,-512.015,261.308,791.985,-508.615,374.241,1641.23,-609.118,336.518,1616.15,-503.187,493.873,1653.51,-598.041,543.818,1633.07
93,0,-127.844,302.892,1047.41,-147.623,226.55,994.878,-168.076,150.046,941.438,-174.759,124.568,923.292,,,,,,,,,,,,,-552.652,207.468,814.926,-521.234,256.36,830.394,-542.985,213.293,776.81,-512.053,261.289,791.988,-508.589,374.297,1641.21,-609.391,336.567,1616.02,-503.18,493.937,1653.48,-598.036,543.856,1633.05
94,0,-127.727,303.179,1047.41,-147.589,226.845,994.861,-168.069,150.429,941.359,-174.947,124.753,923.27,,,,,,,,,,,,,-552.708,207.455,814.937,-521.305,256.358,830.336,-543.06,213.278,776.811,-512.099,261.24,791.959,-508.561,374.362,1641.2,-609.057,336.574,1616.12,-503.185,493.997,1653.48,-598.058,543.908,1633.06
95,0,-127.592,303.423,1047.44,-147.479,227.153,994.864,-167.992,150.725,941.364,-174.926,125.024,923.326,,,,,,,,,,,,,-552.765,207.423,814.933,-521.353,256.298,830.341,-543.091,213.268,776.81,-512.149,261.221,791.984,-508.544,374.437,1641.18,-609.418,336.608,1616.11,-503.168,494.091,1653.46,-598.073,543.949,1633.06
96,0,-127.444,303.666,1047.44,-147.294,227.423,994.878,-167.842,151.03,941.298,-174.675,125.344,923.271,,,,,,,,,,,,,-552.793,207.417,814.902,-521.391,256.275,830.288,-543.274,212.92,776.825,-512.182,261.201,791.969,-508.514,374.5,1641.18,-609.281,336.682,1616.06,-503.174,494.16,1653.45,-598.066,543.987,1633.04
97,0,-127.317,303.93,1047.42,-147.183,227.658,994.849,-167.657,151.395,941.169,-174.586,125.818,923.272,,,,,,,,,,,,,-552.849,207.383,814.909,-521.449,256.243,830.304,-543.327,212.943,776.809,-512.246,261.202,791.943,-508.473,374.576,1641.18,-608.952,336.661,1616.12,-503.19,494.234,1653.44,-598.087,544.034,1633.03
98,0,-127.219,304.094,1047.46,-147.047,227.889,994.846,-167.506,151.62,941.185,-174.488,126.018,923.319,,,,,,,,,,,,,-552.876,207.386,814.894,-521.499,256.271,830.293,-543.388,212.91,776.786,-512.293,261.177,791.953,-508.46,374.663,1641.18,-608.933,336.713,1616.12,-503.212,494.317,1653.45,-598.106,544.09,1633.03
99,0,-127.162,304.221,1047.53,-146.963,228.062,994.856,-167.421,151.816,941.161,-174.405,126.239,923.277,,,,,,,,,,,,,-552.908,207.341,814.932,-521.519,256.243,830.313,-543.421,212.91,776.787,-512.319,261.169,791.964,-508.436,374.743,1641.18,-608.868,336.794,1616.08,-503.211,494.403,1653.44,-598.107,544.125,1633.01
100,0,-127.154,304.283,1047.64,-146.953,228.179,994.923,-167.388,151.98,941.151,-174.384,126.361,923.271,,,,,,,,,,,,,-552.942,207.353,814.909,-521.548,256.226,830.325,-543.409,213.021,776.771,-512.346,261.137,791.973,-508.404,374.804,1641.21,-609.19,336.875,1616.04,-503.229,494.476,1653.45,-598.144,544.192,1633.02
101,0,-127.201,304.254,1047.76,-147.022,228.17,995.058,-167.431,152.005,941.204,-174.422,126.417,923.291,,,,,,,,,,,,,-552.977,207.299,814.972,-521.579,256.199,830.322,-543.463,212.862,776.798,-512.397,261.128,791.978,-508.379,374.889,1641.2,-609.16,336.91,1616.04,-503.215,494.551,1653.42,-598.161,544.245,1633.02
102,0,-127.281,304.197,1047.94,-147.09,228.172,995.148,-167.491,152.042,941.221,-174.46,126.49,923.286,,,,,,,,,,,,,-552.974,207.261,814.969,-521.623,256.156,830.4,-543.477,212.885,776.814,-512.41,261.129,791.993,-508.372,374.955,1641.2,-609.147,336.91,1616.04,-503.226,494.621,1653.43,-598.166,544.29,1633.01
103,0,-127.353,304.134,1048.14,-147.165,228.15,995.256,-167.537,152.086,941.231,-174.477,126.542,923.291,,,,,,,,,,,,,-552.998,207.224,815.029,-521.632,256.147,830.431,-543.468,212.832,776.829,-512.415,261.084,792.057,-508.343,375.022,1641.22,-608.774,337.01,1616.09,-503.244,494.69,1653.44,-598.186,544.351,1633
104,0,-127.388,304.055,1048.33,-147.212,228.07,995.401,-167.581,152.082,941.296,-174.521,126.565,923.307,,,,,,,,,,,,,-553.017,207.138,815.109,-521.654,256.102,830.459,-543.473,212.742,776.848,-512.421,261.069,792.052,-508.325,375.088,1641.23,-608.763,337.019,1616.1,-503.244,494.747,1653.41,-598.183,544.378,1632.97
105,0,-127.422,304.015,1048.52,-147.233,228.109,995.448,-167.626,152.172,941.289,-174.562,126.644,923.26,,,,,,,,,,,,,-553.022,207.095,815.13,-521.658,256.056,830.536,-543.425,212.685,776.897,-512.416,261.031,792.082,-508.294,375.137,1641.24,-608.745,337.115,1616.11,-503.243,494.811,1653.39,-598.17,544.411,1632.94
106,0,-127.422,303.968,1048.72,-147.25,228.113,995.553,-167.652,152.24,941.303,-174.595,126.727,923.251,,,,,,,,,,,,,-553.026,207.042,815.172,-521.665,256.083,830.528,-543.416,212.523,776.894,-512.379,260.975,792.129,-508.282,375.188,1641.27,-609.046,337.164,1616.1,-503.257,494.871,1653.38,-598.204,544.472,1632.94
107,0,-127.42,303.935,1048.95,-147.259,228.125,995.706,-167.753,152.344,941.331,-174.769,126.847,923.277,,,,,,,,,,,,,-553.019,206.998,815.22,-521.658,256.033,830.589,-543.373,212.372,776.852,-512.339,260.936,792.142,-508.264,375.236,1641.26,-608.719,337.192,1616.12,-503.271,494.925,1653.36,-598.185,544.504,1632.9
108,0,-127.462,303.89,1049.23,-147.393,228.135,995.881,-167.977,152.466,941.383,-174.939,126.831,923.267,,,,,,,,,,,,,-553.012,206.91,815.295,-521.627,255.978,830.61,-543.315,212.343,776.913,-512.32,260.882,792.182,-508.25,375.277,1641.27,-609.002,337.19,1616.12,-503.287,494.96,1653.36,-598.184,544.54,1632.89
109,0,-127.442,303.849,1049.46,-147.468,228.194,996.027,-168.119,152.647,941.345,-175.103,127.029,923.276,,,,,,,,,,,,,-552.999,206.85,815.341,-521.654,255.962,830.664,-543.291,212.001,776.885,-512.251,260.85,792.216,-508.248,375.316,1641.27,-609.085,337.242,1616.09,-503.281,495.01,1653.33,-598.169,544.575,1632.87
110,0,-127.404,303.748,1049.73,-147.547,228.168,996.219,-168.255,152.78,941.401,-175.231,127.2,923.334,,,,,,,,,,,,,-552.96,206.816,815.361,-521.615,255.919,830.717,-543.297,211.75,776.841,-512.19,260.781,792.229,-508.227,375.355,1641.26,-608.711,337.264,1616.14,-503.28,495.047,1653.33,-598.159,544.598,1632.84
111,0,-127.372,303.631,1049.98,-147.628,228.128,996.388,-168.378,152.877,941.39,-175.383,127.343,923.343,,,,,,,,,,,,,-552.923,206.783,815.397,-521.622,255.875,830.787,-543.254,211.593,776.888,-512.145,260.713,792.253,-508.232,375.367,1641.25,-608.935,337.315,1616.14,-503.285,495.076,1653.3,-598.148,544.623,1632.83
112,0,-127.337,303.507,1050.23,-147.665,228.163,996.551,-168.556,152.962,941.4,-175.572,127.447,923.381,,,,,,,,,,,,,-552.875,206.737,815.408,-521.61,255.84,830.823,-542.605,212.682,776.969,-512.077,260.642,792.264,-508.234,375.399,1641.26,-609.052,337.324,1616.09,-503.279,495.12,1653.28,-598.15,544.651,1632.82
113,0,-127.207,303.286,1050.15,-147.749,228.091,996.758,-168.73,152.992,941.488,-175.774,127.482,923.431,,,,,,,,,,,,,-552.844,206.689,815.44,-521.611,255.775,830.872,-542.514,212.629,777.034,-512.01,260.596,792.33,-508.215,375.442,1641.25,-608.662,337.337,1616.08,-503.27,495.152,1653.25,-598.128,544.664,1632.8
114,0,-127.299,303.128,1050.7,-147.901,227.98,996.922,-168.94,152.997,941.526,-175.897,127.667,923.14,,,,,,,,,,,,,-552.795,206.673,815.417,-521.578,255.747,830.929,-542.426,212.586,777.086,-511.917,260.561,792.391,-508.203,375.447,1641.25,-608.996,337.361,1616.17,-503.278,495.161,1653.24,-598.12,544.69,1632.78
115,0,-127.243,302.937,1050.89,-147.941,227.955,997.086,-169.121,152.964,941.58,-176.058,127.703,923.147,,,,,,,,,,,,,-552.786,206.625,815.468,-521.575,255.676,831.016,-542.393,212.494,777.098,-511.874,260.485,792.436,-508.205,375.468,1641.25,-608.675,337.398,1616.12,-503.27,495.192,1653.22,-598.089,544.704,1632.74
116,0,-127.257,302.739,1051.19,-148.034,227.823,997.297,-169.314,152.882,941.703,-176.232,127.715,923.197,,,,,,,,,,,,,-552.755,206.603,815.503,-521.513,255.583,831.057,-542.32,212.467,777.098,-511.826,260.42,792.482,-508.2,375.484,1641.24,-609.071,337.461,1616.21,-503.264,495.209,1653.21,-598.063,544.726,1632.72
117,0,-127.279,302.532,1051.46,-148.132,227.706,997.451,-169.498,152.797,941.789,-176.399,127.735,923.208,,,,,,,,,,,,,-552.733,206.556,815.535,-521.496,255.495,831.055,-542.285,212.377,777.117,-511.754,260.387,792.504,-508.207,375.492,1641.25,-609.005,337.443,1616.16,-503.271,495.224,1653.2,-598.073,544.75,1632.73
118,0,-127.229,302.293,1051.71,-148.159,227.608,997.591,-169.645,152.744,941.849,-176.538,127.756,923.209,,,,,,,,,,,,,-552.732,206.514,815.54,-521.465,255.416,831.083,-542.272,212.289,777.162,-511.7,260.299,792.556,-508.186,375.513,1641.23,-608.68,337.426,1616.16,-503.253,495.23,1653.18,-598.052,544.765,1632.7
119,0,-127.175,302.113,1052.04,-148.215,227.492,997.745,-169.74,152.695,941.938,-176.651,127.769,923.236,,,,,,,,,,,,,-552.719,206.473,815.552,-521.435,255.31,831.034,-542.234,212.236,777.188,-511.677,260.252,792.559,-508.207,375.505,1641.25,-608.702,337.416,1616.18,-503.259,495.243,1653.17,-598.043,544.78,1632.7
120,0,-127.113,301.857,1052.34,-148.22,227.408,997.868,-169.787,152.661,941.983,-176.709,127.763,923.247,,,,,,,,,,,,,-552.744,206.412,815.625,-521.427,255.269,831.029,-542.244,212.212,777.207,-511.631,260.157,792.609,-508.2,375.508,1641.24,-608.711,337.456,1616.2,-503.254,495.248,1653.17,-598.028,544.775,1632.68
121,0,-126.962,301.646,1052.23,-148.226,227.269,998.009,-169.834,152.631,942.002,-176.761,127.752,923.215,,,,,,,,,,,,,-552.716,206.372,815.596,-521.41,255.21,831.04,-542.237,212.165,777.223,-511.614,260.087,792.609,-508.21,375.514,1641.22,-609.015,337.465,1616.1,-503.25,495.242,1653.15,-598.032,544.793,1632.68
122,0,-126.916,301.446,1052.48,-148.199,227.184,998.157,-169.87,152.568,942.078,-176.788,127.736,923.242,,,,,,,,,,,,,-552.715,206.339,815.597,-521.393,255.169,831.052,-542.246,212.123,777.251,-511.608,260.041,792.605,-508.223,375.501,1641.22,-609.088,337.503,1616.13,-503.259,495.233,1653.15,-598.034,544.788,1632.68
123,0,-126.984,301.287,1053,-148.21,227.055,998.273,-169.893,152.525,942.112,-176.894,127.604,923.511,,,,,,,,,,,,,-552.703,206.326,815.637,-521.356,255.109,831.084,-542.243,212.087,777.248,-511.598,259.96,792.649,-508.227,375.502,1641.25,-609.103,337.49,1616.16,-503.266,495.232,1653.16,-598.046,544.796,1632.7
124,0,-126.84,301.077,1052.86,-148.184,226.957,998.364,-169.927,152.504,942.137,-176.926,127.593,923.508,,,,,,,,,,,,,-552.701,206.298,815.626,-521.336,255.062,831.083,-542.463,211.596,777.293,-511.588,259.899,792.663,-508.247,375.502,1641.23,-609.131,337.481,1616.23,-503.266,495.227,1653.16,-598.038,544.801,1632.69
125,0,-126.79,300.875,1053.06,-148.168,226.857,998.464,-169.926,152.446,942.176,-176.951,127.564,923.53,,,,,,,,,,,,,-552.673,206.278,815.629,-521.341,254.929,831.046,-542.509,211.518,777.312,-511.576,259.837,792.682,-508.272,375.468,1641.24,-609.147,337.484,1616.17,-503.278,495.201,1653.17,-598.054,544.788,1632.7
126,0,-126.843,300.683,1053.55,-148.149,226.746,998.542,-169.934,152.402,942.216,-176.958,127.552,923.501,,,,,,,,,,,,,-552.687,206.245,815.652,-521.345,254.94,831.078,-542.414,211.685,777.276,-511.595,259.849,792.639,-508.275,375.452,1641.26,-608.791,337.409,1616.18,-503.281,495.177,1653.18,-598.05,544.767,1632.7
127,0,-126.806,300.501,1053.69,-148.115,226.641,998.607,-169.908,152.344,942.227,-176.947,127.517,923.497,,,,,,,,,,,,,-552.694,206.206,815.661,-521.349,254.88,831.056,-542.301,211.883,777.316,-511.601,259.73,792.675,-508.313,375.435,1641.26,-609.134,337.427,1616.18,-503.297,495.155,1653.19,-598.064,544.744,1632.69
128,0,-126.637,300.352,1053.47,-148.032,226.565,998.712,-169.88,152.281,942.276,-176.94,127.481,923.506,,,,,,,,,,,,,-552.727,206.154,815.63,-521.36,254.847,831.066,-542.339,211.857,777.327,-511.618,259.709,792.65,-508.348,375.409,1641.26,-608.858,337.406,1616.18,-503.309,495.127,1653.22,-598.097,544.725,1632.73
129,0,-126.661,300.238,1053.91,-148.013,226.471,998.763,-169.851,152.242,942.293,-176.914,127.462,923.494,,,,,,,,,,,,,-552.768,206.108,815.648,-521.377,254.773,831.068,-542.366,211.788,777.323,-511.615,259.649,792.686,-508.374,375.383,1641.25,-608.896,337.368,1616.17,-503.292,495.112,1653.23,-598.084,544.706,1632.73
130,0,-126.576,300.137,1054,-147.956,226.416,998.816,-169.808,152.214,942.29,-176.907,127.448,923.515,,,,,,,,,,,,,-552.782,206.079,815.66,-521.391,254.755,831.088,-542.375,211.764,777.354,-511.61,259.593,792.683,-508.407,375.35,1641.28,-608.942,337.324,1616.17,-503.324,495.07,1653.25,-598.117,544.682,1632.76
131,0,-126.498,300.054,1054.09,-147.911,226.351,998.872,-169.8,152.202,942.313,-176.897,127.441,923.506,,,,,,,,,,,,,-552.804,206.069,815.625,-521.434,254.698,831.104,-542.401,211.743,777.351,-511.646,259.535,792.696,-508.432,375.311,1641.27,-608.981,337.366,1616.19,-503.359,495.029,1653.28,-598.131,544.657,1632.77
132,0,-126.31,299.966,1053.84,-147.851,226.309,998.896,-169.768,152.191,942.299,-176.9,127.433,923.537,,,,,,,,,,,,,-552.855,206.019,815.64,-521.425,254.689,831.089,-542.427,211.714,777.342,-511.667,259.493,792.673,-508.472,375.282,1641.28,-609.248,337.375,1616.21,-503.379,494.977,1653.29,-598.145,544.641,1632.8
133,0,-126.238,299.916,1053.9,-147.811,226.283,998.929,-169.747,152.192,942.307,-176.887,127.444,923.54,,,,,,,,,,,,,-552.862,205.99,815.649,-521.445,254.659,831.095,-542.467,211.622,777.38,-511.666,259.44,792.7,-508.506,375.238,1641.28,-609.085,337.318,1616.22,-503.395,494.938,1653.31,-598.194,544.624,1632.83
134,0,-126.166,299.9,1053.94,-147.757,226.259,998.967,-169.716,152.2,942.324,-176.867,127.462,923.55,,,,,,,,,,,,,-552.906,205.964,815.655,-521.466,254.648,831.072,-542.474,211.589,777.369,-511.662,259.438,792.677,-508.564,375.208,1641.28,-609.458,337.313,1616.19,-503.404,494.893,1653.32,-598.208,544.604,1632.85
135,0,-126.103,299.863,1053.99,-147.711,226.245,998.994,-169.678,152.197,942.335,-176.839,127.468,923.551,,,,,,,,,,,,,-552.911,205.936,815.666,-521.447,254.64,831.073,-542.466,211.573,777.38,-511.664,259.337,792.701,-508.619,375.161,1641.28,-609.202,337.238,1616.24,-503.42,494.844,1653.35,-598.215,544.57,1632.85
136,0,-126.018,299.918,1053.99,-147.559,226.321,999.016,-169.595,152.236,942.334,-176.763,127.494,923.528,,,,,,,,,,,,,-552.919,205.93,815.635,-521.465,254.577,831.07,-542.518,211.485,777.399,-511.684,259.32,792.666,-508.651,375.102,1641.3,-609.525,337.281,1616.18,-503.445,494.802,1653.37,-598.241,544.551,1632.87
137,0,-125.919,299.96,1054.01,-147.45,226.334,999.056,-169.471,152.267,942.328,-176.608,127.527,923.533,,,,,,,,,,,,,-552.921,205.912,815.66,-521.466,254.579,831.079,-542.488,211.511,777.344,-511.676,259.313,792.675,-508.723,375.071,1641.31,-609.288,337.173,1616.24,-503.47,494.762,1653.4,-598.276,544.51,1632.9
138,0,-125.829,299.945,1054.03,-147.382,226.277,999.052,-169.308,152.274,942.29,-176.436,127.494,923.478,,,,,,,,,,,,,-552.931,205.916,815.641,-521.453,254.561,831.076,-542.497,211.525,777.334,-511.654,259.288,792.714,-508.751,375.002,1641.33,-609.36,337.179,1616.27,-503.483,494.719,1653.42,-598.29,544.489,1632.92
139,0,-125.862,299.928,1054.4,-147.246,226.272,999.055,-169.093,152.294,942.246,-176.154,127.617,923.197,,,,,,,,,,,,,-552.944,205.907,815.631,-521.464,254.55,831.087,-542.514,211.481,777.347,-511.655,259.269,792.703,-508.817,374.951,1641.35,-609.656,337.156,1616.19,-503.52,494.672,1653.46,-598.319,544.456,1632.96
140,0,-125.804,299.896,1054.39,-147.083,226.282,999.01,-168.846,152.305,942.182,-175.918,127.623,923.17,,,,,,,,,,,,,-552.918,205.923,815.655,-521.468,254.543,831.096,-542.526,211.507,777.366,-511.645,259.279,792.7,-508.876,374.904,1641.35,-609.504,337.116,1616.29,-503.582,494.601,1653.51,-598.339,544.432,1632.98
141,0,-125.644,299.965,1054.28,-146.867,226.319,998.909,-168.545,152.313,942.126,-175.62,127.6,923.122,,,,,,,,,,,,,-552.946,205.894,815.63,-521.456,254.542,831.092,-542.527,211.493,777.398,-511.645,259.271,792.711,-508.933,374.841,1641.37,-609.857,337.17,1616.22,-503.626,494.549,1653.54,-598.376,544.416,1633.04
142,0,-125.481,300.041,1054.2,-146.637,226.349,998.852,-168.209,152.347,942.048,-175.303,127.607,923.107,,,,,,,,,,,,,-552.94,205.901,815.638,-521.462,254.53,831.083,-542.518,211.45,777.395,-511.636,259.256,792.733,-508.981,374.77,1641.4,-609.594,337.013,1616.3,-503.658,494.503,1653.6,-598.436,544.405,1633.09
143,0,-125.163,300.207,1053.69,-146.415,226.44,998.783,-167.911,152.426,941.997,-175.03,127.633,923.056,,,,,,,,,,,,,-552.955,205.914,815.609,-521.476,254.556,831.072,-542.522,211.498,777.358,-511.635,259.271,792.727,-509.048,374.741,1641.41,-609.645,337.01,1616.3,-503.704,494.454,1653.63,-598.475,544.379,1633.13
144,0,-125.08,300.324,1053.6,-146.257,226.546,998.724,-167.706,152.506,941.954,-174.789,127.69,923.006,,,,,,,,,,,,,-552.964,205.926,815.624,-521.484,254.546,831.08,-542.537,211.467,777.389,-511.646,259.267,792.731,-509.132,374.688,1641.47,-610.053,336.955,1616.33,-503.75,494.406,1653.68,-598.514,544.341,1633.16
145,0,-124.951,300.48,1053.52,-146.047,226.695,998.671,-167.513,152.605,941.934,-174.56,127.795,922.957,,,,,,,,,,,,,-552.992,205.925,815.629,-521.481,254.604,831.049,-542.534,211.507,777.377,-511.652,259.253,792.703,-509.19,374.614,1641.5,-610.125,337.014,1616.22,-503.794,494.332,1653.72,-598.515,544.306,1633.17
146,0,-124.848,300.663,1053.47,-145.929,226.834,998.638,-167.315,152.748,941.92,-174.347,127.936,922.927,,,,,,,,,,,,,-552.998,205.932,815.572,-521.492,254.569,831.057,-542.581,211.48,777.381,-511.657,259.267,792.718,-509.258,374.555,1641.52,-609.862,336.868,1616.36,-503.829,494.278,1653.76,-598.54,544.27,1633.21
147,0,-124.682,300.868,1053.44,-145.744,227.02,998.618,-167.093,152.922,941.893,-174.113,128.092,922.889,,,,,,,,,,,,,-553.077,205.908,815.603,-521.528,254.583,831.086,-542.595,211.535,777.38,-511.669,259.243,792.743,-509.318,374.492,1641.56,-609.921,336.84,1616.38,-503.875,494.228,1653.79,-598.562,544.24,1633.22
148,0,-124.487,301.043,1053.39,-145.516,227.195,998.582,-166.86,153.073,941.867,-173.993,128.138,922.865,,,,,,,,,,,,,-553.083,205.925,815.574,-521.551,254.613,831.045,-542.584,211.515,777.355,-511.696,259.271,792.701,-509.353,374.431,1641.6,-610.186,336.864,1616.28,-503.905,494.169,1653.81,-598.573,544.209,1633.24
149,0,-124.244,301.196,1053.34,-145.277,227.333,998.575,-166.592,153.221,941.833,-173.548,128.393,922.83,,,,,,,,,,,,,-553.108,205.942,815.577,-521.563,254.625,831.03,-542.628,211.523,777.362,-511.727,259.266,792.726,-509.398,374.394,1641.6,-610.286,336.877,1616.17,-503.944,494.115,1653.83,-598.57,544.167,1633.25
150,0,-124.001,301.363,1053.26,-144.962,227.495,998.546,-166.272,153.35,941.803,-173.297,128.654,922.872,,,,,,,,,,,,,-553.177,205.95,815.557,-521.595,254.657,831.016,-542.687,211.569,777.339,-511.771,259.292,792.688,-509.426,374.328,1641.63,-610.334,336.932,1616.2,-503.951,494.062,1653.84,-598.57,544.132,1633.25
151,0,-123.873,301.523,1053.5,-144.689,227.579,998.505,-165.959,153.465,941.755,-173.111,128.6,923.197,,,,,,,,,,,,,-553.24,205.975,815.58,-521.635,254.634,830.985,-542.729,211.604,777.307,-511.828,259.309,792.652,-509.467,374.308,1641.63,-610.106,336.801,1616.38,-503.986,494.024,1653.85,-598.587,544.118,1633.27
152,0,-123.576,301.683,1053.36,-144.352,227.699,998.4,-165.605,153.574,941.699,-172.804,128.685,923.186,,,,,,,,,,,,,-553.292,205.987,815.554,-521.693,254.645,830.947,-542.806,211.572,777.307,-511.879,259.313,792.665,-509.515,374.278,1641.63,-610.4,336.849,1616.22,-504.012,493.979,1653.86,-598.574,544.072,1633.24
153,0,-123.289,301.804,1053.21,-144.119,227.738,998.315,-165.304,153.655,941.643,-172.512,128.752,923.144,,,,,,,,,,,,,-553.363,206.002,815.5,-521.732,254.687,830.953,-542.892,211.607,777.29,-511.928,259.34,792.633,-509.543,374.248,1641.64,-610.401,336.778,1616.35,-504.036,493.941,1653.86,-598.595,544.059,1633.25
154,0,-123.085,301.911,1053.1,-143.894,227.761,998.269,-165.076,153.664,941.625,-172.341,128.725,923.096,,,,,,,,,,,,,-553.44,205.998,815.515,-521.798,254.715,830.924,-542.971,211.617,777.237,-512.001,259.391,792.576,-509.582,374.215,1641.65,-610.481,336.774,1616.31,-504.058,493.902,1653.87,-598.592,544.036,1633.25
155,0,-122.784,302.135,1052.85,-143.709,227.779,998.168,-164.896,153.655,941.631,-172.207,128.687,923.072,,,,,,,,,,,,,-553.516,205.996,815.442,-521.87,254.709,830.925,-543.062,211.643,777.209,-512.079,259.431,792.519,-509.617,374.209,1641.63,-610.239,336.726,1616.36,-504.083,493.882,1653.87,-598.618,544.026,1633.25
156,0,-122.558,302.232,1052.66,-143.552,227.786,998.072,-164.729,153.621,941.616,-172.045,128.653,923.031,,,,,,,,,,,,,-553.607,206.005,815.448,-521.933,254.724,830.878,-543.141,211.681,777.169,-512.176,259.456,792.466,-509.648,374.19,1641.65,-610.235,336.756,1616.32,-504.102,493.869,1653.88,-598.634,544.008,1633.24
157,0,-122.422,302.218,1052.54,-143.365,227.803,997.935,-164.553,153.597,941.587,-171.86,128.602,923.009,,,,,,,,,,,,,-553.704,205.995,815.407,-522.006,254.757,830.86,-543.233,211.677,777.151,-512.256,259.469,792.422,-509.661,374.179,1641.65,-610.334,336.721,1616.4,-504.138,493.849,1653.89,-598.656,543.991,1633.24
158,0,-122.2,302.363,1052.31,-143.068,227.915,997.755,-164.384,153.567,941.552,-171.682,128.568,922.992,,,,,,,,,,,,,-553.767,206.023,815.353,-522.088,254.781,830.86,-543.313,211.691,777.11,-512.351,259.51,792.37,-509.687,374.16,1641.66,-610.476,336.761,1616.29,-504.166,493.842,1653.89,-598.673,543.983,1633.25
159,0,-122.032,302.387,1052.12,-142.86,227.96,997.612,-164.242,153.546,941.527,-171.72,128.313,922.993,,,,,,,,,,,,,-553.86,206.041,815.303,-522.208,254.794,830.809,-543.491,211.54,777.117,-512.451,259.525,792.326,-509.698,374.157,1641.68,-610.318,336.691,1616.35,-504.183,493.851,1653.89,-598.702,543.985,1633.26
160,0,-121.871,302.554,1051.96,-142.769,227.988,997.468,-164.143,153.578,941.486,-171.67,128.323,922.994,,,,,,,,,,,,,-553.946,206.043,815.274,-522.288,254.813,830.772,-543.535,211.753,777.064,-512.512,259.516,792.382,-509.716,374.165,1641.69,-610.369,336.705,1616.4,-504.22,493.85,1653.92,-598.739,543.98,1633.26
161,0,-121.638,302.736,1051.7,-142.576,228.143,997.311,-164.068,153.609,941.449,-171.615,128.33,922.995,,,,,,,,,,,,,-554.036,206.062,815.286,-522.396,254.831,830.75,-543.648,211.824,776.968,-512.619,259.535,792.342,-509.724,374.178,1641.69,-610.561,336.681,1616.36,-504.248,493.848,1653.93,-598.77,543.974,1633.26
162,0,-121.42,302.891,1051.47,-142.474,228.19,997.197,-164.013,153.637,941.412,-171.579,128.338,922.994,,,,,,,,,,,,,-554.162,206.067,815.263,-522.479,254.814,830.719,-543.79,211.838,776.945,-512.681,259.529,792.363,-509.737,374.166,1641.7,-610.577,336.688,1616.38,-504.271,493.859,1653.94,-598.79,543.965,1633.27
163,0,-121.24,303.015,1051.31,-142.328,228.288,997.036,-163.96,153.664,941.395,-171.54,128.355,922.998,,,,,,,,,,,,,-554.275,206.064,815.177,-522.62,254.852,830.679,-543.857,211.881,776.925,-512.794,259.51,792.284,-509.735,374.179,1641.71,-610.357,336.727,1616.39,-504.295,493.87,1653.94,-598.82,543.961,1633.27
164,0,-121.062,303.127,1051.18,-142.193,228.356,996.903,-163.863,153.668,941.374,-171.461,128.338,922.993,,,,,,,,,,,,,-554.398,206.094,815.139,-522.716,254.858,830.64,-543.993,211.905,776.854,-512.866,259.475,792.296,-509.745,374.173,1641.72,-610.398,336.682,1616.43,-504.316,493.87,1653.95,-598.853,543.952,1633.27
165,0,-120.839,303.193,1051.04,-142.03,228.398,996.763,-163.737,153.657,941.376,-171.365,128.328,923.01,,,,,,,,,,,,,-554.532,206.11,815.068,-522.84,254.865,830.573,-544.314,211.505,776.882,-512.939,259.487,792.254,-509.757,374.185,1641.71,-610.507,336.714,1616.29,-504.333,493.869,1653.97,-598.889,543.974,1633.31
166,0,-120.593,303.277,1050.92,-141.79,228.426,996.692,-163.587,153.607,941.399,-171.167,128.16,922.955,,,,,,,,,,,,,-554.647,206.109,815.064,-522.969,254.853,830.565,-544.41,211.55,776.856,-513.028,259.434,792.233,-509.751,374.181,1641.7,-610.353,336.597,1616.33,-504.336,493.87,1653.97,-598.899,543.95,1633.31
167,0,-120.378,303.301,1050.84,-141.566,228.412,996.685,-163.37,153.539,941.443,-170.959,128.091,922.99,,,,,,,,,,,,,-554.792,206.142,815.051,-523.077,254.847,830.525,-544.532,211.606,776.838,-513.115,259.399,792.261,-509.747,374.17,1641.7,-610.636,336.681,1616.13,-504.353,493.862,1653.97,-598.916,543.943,1633.32
168,0,-120.279,303.275,1050.92,-141.33,228.349,996.702,-163.087,153.413,941.514,-170.686,128.029,923.007,,,,,,,,,,,,,-554.947,206.134,815.043,-523.205,254.842,830.509,-544.703,211.619,776.797,-513.216,259.376,792.242,-509.765,374.165,1641.67,-610.335,336.628,1616.29,-504.368,493.861,1653.98,-598.936,543.924,1633.33
169,0,-120.09,303.136,1050.94,-141.109,228.254,996.737,-162.674,153.221,941.512,-170.082,128.125,922.977,,,,,,,,,,,,,-555.096,206.124,815.001,-523.296,254.824,830.484,-544.774,211.726,776.728,-513.32,259.388,792.188,-509.771,374.165,1641.65,-610.593,336.592,1616.32,-504.376,493.845,1653.96,-598.941,543.921,1633.32
170,0,-119.934,302.998,1050.96,-140.793,228.161,996.68,-162.249,152.935,941.611,-169.615,128.137,922.972,,,,,,,,,,,,,-555.218,206.125,815.003,-523.385,254.833,830.468,-544.932,211.682,776.675,-513.431,259.428,792.126,-509.774,374.151,1641.65,-610.373,336.572,1616.31,-504.396,493.816,1653.95,-598.945,543.878,1633.3
171,0,-119.77,302.873,1051.03,-140.434,228.069,996.664,-161.758,152.701,941.642,-169.201,127.887,923.02,,,,,,,,,,,,,-555.327,206.124,814.934,-523.454,254.87,830.323,-544.936,211.895,776.654,-513.516,259.381,792.124,-509.765,374.127,1641.64,-610.549,336.571,1616.23,-504.41,493.796,1653.95,-598.958,543.863,1633.3
172,0,-119.596,302.841,1051.1,-140.199,227.875,996.716,-161.33,152.526,941.503,-168.916,127.475,922.99,,,,,,,,,,,,,-555.972,204.611,815.949,-523.534,254.854,830.328,-545.059,211.866,776.633,-513.594,259.34,792.137,-509.791,374.099,1641.63,-610.372,336.54,1616.26,-504.373,493.71,1654.02,-598.961,543.852,1633.31
173,0,-119.554,302.641,1051.18,-140.008,227.626,996.774,-160.944,152.38,941.365,-168.569,127.274,923.029,,,,,,,,,,,,,-555.533,206.092,814.859,-523.622,254.881,830.306,-545.137,211.98,776.591,-513.705,259.385,792.07,-509.801,374.097,1641.6,-610.74,336.595,1616.13,-504.349,493.671,1654,-598.989,543.839,1633.29
174,0,-119.393,302.536,1051.08,-139.814,227.383,996.736,-160.641,152.209,941.284,-168.295,127,923.054,,,,,,,,,,,,,-555.622,206.119,814.87,-523.694,254.844,830.331,-545.297,211.811,776.569,-513.813,259.459,791.943,-509.825,374.07,1641.57,-610.415,336.475,1616.21,-504.36,493.645,1654.01,-598.988,543.813,1633.29
175,0,-119.292,302.424,1051.04,-139.746,227.11,996.678,-160.372,152.069,941.218,-168.019,126.761,923.076,,,,,,,,,,,,,-555.607,206.195,814.692,-523.739,254.871,830.321,-545.307,212.05,776.509,-513.908,259.551,791.842,-509.846,374.051,1641.56,-610.787,336.545,1616.07,-504.413,493.626,1654,-599.004,543.786,1633.26
176,0,-119.22,302.292,1051.04,-139.563,226.946,996.622,-160.09,151.861,941.138,-167.632,126.642,923.11,,,,,,,,,,,,,-555.664,206.215,814.657,-523.791,254.876,830.263,-545.279,212.255,776.504,-513.996,259.597,791.82,-509.858,374.032,1641.54,-610.474,336.445,1616.21,-504.441,493.607,1653.99,-599.043,543.789,1633.26
177,0,-119.156,302.136,1050.99,-139.417,226.798,996.469,-159.86,151.642,941.048,-167.409,126.39,923.085,,,,,,,,,,,,,-555.734,206.239,814.651,-523.836,254.902,830.245,-545.32,212.274,776.487,-514.057,259.677,791.766,-509.873,374.037,1641.51,-610.632,336.484,1616.17,-504.526,493.714,1653.84,-599.053,543.756,1633.23
178,0,-119.086,301.932,1050.89,-139.223,226.671,996.308,-159.663,151.428,940.956,-167.355,125.964,923.077,,,,,,,,,,,,,-555.738,206.287,814.593,-523.864,254.892,830.254,-545.351,212.306,776.446,-514.072,259.599,791.817,-509.884,374.003,1641.5,-610.559,336.411,1616.23,-504.551,493.697,1653.83,-599.083,543.738,1633.22
179,0,-119.064,301.764,1050.8,-139.089,226.545,996.141,-159.473,151.2,940.835,-167.019,125.972,923.066,,,,,,,,,,,,,-555.764,206.321,814.576,-523.902,254.927,830.217,-545.402,212.298,776.413,-514.107,259.652,791.775,-509.919,374,1641.47,-610.818,336.524,1615.99,-504.59,493.682,1653.82,-599.139,543.737,1633.23
180,0,-119.032,301.587,1050.68,-138.965,226.37,996.016,-159.294,150.914,940.662,-166.99,125.44,923.056,,,,,,,,,,,,,-555.777,206.379,814.522,-523.904,254.931,830.224,-545.421,212.305,776.407,-514.117,259.659,791.783,-509.935,373.999,1641.46,-610.782,336.357,1616.22,-504.622,493.685,1653.81,-599.185,543.719,1633.23
181,0,-119.024,301.36,1050.62,-138.822,226.206,995.883,-159.135,150.684,940.501,-166.777,125.041,923.049,,,,,,,,,,,,,-555.778,206.394,814.521,-523.935,254.953,830.21,-545.43,212.328,776.383,-514.139,259.7,791.753,-509.979,374.005,1641.45,-610.899,336.411,1616.03,-504.575,493.576,1653.9,-599.227,543.714,1633.22
182,0,-118.996,301.094,1050.5,-138.768,225.954,995.745,-159.02,150.405,940.381,-166.596,124.738,923.017,,,,,,,,,,,,,-555.801,206.419,814.479,-523.94,254.983,830.196,-545.429,212.344,776.389,-514.156,259.729,791.721,-510.002,374.006,1641.44,-610.631,336.347,1616.13,-504.612,493.571,1653.89,-599.317,543.718,1633.27
183,0,-119.002,300.81,1050.34,-138.679,225.688,995.559,-158.917,150.156,940.298,-166.466,124.447,923.012,,,,,,,,,,,,,-555.793,206.444,814.484,-523.961,254.976,830.217,-545.435,212.359,776.382,-514.151,259.744,791.753,-510.042,373.996,1641.46,-610.658,336.408,1616.11,-504.654,493.576,1653.91,-599.382,543.709,1633.26
184,0,-119.009,300.524,1050.23,-138.578,225.492,995.42,-158.864,149.91,940.219,-166.254,124.3,923.013,,,,,,,,,,,,,-555.776,206.491,814.47,-523.934,254.991,830.229,-545.583,212.023,776.363,-514.174,259.813,791.732,-510.107,374.013,1641.47,-610.884,336.482,1616.03,-504.72,493.586,1653.91,-599.457,543.704,1633.28
185,0,-119.004,300.275,1050.09,-138.553,225.262,995.287,-158.801,149.695,940.146,-166.215,124.137,923.019,,,,,,,,,,,,,-555.75,206.538,814.434,-523.922,255.047,830.207,-545.553,212.103,776.353,-514.176,259.86,791.734,-510.151,374.036,1641.48,-610.718,336.394,1616.12,-504.762,493.59,1653.93,-599.555,543.7,1633.29
186,0,-119.001,300.005,1049.99,-138.505,225.088,995.146,-158.758,149.509,940.14,-166.143,123.908,922.997,,,,,,,,,,,,,-555.706,206.583,814.432,-523.912,255.064,830.239,-545.561,212.062,776.385,-514.155,259.944,791.733,-510.199,374.036,1641.49,-611.06,336.424,1616.03,-504.829,493.599,1653.94,-599.643,543.692,1633.3
187,0,-119.041,299.76,1049.96,-138.375,224.983,994.906,-158.711,149.387,940.086,-166.081,123.693,922.994,,,,,,,,,,,,,-555.684,206.635,814.445,-523.898,255.082,830.215,-545.572,212.003,776.383,-514.143,259.993,791.743,-510.251,374.051,1641.51,-610.94,336.36,1616.2,-504.887,493.606,1653.97,-599.715,543.688,1633.31
188,0,-119.039,299.633,1049.85,-138.427,224.826,994.863,-158.693,149.277,940.058,-166.043,123.356,922.993,,,,,,,,,,,,,-555.646,206.654,814.477,-523.863,255.128,830.243,-545.493,212.145,776.417,-514.131,260.023,791.766,-510.3,374.042,1641.57,-610.876,336.343,1616.18,-504.968,493.609,1654.01,-599.796,543.682,1633.33
189,0,-119.029,299.502,1049.74,-138.421,224.734,994.767,-158.676,149.154,940.054,-166.018,123.165,923.003,,,,,,,,,,,,,-555.606,206.701,814.466,-523.847,255.181,830.268,-545.461,212.148,776.4,-514.109,260.081,791.817,-510.372,374.061,1641.58,-610.909,336.362,1616.16,-505.013,493.614,1654.03,-599.882,543.665,1633.33
190,0,-119.053,299.358,1049.68,-138.406,224.65,994.679,-158.683,149.081,940.058,-165.968,122.913,922.784,,,,,,,,,,,,,-555.583,206.709,814.496,-523.843,255.227,830.257,-545.474,212.087,776.408,-514.116,260.143,791.713,-510.425,374.063,1641.6,-611.117,336.402,1616.04,-505.213,493.682,1654.11,-599.945,543.665,1633.34
191,0,-119.054,299.261,1049.61,-138.426,224.568,994.57,-158.735,148.983,940.062,-165.997,122.798,922.767,,,,,,,,,,,,,-555.543,206.733,814.512,-523.789,255.268,830.294,-545.414,212.132,776.443,-514.078,260.212,791.797,-510.478,374.085,1641.62,-610.984,336.335,1616.2,-505.184,493.652,1654.07,-600.028,543.655,1633.35
192,0,-119.085,299.154,1049.52,-138.471,224.488,994.467,-158.846,148.857,940.063,-166.097,122.682,922.789,,,,,,,,,,,,,-555.498,206.754,814.487,-523.779,255.307,830.291,-545.426,212.047,776.418,-514.056,260.242,791.851,-510.528,374.08,1641.66,-611.304,336.421,1616.04,-505.339,493.749,1654.03,-600.106,543.648,1633.35
193,0,-119.085,299.112,1049.37,-138.565,224.373,994.39,-159.018,148.698,940.049,-166.293,122.662,922.785,,,,,,,,,,,,,-555.449,206.802,814.517,-523.758,255.322,830.305,-545.353,212.176,776.446,-514.056,260.259,791.81,-510.579,374.112,1641.69,-611.1,336.331,1616.26,-505.383,493.769,1654.05,-600.181,543.639,1633.37
194,0,-119.058,299.106,1049.2,-138.694,224.278,994.328,-159.231,148.581,940.057,-166.562,122.613,922.95,,,,,,,,,,,,,-555.432,206.783,814.555,-523.743,255.348,830.329,-545.315,212.24,776.458,-514.022,260.292,791.836,-510.634,374.125,1641.7,-611.118,336.362,1616.27,-505.449,493.79,1654.06,-600.255,543.643,1633.37
195,0,-119.102,299.054,1049.11,-138.805,224.212,994.237,-159.433,148.499,940.031,-166.931,122.378,922.941,,,,,,,,,,,,,-555.393,206.828,814.504,-523.73,255.348,830.32,-545.37,212.077,776.46,-513.988,260.33,791.824,-510.689,374.164,1641.72,-611.383,336.39,1616.13,-505.522,493.802,1654.08,-600.335,543.632,1633.4
196,0,-119.111,299.024,1049.01,-138.904,224.15,994.167,-159.595,148.448,940.014,-167,122.504,922.944,,,,,,,,,,,,,-555.37,206.829,814.525,-523.707,255.378,830.314,-545.332,212.055,776.478,-513.965,260.33,791.844,-510.706,374.17,1641.76,-611.21,336.361,1616.24,-505.581,493.827,1654.1,-600.419,543.631,1633.43
197,0,-119.117,298.972,1048.99,-138.96,224.124,994.139,-159.707,148.441,940.014,-167.267,122.321,922.957,,,,,,,,,,,,,-555.328,206.839,814.522,-523.701,255.366,830.322,-545.336,212.041,776.467,-513.973,260.366,791.833,-510.754,374.188,1641.79,-611.21,336.399,1616.18,-505.638,493.854,1654.13,-600.491,543.631,1633.47
198,0,-119.016,298.982,1048.92,-138.893,224.112,994.091,-159.726,148.433,939.991,-167.301,122.317,922.95,,,,,,,,,,,,,-555.314,206.837,814.593,-523.665,255.383,830.361,-545.447,211.674,776.459,-513.954,260.391,791.846,-510.796,374.214,1641.82,-611.233,336.346,1616.38,-505.717,493.873,1654.14,-600.576,543.634,1633.48
199,0,-118.913,298.965,1048.91,-138.859,224.126,994.086,-159.693,148.442,939.991,-167.295,122.321,922.953,,,,,,,,,,,,,-555.292,206.817,814.616,-523.659,255.397,830.348,-545.286,211.987,776.508,-513.927,260.382,791.833,-510.839,374.253,1641.82,-611.189,336.296,1616.32,-505.771,493.913,1654.17,-600.643,543.636,1633.52
200,0,-118.808,298.997,1048.88,-138.809,224.146,994.078,-159.681,148.479,939.981,-167.292,122.351,922.955,,,,,,,,,,,,,-555.244,206.831,814.623,-523.623,255.395,830.333,-545.329,211.779,776.517,-513.931,260.416,791.842,-510.857,374.29,1641.86,-611.189,336.33,1616.36,-505.829,493.926,1654.21,-600.723,543.632,1633.56
201,0,-118.726,299.007,1048.87,-138.774,224.184,994.079,-159.69,148.514,939.986,-167.298,122.379,922.95,,,,,,,,,,,,,-555.221,206.792,814.665,-523.627,255.386,830.339,-545.353,211.745,776.533,-513.908,260.411,791.887,-510.876,374.339,1641.88,-611.215,336.328,1616.41,-505.898,493.974,1654.23,-600.79,543.639,1633.57
202,0,-118.65,299.038,1048.9,-138.74,224.212,994.094,-159.693,148.568,939.99,-167.314,122.421,922.951,,,,,,,,,,,,,-555.177,206.75,814.721,-523.601,255.385,830.391,-545.356,211.672,776.561,-513.902,260.404,791.912,-510.922,374.415,1641.89,-611.215,336.24,1616.44,-505.948,494.015,1654.27,-600.848,543.632,1633.58
203,0,-118.59,299.044,1048.93,-138.689,224.26,994.105,-159.699,148.627,939.986,-167.29,122.371,922.748,,,,,,,,,,,,,-555.152,206.74,814.752,-523.569,255.378,830.413,-545.329,211.621,776.582,-513.855,260.353,791.954,-510.925,374.474,1641.91,-611.179,336.35,1616.47,-505.961,493.979,1654.37,-600.914,543.626,1633.61
204,0,-118.545,299.058,1048.91,-138.742,224.276,994.131,-159.755,148.698,939.998,-167.345,122.441,922.738,,,,,,,,,,,,,-555.136,206.682,814.8,-523.555,255.371,830.462,-544.802,212.792,776.628,-513.838,260.368,792.006,-510.939,374.535,1641.93,-611.299,336.485,1616.26,-506.085,494.117,1654.33,-600.999,543.65,1633.62
205,0,-118.471,299.135,1048.9,-138.706,224.408,994.121,-159.833,148.777,940.038,-167.462,122.507,922.742,,,,,,,,,,,,,-555.09,206.655,814.852,-523.53,255.38,830.489,-544.816,212.777,776.658,-513.84,260.382,792.011,-510.941,374.59,1641.98,-611.124,336.282,1616.47,-506.091,494.095,1654.45,-601.083,543.657,1633.66
206,0,-118.409,299.228,1048.89,-138.707,224.51,994.1,-159.934,148.868,940.043,-167.569,122.581,922.768,,,,,,,,,,,,,-555.035,206.671,814.838,-523.509,255.354,830.491,-544.763,212.734,776.679,-513.813,260.383,792.036,-510.946,374.685,1641.98,-611.108,336.352,1616.51,-506.163,494.163,1654.46,-601.155,543.672,1633.67
207,0,-118.337,299.317,1048.91,-138.742,224.616,994.111,-160.047,149.006,940.06,-167.78,122.742,922.979,,,,,,,,,,,,,-555.108,206.279,815.222,-523.463,255.334,830.551,-544.743,212.691,776.692,-513.743,260.285,792.127,-510.935,374.744,1642,-611.102,336.332,1616.55,-506.223,494.23,1654.51,-601.238,543.664,1633.65
208,0,-118.276,299.435,1048.9,-138.745,224.729,994.064,-160.173,149.155,940.08,-167.919,122.847,922.98,,,,,,,,,,,,,-555.002,206.458,815.06,-523.44,255.316,830.575,-544.683,212.665,776.682,-513.724,260.266,792.123,-510.909,374.851,1642.01,-611.184,336.405,1616.48,-506.295,494.323,1654.51,-601.328,543.695,1633.68
209,0,-118.174,299.618,1048.93,-138.763,224.844,994.119,-160.257,149.309,940.063,-168.051,123.006,922.99,,,,,,,,,,,,,-554.946,206.402,815.083,-523.399,255.287,830.569,-544.666,212.646,776.739,-513.697,260.197,792.164,-510.888,374.929,1642.03,-610.991,336.47,1616.51,-506.347,494.403,1654.52,-601.382,543.697,1633.66
210,0,-118.043,299.741,1048.93,-138.75,224.987,994.167,-160.351,149.468,940.095,-168.169,123.197,922.984,,,,,,,,,,,,,-554.951,206.346,815.133,-523.371,255.25,830.571,-544.635,212.575,776.777,-513.636,260.115,792.235,-510.866,375.008,1642.04,-611.024,336.462,1616.51,-506.41,494.5,1654.53,-601.479,543.719,1633.68
211,0,-117.887,299.927,1048.96,-138.742,225.162,994.225,-160.414,149.65,940.093,-168.274,123.416,922.973,,,,,,,,,,,,,-554.896,206.285,815.107,-523.326,255.202,830.6,-544.591,212.518,776.789,-513.591,260.157,792.186,-510.843,375.097,1642.05,-611.053,336.472,1616.6,-506.464,494.577,1654.53,-601.582,543.751,1633.68
212,0,-117.651,300.221,1048.97,-138.752,225.345,994.276,-160.489,149.838,940.095,-168.353,123.65,922.964,,,,,,,,,,,,,-554.901,206.189,815.183,-523.318,255.145,830.593,-544.583,212.462,776.81,-513.542,260.052,792.218,-510.8,375.16,1642.11,-611.026,336.447,1616.58,-506.527,494.661,1654.54,-601.667,543.773,1633.7
213,0,-117.561,300.275,1049.08,-138.763,225.505,994.335,-160.597,150.033,940.121,-168.469,123.858,922.95,,,,,,,,,,,,,-554.849,206.13,815.193,-523.263,255.121,830.531,-544.518,212.377,776.823,-513.516,260.01,792.194,-510.806,375.267,1642.1,-610.978,336.519,1616.57,-506.563,494.756,1654.58,-601.759,543.798,1633.7
214,0,-117.407,300.441,1049.13,-138.784,225.68,994.338,-160.713,150.26,940.1,-168.576,124.13,922.978,,,,,,,,,,,,,-554.767,206.092,815.17,-523.234,255.005,830.622,-544.503,212.297,776.835,-513.441,259.844,792.27,-510.785,375.328,1642.14,-610.818,336.516,1616.57,-506.642,494.839,1654.59,-601.86,543.835,1633.71
215,0,-117.315,300.544,1049.2,-138.8,225.827,994.374,-160.856,150.455,940.116,-168.736,124.351,922.98,,,,,,,,,,,,,-554.682,206.044,815.145,-523.158,254.961,830.609,-544.465,212.187,776.853,-513.381,259.789,792.23,-510.775,375.382,1642.17,-610.928,336.573,1616.48,-506.693,494.897,1654.61,-601.913,543.839,1633.71
216,0,-117.212,300.644,1049.24,-138.77,225.952,994.435,-160.942,150.593,940.133,-168.813,124.578,922.997,,,,,,,,,,,,,-554.627,206.003,815.14,-523.094,254.939,830.553,-544.396,212.081,776.862,-513.314,259.713,792.224,-510.791,375.476,1642.2,-610.892,336.507,1616.6,-506.759,494.96,1654.65,-602.003,543.859,1633.74
217,0,-117.135,300.728,1049.27,-138.765,226.096,994.456,-161.041,150.748,940.136,-168.947,124.763,923,,,,,,,,,,,,,-554.552,205.958,815.088,-523,254.92,830.525,-544.506,211.549,776.841,-513.268,259.701,792.175,-510.795,375.517,1642.26,-610.908,336.506,1616.69,-506.808,495.006,1654.69,-602.083,543.866,1633.74
218,0,-117.093,300.8,1049.3,-138.811,226.178,994.476,-161.14,150.875,940.128,-169.095,125.002,923.043,,,,,,,,,,,,,-554.456,205.913,815.011,-522.926,254.869,830.519,-544.362,211.67,776.835,-513.166,259.581,792.208,-510.788,375.567,1642.3,-610.833,336.521,1616.61,-506.869,495.033,1654.74,-602.164,543.86,1633.76
219,0,-117.063,300.844,1049.34,-138.839,226.25,994.512,-161.226,150.951,940.127,-169.159,125.048,923.006,,,,,,,,,,,,,-554.412,205.841,814.967,-522.827,254.827,830.51,-544.148,211.838,776.761,-513.1,259.574,792.158,-510.804,375.598,1642.33,-610.715,336.466,1616.72,-506.926,495.057,1654.77,-602.226,543.848,1633.77
220,0,-117.058,300.935,1049.37,-138.883,226.334,994.556,-161.335,151.087,940.176,-169.257,125.21,922.983,,,,,,,,,,,,,-554.318,205.821,814.908,-522.704,254.758,830.491,-544.026,211.872,776.709,-513.023,259.542,792.131,-510.815,375.634,1642.36,-610.795,336.504,1616.65,-506.997,495.068,1654.82,-602.295,543.846,1633.8
221,0,-117.045,301.004,1049.41,-138.921,226.444,994.566,-161.442,151.238,940.192,-169.152,125.52,922.774,,,,,,,,,,,,,-554.233,205.819,814.913,-522.61,254.726,830.489,-543.934,211.79,776.741,-512.946,259.563,792.089,-510.833,375.646,1642.39,-610.812,336.475,1616.67,-507.056,495.087,1654.85,-602.357,543.839,1633.81
222,0,-117.012,301.105,1049.41,-139.006,226.587,994.602,-161.619,151.408,940.208,-169.522,125.642,923.003,,,,,,,,,,,,,-554.145,205.813,814.934,-522.532,254.672,830.468,-543.834,211.746,776.728,-512.861,259.557,792.078,-510.815,375.652,1642.41,-610.867,336.44,1616.74,-507.132,495.111,1654.85,-602.407,543.813,1633.81
223,0,-117.001,301.255,1049.44,-139.191,226.739,994.719,-161.819,151.619,940.191,-169.729,125.858,923.031,,,,,,,,,,,,,-554.054,205.791,814.911,-522.422,254.644,830.471,-543.764,211.734,776.688,-512.784,259.571,792.036,-510.837,375.635,1642.41,-610.735,336.343,1616.79,-507.179,495.119,1654.87,-602.471,543.778,1633.81
224,0,-116.994,301.434,1049.49,-139.322,226.962,994.75,-162.034,151.867,940.257,-169.827,126.234,923.063,,,,,,,,,,,,,-553.944,205.817,814.911,-522.344,254.636,830.473,-543.664,211.779,776.698,-512.716,259.6,791.991,-510.86,375.632,1642.42,-610.701,336.341,1616.76,-507.217,495.122,1654.89,-602.53,543.717,1633.82
225,0,-116.997,301.563,1049.59,-139.457,227.17,994.808,-162.25,152.081,940.294,-170.239,126.364,923.078,,,,,,,,,,,,,-553.842,205.824,814.924,-522.235,254.625,830.484,-543.537,211.76,776.677,-512.635,259.646,791.962,-510.868,375.621,1642.43,-610.96,336.384,1616.71,-507.294,495.121,1654.9,-602.594,543.69,1633.84
226,0,-116.966,301.715,1049.62,-139.586,227.369,994.867,-162.451,152.318,940.282,-170.508,126.632,923.041,,,,,,,,,,,,,-553.717,205.874,814.903,-522.15,254.635,830.528,-543.414,211.822,776.681,-512.533,259.673,791.934,-510.886,375.598,1642.43,-610.686,336.302,1616.69,-507.328,495.135,1654.87,-602.671,543.676,1633.88
227,0,-116.973,301.856,1049.7,-139.707,227.557,994.928,-162.659,152.552,940.314,-170.76,126.934,923.057,,,,,,,,,,,,,-553.634,205.87,814.97,-522.038,254.645,830.523,-543.301,211.834,776.694,-512.444,259.709,791.962,-510.906,375.558,1642.44,-610.746,336.248,1616.71,-507.397,495.165,1654.79,-602.725,543.629,1633.89
228,0,-116.968,301.966,1049.77,-139.791,227.729,994.967,-162.842,152.763,940.354,-170.964,127.164,923.085,,,,,,,,,,,,,-553.525,205.897,815.004,-521.982,254.672,830.541,-543.131,211.913,776.66,-512.369,259.73,791.922,-510.939,375.53,1642.45,-610.947,336.228,1616.72,-507.443,495.122,1654.79,-602.766,543.563,1633.88
229,0,-116.995,302.04,1049.89,-139.863,227.833,995.052,-162.948,152.902,940.349,-171.093,127.281,923.112,,,,,,,,,,,,,-553.399,205.901,815.008,-521.905,254.685,830.537,-543.038,211.927,776.65,-512.259,259.762,791.989,-510.961,375.461,1642.47,-610.938,336.211,1616.65,-507.5,495.07,1654.81,-602.83,543.517,1633.91
230,0,-117.003,302.072,1049.94,-139.916,227.881,995.099,-163.021,152.989,940.346,-171.196,127.34,923.119,,,,,,,,,,,,,-553.287,205.974,815,-521.832,254.75,830.557,-542.953,211.939,776.623,-512.206,259.83,791.967,-511.004,375.397,1642.47,-610.967,336.12,1616.63,-507.549,495.015,1654.82,-602.876,543.475,1633.92
231,0,-117.013,302.07,1049.98,-139.943,227.891,995.125,-163.058,153.018,940.362,-171.257,127.336,923.128,,,,,,,,,,,,,-553.198,205.976,815.005,-521.773,254.799,830.548,-542.853,211.99,776.635,-512.136,259.861,791.926,-511.048,375.313,1642.5,-610.985,336.083,1616.62,-507.588,494.946,1654.83,-602.91,543.415,1633.95
232,0,-117.031,302.039,1050.01,-139.978,227.867,995.156,-163.092,153.009,940.372,-171.287,127.319,923.114,,,,,,,,,,,,,-553.125,205.976,814.978,-521.701,254.817,830.541,-542.78,212.043,776.572,-512.075,259.9,791.958,-511.105,375.206,1642.51,-611.092,336.019,1616.6,-507.621,494.875,1654.86,-602.729,543.142,1633.71
233,0,-117.046,302.015,1050.04,-139.986,227.848,995.173,-163.084,152.979,940.368,-171.286,127.296,923.105,,,,,,,,,,,,,-553.101,206.017,815.003,-521.672,254.863,830.531,-542.718,212.121,776.601,-512.024,259.946,791.984,-511.176,375.161,1642.48,-611.076,335.971,1616.62,-507.654,494.803,1654.89,-602.736,543.093,1633.72
234,0,-117.068,301.966,1050.07,-139.996,227.814,995.182,-163.075,152.95,940.367,-171.288,127.269,923.097,,,,,,,,,,,,,-553.047,206.048,814.984,-521.627,254.942,830.517,-542.69,212.147,776.592,-511.97,260.003,791.985,-511.222,375.06,1642.49,-611.036,335.829,1616.72,-507.65,494.664,1655,-602.937,543.197,1633.94
235,0,-117.11,301.915,1050.1,-140.041,227.764,995.211,-163.089,152.893,940.371,-171.293,127.232,923.088,,,,,,,,,,,,,-552.976,206.136,814.881,-521.606,255.026,830.491,-542.669,212.194,776.581,-511.969,260.07,791.981,-511.266,374.948,1642.5,-611.068,335.813,1616.66,-507.655,494.566,1655.01,-602.778,542.981,1633.77
236,0,-117.135,301.883,1050.12,-140.074,227.733,995.234,-163.101,152.861,940.382,-171.301,127.203,923.099,,,,,,,,,,,,,-552.939,206.184,814.85,-521.599,255.116,830.463,-542.63,212.27,776.568,-511.958,260.105,791.979,-511.325,374.852,1642.51,-611.248,335.751,1616.61,-507.66,494.486,1655.01,-602.777,542.921,1633.77
237,0,-117.155,301.859,1050.13,-140.08,227.705,995.256,-163.103,152.837,940.382,-171.3,127.18,923.094,,,,,,,,,,,,,-552.886,206.282,814.792,-521.611,255.206,830.448,-542.625,212.288,776.558,-511.957,260.186,791.98,-511.39,374.762,1642.5,-611.216,335.694,1616.66,-507.674,494.4,1655.01,-602.78,542.862,1633.78
238,0,-117.151,301.802,1050.13,-140.1,227.663,995.272,-163.115,152.784,940.394,-171.315,127.141,923.09,,,,,,,,,,,,,-552.888,206.336,814.793,-521.62,255.275,830.421,-542.603,212.376,776.551,-511.963,260.224,791.99,-511.455,374.682,1642.51,-611.238,335.62,1616.62,-507.68,494.322,1655.02,-602.758,542.808,1633.79
239,0,-117.2,301.757,1050.16,-140.112,227.613,995.25,-163.126,152.724,940.4,-171.337,127.097,923.081,,,,,,,,,,,,,-552.902,206.374,814.815,-521.632,255.358,830.408,-542.615,212.395,776.536,-511.979,260.26,791.967,-511.476,374.584,1642.51,-611.291,335.515,1616.61,-507.673,494.256,1655.02,-602.936,542.903,1633.99
240,0,-117.271,301.676,1050.16,-140.182,227.553,995.244,-163.194,152.644,940.408,-171.38,127.022,923.086,,,,,,,,,,,,,-552.911,206.416,814.798,-521.678,255.416,830.392,-542.618,212.459,776.512,-511.979,260.313,792.009,-511.521,374.503,1642.53,-611.375,335.487,1616.68,-507.675,494.188,1655.02,-602.755,542.682,1633.81
241,0,-117.313,301.614,1050.12,-140.277,227.469,995.235,-163.281,152.548,940.43,-171.467,126.961,923.079,,,,,,,,,,,,,-552.946,206.477,814.787,-521.711,255.487,830.379,-542.841,212.015,776.507,-512.022,260.363,792.008,-511.545,374.426,1642.54,-611.614,335.514,1616.59,-507.693,494.118,1655.05,-602.762,542.625,1633.82
242,0,-117.387,301.561,1050.11,-140.357,227.407,995.215,-163.385,152.49,940.429,-171.57,126.883,923.076,,,,,,,,,,,,,-553.007,206.51,814.781,-521.75,255.561,830.36,-542.884,212.065,776.545,-512.06,260.388,792.021,-511.561,374.374,1642.53,-611.809,335.426,1616.62,-507.719,494.068,1655.08,-602.94,542.731,1634.03
243,0,-117.418,301.473,1050.08,-140.435,227.348,995.191,-163.489,152.429,940.438,-171.684,126.83,923.075,,,,,,,,,,,,,-553.061,206.536,814.8,-521.818,255.595,830.386,-542.713,212.559,776.592,-512.132,260.488,791.989,-511.587,374.325,1642.53,-611.423,335.371,1616.61,-507.738,494.022,1655.09,-602.947,542.678,1634.01
244,0,-117.438,301.434,1050.02,-140.516,227.253,995.218,-163.551,152.355,940.444,-171.668,126.79,922.835,,,,,,,,,,,,,-553.127,206.581,814.768,-521.875,255.635,830.4,-542.957,212.217,776.545,-512.197,260.512,792.009,-511.59,374.295,1642.53,-611.71,335.356,1616.7,-507.752,493.98,1655.1,-602.962,542.64,1634.01
245,0,-117.426,301.388,1049.94,-140.525,227.201,995.185,-163.57,152.287,940.427,-171.718,126.836,922.892,,,,,,,,,,,,,-553.201,206.62,814.789,-521.962,255.637,830.368,-543.04,212.149,776.564,-512.261,260.537,792.004,-511.617,374.28,1642.53,-611.815,335.376,1616.58,-507.766,493.964,1655.09,-602.984,542.615,1634.02
246,0,-117.413,301.364,1049.89,-140.517,227.145,995.169,-163.54,152.211,940.413,-171.667,126.664,922.853,,,,,,,,,,,,,-553.287,206.625,814.762,-522.037,255.642,830.367,-543.107,212.232,776.549,-512.32,260.569,792.017,-511.632,374.262,1642.52,-611.68,335.348,1616.56,-507.798,493.932,1655.11,-603.029,542.591,1634.03
247,0,-117.359,301.345,1049.8,-140.475,227.124,995.107,-163.508,152.132,940.415,-171.697,126.657,923.082,,,,,,,,,,,,,-553.342,206.624,814.658,-522.116,255.664,830.41,-543.162,212.296,776.551,-512.426,260.592,791.989,-511.646,374.224,1642.54,-611.508,335.276,1616.61,-507.826,493.929,1655.1,-603.065,542.58,1634.02
248,0,-117.353,301.313,1049.76,-140.485,227.083,995.094,-163.506,152.058,940.409,-171.666,126.628,923.073,,,,,,,,,,,,,-553.45,206.619,814.669,-522.219,255.623,830.415,-543.267,212.298,776.541,-512.516,260.562,792.001,-511.635,374.21,1642.55,-611.901,335.257,1616.67,-507.849,493.912,1655.11,-603.098,542.557,1634.04
249,0,-117.346,301.317,1049.71,-140.482,227.051,995.076,-163.506,152.001,940.402,-171.669,126.596,923.079,,,,,,,,,,,,,-553.537,206.625,814.715,-522.317,255.617,830.413,-543.189,212.622,776.563,-512.577,260.523,791.991,-511.667,374.204,1642.55,-611.731,335.293,1616.64,-507.887,493.9,1655.13,-603.145,542.561,1634.04
250,0,-117.321,301.332,1049.65,-140.469,227.057,995.03,-163.509,151.98,940.387,-171.663,126.576,923.061,,,,,,,,,,,,,-553.681,206.551,814.694,-522.405,255.568,830.432,-543.315,212.604,776.555,-512.668,260.516,792.012,-511.692,374.207,1642.54,-611.877,335.3,1616.6,-507.925,493.895,1655.15,-603.198,542.558,1634.05
251,0,-117.305,301.315,1049.62,-140.452,227.055,994.995,-163.512,151.97,940.379,-171.673,126.561,923.062,,,,,,,,,,,,,-553.785,206.485,814.659,-522.518,255.517,830.425,-543.417,212.528,776.52,-512.743,260.473,792.031,-511.711,374.201,1642.56,-611.611,335.261,1616.66,-507.963,493.897,1655.16,-603.254,542.559,1634.08
252,0,-117.293,301.34,1049.6,-140.459,227.066,994.999,-163.523,151.968,940.372,-171.627,126.539,922.817,,,,,,,,,,,,,-553.887,206.435,814.719,-522.617,255.457,830.433,-543.516,212.487,776.526,-512.83,260.406,792.032,-511.738,374.191,1642.59,-612.029,335.231,1616.66,-508.013,493.9,1655.16,-603.312,542.561,1634.09
253,0,-117.269,301.331,1049.6,-140.457,227.081,994.989,-163.551,151.99,940.374,-171.743,126.519,923.068,,,,,,,,,,,,,-553.964,206.396,814.675,-522.695,255.411,830.429,-543.6,212.461,776.541,-512.915,260.334,792.04,-511.754,374.2,1642.58,-611.98,335.261,1616.68,-508.048,493.9,1655.17,-603.362,542.551,1634.08
254,0,-117.24,301.367,1049.6,-140.466,227.086,995.018,-163.583,152.039,940.379,-171.787,126.564,923.086,,,,,,,,,,,,,-554.073,206.321,814.674,-522.794,255.336,830.429,-543.714,212.388,776.557,-512.983,260.266,792.064,-511.787,374.191,1642.61,-611.66,335.167,1616.68,-508.073,493.91,1655.16,-603.406,542.55,1634.1
255,0,-117.233,301.367,1049.64,-140.479,227.127,995.043,-163.621,152.12,940.372,-171.835,126.593,923.103,,,,,,,,,,,,,-554.164,206.241,814.643,-522.918,255.21,830.371,-543.88,211.953,776.766,-513.065,260.209,792.016,-511.809,374.189,1642.6,-611.694,335.192,1616.68,-508.114,493.893,1655.17,-603.427,542.55,1634.1
256,0,-117.216,301.374,1049.67,-140.495,227.147,995.049,-163.669,152.168,940.379,-171.84,126.647,922.842,,,,,,,,,,,,,-554.243,206.178,814.639,-522.954,255.129,830.383,-543.951,212.193,776.533,-513.161,260.075,791.998,-511.826,374.181,1642.61,-611.717,335.161,1616.68,-508.13,493.881,1655.14,-603.466,542.545,1634.11
257,0,-117.207,301.4,1049.67,-140.507,227.193,995.053,-163.704,152.212,940.397,-171.868,126.703,922.859,,,,,,,,,,,,,-554.344,206.093,814.608,-523.07,255.045,830.37,-544.104,211.784,776.681,-513.238,259.947,791.999,-511.848,374.149,1642.6,-611.744,335.153,1616.7,-508.148,493.859,1655.14,-603.471,542.53,1634.11
258,0,-117.234,301.41,1049.75,-140.507,227.255,995.044,-163.769,152.268,940.4,-171.981,126.742,923.113,,,,,,,,,,,,,-554.492,205.975,814.628,-523.144,254.969,830.346,-544.201,212.045,776.535,-513.315,259.853,791.999,-511.863,374.118,1642.57,-612.027,335.176,1616.63,-508.159,493.808,1655.13,-603.462,542.505,1634.11
259,0,-117.223,301.427,1049.75,-140.573,227.235,995.118,-163.807,152.303,940.415,-171.968,126.796,922.85,,,,,,,,,,,,,-554.635,205.897,814.652,-523.244,254.888,830.291,-544.366,211.934,776.498,-513.41,259.722,792.005,-511.863,374.042,1642.54,-611.766,335.062,1616.62,-508.133,493.741,1655.08,-603.449,542.467,1634.09
260,0,-117.261,301.382,1049.83,-140.603,227.241,995.148,-163.845,152.326,940.419,-172.065,126.804,923.097,,,,,,,,,,,,,-554.786,205.799,814.65,-523.326,254.78,830.285,-544.522,211.813,776.496,-513.508,259.566,791.982,-511.856,373.965,1642.48,-612.083,335.089,1616.53,-508.088,493.639,1655.03,-603.352,542.413,1634.06
261,0,-117.341,301.351,1049.96,-140.636,227.212,995.181,-163.867,152.312,940.424,-172.099,126.791,923.089,,,,,,,,,,,,,-554.91,205.725,814.66,-523.429,254.673,830.294,-544.658,211.715,776.535,-513.639,259.443,791.939,-511.833,373.809,1642.44,-611.832,335.026,1616.58,-508.026,493.503,1654.94,-603.251,542.342,1634.03
262,0,-117.398,301.318,1050.05,-140.668,227.198,995.22,-163.87,152.321,940.428,-172.099,126.804,923.094,,,,,,,,,,,,,-555.049,205.625,814.684,-523.553,254.581,830.313,-544.757,211.642,776.507,-513.761,259.37,791.94,-511.86,373.702,1642.33,-611.864,334.888,1616.5,-507.936,493.339,1654.81,-603.073,542.25,1633.94
263,0,-117.447,301.285,1050.13,-140.689,227.17,995.271,-163.857,152.311,940.433,-172.096,126.794,923.075,,,,,,,,,,,,,-555.193,205.571,814.702,-523.619,254.498,830.331,-544.892,211.56,776.505,-513.847,259.262,791.926,-511.886,373.504,1642.19,-611.932,334.798,1616.46,-507.785,493.136,1654.61,-602.902,542.163,1633.92
264,0,-117.508,301.213,1050.21,-140.724,227.135,995.338,-163.864,152.295,940.456,-172.093,126.781,923.094,,,,,,,,,,,,,-555.298,205.514,814.645,-523.737,254.387,830.328,-545.013,211.467,776.508,-513.947,259.189,791.944,-511.934,373.252,1641.99,-612,334.719,1616.41,-507.581,492.901,1654.41,-602.649,542.04,1633.83
265,0,-117.578,301.183,1050.29,-140.706,227.156,995.316,-163.88,152.293,940.456,-172.051,126.79,922.839,,,,,,,,,,,,,-555.402,205.478,814.652,-523.806,254.316,830.341,-545.111,211.403,776.511,-514.076,259.207,791.893,-511.898,372.89,1641.74,-612.117,334.565,1616.37,-507.332,492.589,1654.24,-602.31,541.873,1633.74
266,0,-117.631,301.136,1050.34,-140.76,227.127,995.361,-163.9,152.294,940.467,-172.158,126.768,923.088,,,,,,,,,,,,,-555.472,205.458,814.621,-523.914,254.243,830.404,-545.23,211.382,776.523,-514.174,259.172,791.89,-511.838,372.53,1641.41,-612.222,334.391,1616.2,-507.06,492.156,1653.95,-601.973,541.672,1633.67
267,0,-117.614,301.151,1050.27,-140.797,227.111,995.391,-163.948,152.308,940.475,-172.219,126.767,923.087,,,,,,,,,,,,,-555.591,205.384,814.642,-523.991,254.255,830.342,-545.327,211.359,776.528,-514.279,259.143,791.893,-511.684,371.992,1641.01,-612.345,334.118,1615.94,-506.728,491.621,1653.59,-601.601,541.434,1633.57
268,0,-117.683,301.097,1050.32,-140.859,227.07,995.407,-164.021,152.323,940.475,-172.269,126.769,922.834,,,,,,,,,,,,,-555.686,205.366,814.716,-524.075,254.198,830.355,-545.554,210.975,776.579,-514.363,259.099,791.943,-511.724,371.411,1640.53,-612.593,333.918,1615.78,-506.313,491.111,1653.21,-601.096,541.157,1633.46
269,0,-117.757,301.061,1050.34,-140.945,227.015,995.451,-164.135,152.329,940.481,-172.455,126.707,923.123,,,,,,,,,,,,,-555.768,205.343,814.725,-524.151,254.204,830.374,-545.65,210.937,776.639,-514.446,259.112,792.023,-511.783,370.85,1640.04,-613.069,333.725,1615.49,-505.746,490.401,1652.7,-600.406,540.852,1633.31
270,0,-117.845,301.003,1050.37,-140.833,227.026,995.24,-164.231,152.314,940.464,-172.606,126.639,923.129,,,,,,,,,,,,,-555.861,205.324,814.76,-524.196,254.216,830.432,-545.754,210.949,776.655,-514.536,259.049,792.08,-511.832,370.149,1639.48,-613.136,333.494,1615.15,-505.261,489.67,1652.2,-599.654,540.521,1633.12
271,0,-117.944,300.906,1050.39,-140.903,226.925,995.257,-164.317,152.277,940.459,-172.704,126.564,923.173,,,,,,,,,,,,,-555.918,205.313,814.838,-524.278,254.201,830.474,-545.782,211.065,776.721,-514.604,259.026,792.18,-511.628,369.329,1638.67,-613.344,333.195,1614.99,-504.625,488.937,1651.57,-598.916,540.122,1632.91
272,0,-118.074,300.797,1050.41,-141.006,226.776,995.285,-164.403,152.209,940.466,-172.875,126.427,923.198,,,,,,,,,,,,,-555.979,205.357,814.899,-524.331,254.209,830.555,-545.861,210.996,776.75,-514.675,258.982,792.272,-511.537,368.591,1637.93,-613.648,332.872,1614.71,-503.831,488.042,1650.81,-598.155,539.706,1632.7
273,0,-118.211,300.726,1050.45,-141.108,226.669,995.27,-164.506,152.146,940.485,-173.015,126.327,923.239,,,,,,,,,,,,,-556.046,205.339,814.98,-524.415,254.215,830.563,-545.863,211.079,776.833,-514.757,258.995,792.283,-511.544,367.664,1637.06,-613.528,332.498,1614.36,-503.088,487.243,1649.95,-597.193,539.335,1632.46
274,0,-118.299,300.713,1050.43,-141.178,226.651,995.236,-164.572,152.117,940.472,-173.069,126.278,923.249,,,,,,,,,,,,,-556.113,205.356,815.152,-524.453,254.26,830.697,-546.009,210.828,776.959,-514.795,258.978,792.381,-511.315,366.762,1636.14,-613.662,332.132,1613.98,-502.262,486.27,1648.98,-596.101,538.828,1632.04
275,0,-118.355,300.702,1050.45,-141.188,226.64,995.242,-164.554,152.104,940.459,-173.054,126.263,923.241,,,,,,,,,,,,,-556.163,205.377,815.266,-524.49,254.256,830.78,-546.044,210.839,777.049,-514.824,258.997,792.492,-511.147,365.731,1635.09,-613.778,331.852,1613.5,-501.284,485.209,1647.96,-595.087,538.334,1631.7
276,0,-118.417,300.675,1050.45,-141.199,226.606,995.247,-164.536,152.052,940.446,-173.01,126.223,923.226,,,,,,,,,,,,,-556.167,205.393,815.393,-524.525,254.328,830.901,-546.107,210.77,777.14,-514.836,258.978,792.599,-511.127,364.833,1633.9,-614.32,331.433,1612.97,-500.325,484.085,1646.95,-593.796,537.763,1631.17
277,0,-118.513,300.574,1050.5,-141.247,226.526,995.261,-164.527,151.953,940.437,-173,126.112,923.222,,,,,,,,,,,,,-556.194,205.414,815.523,-524.579,254.342,830.991,-546.164,210.615,777.262,-514.882,258.991,792.698,-510.789,363.779,1632.63,-614.511,331.049,1612.62,-499.143,482.965,1645.68,-592.592,537.286,1630.69
278,0,-118.623,300.485,1050.51,-141.326,226.392,995.291,-164.526,151.81,940.444,-172.975,126.001,923.243,,,,,,,,,,,,,-556.244,205.445,815.651,-524.584,254.401,831.094,-546.214,210.531,777.387,-514.882,258.906,792.879,-510.557,362.735,1631.3,-614.256,330.571,1612.12,-498.017,481.8,1644.24,-591.195,536.732,1630.01
279,0,-118.73,300.39,1050.54,-141.353,226.314,995.292,-164.48,151.697,940.434,-172.92,126.049,923.256,,,,,,,,,,,,,-556.288,205.433,815.76,-524.637,254.366,831.259,-546.443,209.743,777.874,-514.893,258.89,793.016,-510.291,361.55,1629.89,-614.696,330.267,1611.52,-496.831,480.633,1642.8,-589.788,536.117,1629.44
280,0,-118.804,300.327,1050.56,-141.373,226.262,995.303,-164.404,151.575,940.422,-172.794,125.855,923.239,,,,,,,,,,,,,-556.3,205.445,815.84,-524.654,254.373,831.339,-545.968,211.198,777.684,-514.901,258.909,793.135,-510.024,360.428,1628.17,-614.864,329.779,1610.96,-495.544,479.402,1641.12,-588.166,535.517,1628.66
281,0,-118.905,300.257,1050.6,-141.502,226.121,995.464,-164.335,151.445,940.404,-172.472,125.995,923.214,,,,,,,,,,,,,-556.592,205.22,816.27,-524.655,254.4,831.483,-546.002,210.973,777.966,-514.908,258.922,793.26,-509.625,359.277,1626.43,-614.888,329.406,1610.36,-494.274,478.11,1639.34,-586.69,534.893,1627.91
282,0,-118.993,300.189,1050.58,-141.5,226.033,995.46,-164.264,151.284,940.406,-172.342,125.867,923.2,,,,,,,,,,,,,-556.393,205.478,816.058,-524.641,254.375,831.584,-545.968,211.236,777.953,-514.937,258.942,793.354,-509.378,358.058,1624.71,-614.599,328.893,1609.73,-492.826,476.825,1637.31,-585.117,534.288,1627.07
283,0,-119.093,300.087,1050.6,-141.494,225.938,995.435,-164.171,151.144,940.407,-172.229,125.746,923.158,,,,,,,,,,,,,-556.461,205.514,816.143,-524.672,254.444,831.656,-545.949,211.269,778.071,-514.932,258.966,793.482,-508.919,356.817,1622.68,-614.951,328.542,1609.06,-491.505,475.475,1635.28,-583.408,533.576,1626.22
284,0,-119.199,299.973,1050.57,-141.496,225.805,995.381,-164.102,150.969,940.386,-172.099,125.578,923.134,,,,,,,,,,,,,-556.519,205.543,816.221,-524.673,254.43,831.825,-545.968,211.309,778.177,-514.947,258.968,793.605,-508.713,355.539,1620.71,-615.045,327.95,1608.25,-490.221,473.953,1633.08,-581.622,533.001,1625.07
285,0,-119.303,299.867,1050.52,-141.505,225.681,995.353,-164.028,150.793,940.355,-171.997,125.364,923.121,,,,,,,,,,,,,-556.584,205.574,816.306,-524.739,254.35,831.944,-546.024,211.314,778.293,-514.965,258.924,793.781,-508.248,354.23,1618.55,-614.822,327.571,1607.49,-488.841,472.662,1630.73,-579.994,532.294,1624.13
286,0,-119.384,299.788,1050.45,-141.517,225.574,995.281,-163.967,150.623,940.348,-172.058,125.029,923.1,,,,,,,,,,,,,-556.632,205.652,816.39,-524.786,254.28,832.122,-546.057,211.343,778.377,-515.008,258.887,793.887,-507.952,352.932,1616.43,-614.664,326.96,1606.56,-487.361,471.129,1628.58,-578.105,531.505,1623.03
287,0,-119.45,299.714,1050.36,-141.513,225.483,995.216,-163.927,150.48,940.328,-171.988,124.862,923.093,,,,,,,,,,,,,-556.713,205.667,816.471,-524.828,254.268,832.24,-546.118,211.319,778.481,-515.039,258.888,794.039,-507.622,351.754,1614.16,-614.978,326.592,1605.76,-485.963,469.796,1626.05,-576.217,530.672,1621.88
288,0,-119.523,299.634,1050.31,-141.523,225.392,995.163,-163.9,150.362,940.309,-171.943,124.721,923.089,,,,,,,,,,,,,-556.792,205.706,816.5,-524.938,254.218,832.366,-546.172,211.323,778.564,-515.105,258.879,794.14,-507.188,350.371,1611.9,-615.009,326.072,1604.86,-484.42,468.285,1623.67,-574.333,529.964,1620.73
289,0,-119.587,299.572,1050.23,-141.542,225.313,995.132,-163.895,150.223,940.297,-171.926,124.577,923.08,,,,,,,,,,,,,-556.911,205.72,816.644,-525.069,254.156,832.507,-546.279,211.313,778.647,-515.192,258.855,794.238,-506.852,349.048,1609.59,-614.585,325.591,1604.03,-482.867,466.759,1621.02,-572.466,529.075,1619.51
290,0,-119.658,299.518,1050.16,-141.61,225.216,995.108,-163.905,150.102,940.313,-171.781,124.828,923.072,,,,,,,,,,,,,-557.065,205.725,816.719,-525.263,254.106,832.693,-546.45,211.303,778.741,-515.273,258.845,794.394,-506.439,347.709,1607.23,-614.592,325.069,1602.98,-481.369,465.246,1618.5,-570.397,528.154,1618.14
291,0,-119.724,299.464,1050.09,-141.66,225.133,995.058,-163.917,149.986,940.296,-171.793,124.693,923.074,,,,,,,,,,,,,-557.215,205.684,816.831,-525.468,254,832.851,-546.581,211.267,778.833,-515.379,258.835,794.497,-505.915,346.324,1604.8,-614.061,324.618,1602.11,-479.865,463.802,1615.72,-568.319,527.051,1616.6
292,0,-119.784,299.435,1050.05,-141.697,225.084,995.025,-163.931,149.905,940.259,-171.798,124.61,923.086,,,,,,,,,,,,,-557.373,205.648,816.899,-525.653,254.011,832.922,-546.814,211.253,778.924,-515.562,258.79,794.579,-505.611,345.066,1602.25,-613.92,324.162,1601.08,-478.427,462.209,1613.13,-566.331,526.051,1615.21
293,0,-119.836,299.44,1050.02,-141.736,225.075,995.017,-163.942,149.88,940.236,-171.805,124.571,923.08,,,,,,,,,,,,,-557.55,205.642,816.951,-525.835,254.055,832.986,-547.123,210.92,779.001,-515.75,258.723,794.635,-505.202,343.688,1599.7,-613.85,323.59,1600.11,-476.961,460.688,1610.33,-564.372,525.17,1613.71
294,0,-119.866,299.429,1049.98,-141.781,225.056,995.016,-163.95,149.842,940.254,-171.814,124.562,923.092,,,,,,,,,,,,,-557.771,205.578,817.066,-526.039,254.007,833.074,-547.343,210.874,779.085,-515.9,258.645,794.725,-504.781,342.439,1597.08,-613.479,323.09,1599.08,-475.479,459.086,1607.56,-562.322,524.259,1612.22
295,0,-119.898,299.446,1049.97,-141.797,225.054,995.023,-163.95,149.823,940.247,-171.8,124.534,923.092,,,,,,,,,,,,,-557.992,205.571,817.058,-526.271,253.975,833.143,-547.655,210.845,779.225,-516.197,258.663,794.731,-504.587,341.211,1594.49,-613.509,322.603,1598.08,-474.055,457.595,1604.71,-560.516,523.408,1610.76
296,0,-119.95,299.455,1050,-141.814,225.061,995.022,-163.943,149.831,940.255,-171.781,124.554,923.078,,,,,,,,,,,,,-558.417,205.149,817.479,-526.497,253.97,833.161,-547.941,210.758,779.299,-516.46,258.607,794.776,-504.31,339.841,1591.98,-612.914,322.005,1597.04,-472.67,456.145,1601.85,-558.547,522.403,1609.14
297,0,-120.005,299.458,1050.02,-141.823,225.091,995.033,-163.945,149.833,940.26,-171.772,124.545,923.095,,,,,,,,,,,,,-558.669,205.347,817.267,-526.77,253.853,833.136,-548.202,211.043,779.301,-516.779,258.529,794.802,-504,338.958,1589.21,-612.897,321.561,1596,-471.357,454.622,1599.14,-556.603,521.455,1607.69
298,0,-120.046,299.48,1050.02,-141.87,225.089,995.029,-163.945,149.839,940.246,-171.77,124.535,923.09,,,,,,,,,,,,,-559.431,204.121,817.967,-527.087,253.673,833.227,-548.672,210.639,779.244,-517.061,258.509,794.781,-503.744,337.724,1586.85,-612.417,321.016,1595,-470.014,453.204,1596.32,-554.825,520.659,1606.15
299,0,-120.117,299.491,1050.02,-141.9,225.098,995.03,-163.952,149.834,940.24,-171.769,124.555,923.094,,,,,,,,,,,,,-559.37,205.212,817.258,-527.427,253.609,833.189,-548.825,210.912,779.192,-517.375,258.53,794.799,-503.31,336.352,1584.44,-612.094,320.458,1594.03,-468.77,451.657,1593.66,-553.026,519.711,1604.63
300,0,-120.166,299.51,1050.01,-141.929,225.103,995.024,-163.945,149.83,940.24,-171.754,124.555,923.082,,,,,,,,,,,,,-559.737,205.181,817.23,-527.743,253.536,833.118,-549.333,210.413,779.112,-517.709,258.413,794.83,-502.922,335.117,1582.06,-611.778,320.013,1593,-467.518,450.281,1590.87,-551.174,518.729,1603.15
301,0,-120.211,299.543,1049.98,-141.958,225.119,995.019,-163.952,149.85,940.222,-171.743,124.563,923.073,,,,,,,,,,,,,-560.096,205.167,817.186,-528.052,253.487,833.091,-549.618,210.435,779.135,-518.063,258.391,794.776,-502.922,333.878,1579.47,-611.48,319.508,1592.1,-466.323,448.842,1588.39,-549.408,517.657,1601.65
302,0,-120.28,299.565,1049.96,-141.998,225.139,995.016,-163.978,149.858,940.23,-171.766,124.559,923.078,,,,,,,,,,,,,-560.47,205.163,817.13,-528.42,253.413,833.151,-550.003,210.352,779.114,-518.41,258.302,794.738,-502.505,332.688,1577.19,-611.044,318.993,1590.97,-465.239,447.393,1585.87,-547.709,516.908,1600.1
303,0,-120.34,299.603,1049.96,-142.046,225.158,995.032,-163.993,149.892,940.228,-171.764,124.57,923.097,,,,,,,,,,,,,-560.878,205.153,817.065,-528.783,253.256,833.059,-551.309,208.996,776.819,-518.788,258.22,794.627,-502.382,331.568,1575,-610.722,318.508,1590.01,-464.093,446.091,1583.44,-546.054,515.918,1598.59
304,0,-120.422,299.62,1049.99,-142.097,225.174,995.03,-164.015,149.918,940.201,-171.766,124.574,923.094,,,,,,,,,,,,,-561.285,205.077,817.038,-529.167,253.137,833.009,-551.599,208.94,776.716,-519.186,258.152,794.473,-501.987,330.353,1572.8,-610.33,317.998,1588.94,-463.138,444.73,1581,-544.333,514.991,1597.33
305,0,-120.521,299.665,1050,-142.129,225.21,995.049,-164.04,149.941,940.181,-171.787,124.594,923.08,,,,,,,,,,,,,-561.635,205.028,816.91,-529.534,253.139,832.914,-550.883,210.438,778.903,-519.488,257.978,794.472,-501.791,329.21,1570.69,-610.001,317.456,1588.05,-462.127,443.444,1578.81,-542.814,514.036,1595.98
306,0,-120.621,299.698,1050.05,-142.181,225.226,995.059,-164.071,149.968,940.194,-171.797,124.621,923.083,,,,,,,,,,,,,-562.05,204.872,816.987,-529.897,253.074,832.793,-551.61,209.582,778.371,-519.811,257.81,794.388,-501.573,328.279,1568.57,-609.642,317.008,1587.01,-461.025,442.117,1576.59,-541.222,513.174,1594.56
307,0,-120.705,299.732,1050.06,-142.227,225.233,995.066,-164.094,149.99,940.179,-171.81,124.609,923.097,,,,,,,,,,,,,-562.998,203.31,818,-530.266,253.037,832.771,-552.782,208.645,776.529,-520.135,257.65,794.335,-501.298,327.148,1566.65,-609.304,316.449,1586.09,-460.338,440.607,1574.4,-539.708,512.236,1593.21
308,0,-120.773,299.731,1050.09,-142.267,225.242,995.082,-164.114,150.007,940.167,-171.816,124.621,923.08,,,,,,,,,,,,,-563.414,203.252,817.884,-530.565,253.006,832.709,-552.232,209.651,778.821,-520.43,257.469,794.279,-501.052,326.005,1564.75,-609.053,315.943,1585.24,-459.472,439.521,1572.09,-538.322,511.445,1592.07
309,0,-120.808,299.719,1050.06,-142.325,225.258,995.112,-164.151,150.019,940.194,-171.836,124.485,923.085,,,,,,,,,,,,,-564.12,203.071,817.879,-530.927,252.868,832.556,-552.671,209.973,778.538,-520.748,257.33,794.139,-500.869,325.019,1563.01,-608.714,315.532,1584.41,-458.698,438.22,1570.22,-536.985,510.731,1590.64
310,0,-120.894,299.728,1050.09,-142.368,225.273,995.12,-164.193,150.028,940.193,-171.851,124.514,923.099,,,,,,,,,,,,,-564.465,203.094,817.775,-531.365,252.771,832.474,-553.068,209.961,778.387,-521.087,257.22,794.005,-500.696,324.091,1561.31,-608.371,315.033,1583.58,-457.796,437.065,1568.29,-535.632,509.764,1589.35
311,0,-120.974,299.731,1050.12,-142.435,225.28,995.14,-164.201,150.046,940.206,-171.868,124.498,923.084,,,,,,,,,,,,,-564.744,203.228,817.461,-531.731,252.762,832.226,-553.753,209.252,778.25,-521.432,257.161,793.945,-500.508,323.035,1559.78,-608.029,314.576,1582.69,-457.115,435.923,1566.51,-534.458,509.048,1588.27
312,0,-120.99,299.755,1050.09,-142.463,225.3,995.15,-164.214,150.071,940.186,-171.862,124.523,923.089,,,,,,,,,,,,,-565.141,203.164,817.418,-532.053,252.712,832.089,-554.169,209.18,778.207,-521.768,257.11,793.878,-500.29,322.137,1558.2,-607.751,314.12,1581.91,-456.359,434.865,1564.85,-533.181,508.242,1587.2
313,0,-121.1,299.779,1050.21,-142.5,225.367,995.162,-164.214,150.146,940.178,-171.855,124.604,923.089,,,,,,,,,,,,,-565.712,202.983,817.551,-532.404,252.567,832.067,-554.217,209.794,778.187,-522.06,257.043,793.793,-500.132,321.263,1556.78,-607.408,313.646,1581.18,-455.762,433.667,1563.31,-531.957,507.313,1586.21
314,0,-121.127,299.849,1050.25,-142.512,225.435,995.2,-164.202,150.236,940.166,-171.834,124.678,923.085,,,,,,,,,,,,,-565.913,203.4,817.118,-532.727,252.583,831.917,-554.808,209.219,778.013,-522.411,257.069,793.59,-499.919,320.451,1555.34,-607.061,313.185,1580.45,-454.987,432.66,1561.73,-530.923,506.668,1585.31
315,0,-121.149,299.936,1050.27,-142.51,225.523,995.215,-164.16,150.365,940.162,-171.817,124.768,923.084,,,,,,,,,,,,,-566.278,203.336,817.017,-533.1,252.666,831.75,-555.152,209.21,777.917,-522.786,257.15,793.412,-499.712,319.601,1554.11,-606.841,312.775,1579.87,-454.25,431.785,1560.22,-529.794,505.917,1584.3
316,0,-121.15,300.001,1050.31,-142.321,225.754,994.978,-164.144,150.475,940.138,-171.794,124.887,923.078,,,,,,,,,,,,,-566.525,203.479,816.753,-533.446,252.789,831.512,-555.417,209.299,777.782,-523.142,257.293,793.265,-499.576,318.798,1552.92,-606.515,312.299,1579.18,-454.422,430.843,1558.77,-528.912,505.276,1583.42
317,0,-121.161,300.101,1050.34,-142.323,225.858,994.99,-164.118,150.597,940.123,-171.911,124.814,923.084,,,,,,,,,,,,,-566.448,204.997,815.744,-533.759,252.934,831.295,-555.755,209.39,777.626,-523.452,257.391,793.109,-499.326,318.143,1551.65,-606.245,311.911,1578.55,-453.643,429.853,1557.55,-528.013,504.604,1582.58
318,0,-121.174,300.166,1050.37,-142.352,225.934,995.032,-164.093,150.708,940.109,-171.885,124.903,923.09,,,,,,,,,,,,,-566.774,205.093,815.525,-534.006,253.019,831.131,-556.066,209.39,777.405,-523.273,257.863,793.474,-499.251,317.429,1550.57,-606.019,311.501,1577.98,-452.709,429.249,1556.33,-527.145,503.903,1581.73
319,0,-121.198,300.231,1050.43,-142.346,226.013,995.075,-164.075,150.788,940.11,-171.855,124.989,923.087,,,,,,,,,,,,,-567.593,203.763,816.242,-534.245,253.143,830.981,-556.444,209.506,777.18,-523.541,257.873,793.333,-499.108,316.829,1549.64,-605.7,311.115,1577.5,-452.501,428.498,1554.69,-526.39,503.34,1581.07
320,0,-121.235,300.285,1050.48,-142.328,226.114,995.105,-164.062,150.862,940.1,-171.687,125.236,923.072,,,,,,,,,,,,,-567.815,203.931,815.998,-534.511,253.238,830.83,-556.678,209.662,777.042,-523.795,257.954,793.148,-498.915,316.081,1548.63,-605.417,310.708,1577.02,-452.239,427.653,1554.13,-525.686,502.846,1580.46
321,0,-121.29,300.332,1050.53,-142.382,226.136,995.113,-164.066,150.928,940.108,-171.847,125.229,923.098,,,,,,,,,,,,,-568.061,204.055,815.832,-534.76,253.446,830.517,-557.015,209.727,776.912,-524.077,258.059,792.879,-498.854,315.665,1547.73,-605.199,310.372,1576.58,-451.734,426.973,1552.83,-524.879,502.138,1579.81
322,0,-121.322,300.378,1050.54,-142.385,226.229,995.119,-164.073,150.979,940.112,-171.834,125.197,923.079,,,,,,,,,,,,,-568.327,204.164,815.753,-535.011,253.669,830.333,-557.346,209.961,776.734,-524.281,258.226,792.78,-498.714,315.074,1546.93,-605.008,309.953,1576.18,-451.224,426.149,1552.62,-524.286,501.629,1579.35
323,0,-121.36,300.442,1050.56,-142.417,226.28,995.141,-164.082,151.053,940.112,-171.819,125.267,923.069,,,,,,,,,,,,,-568.537,204.557,815.378,-535.249,253.863,830.273,-557.615,210.195,776.508,-524.513,258.394,792.588,-498.547,314.397,1546.22,-604.784,309.579,1575.77,-451.01,425.558,1551.52,-523.657,501.161,1578.84
324,0,-121.382,300.499,1050.6,-142.477,226.311,995.169,-164.075,151.108,940.105,-171.649,125.506,923.062,,,,,,,,,,,,,-568.851,204.483,815.395,-535.442,253.974,830.119,-557.875,210.374,776.182,-524.664,258.707,792.319,-498.438,314.077,1545.46,-604.567,309.312,1575.41,-450.797,424.943,1550.74,-523.04,500.706,1578.35
325,0,-121.408,300.556,1050.63,-142.482,226.364,995.175,-164.075,151.175,940.105,-171.643,125.571,923.066,,,,,,,,,,,,,-568.714,205.884,814.499,-535.622,254.045,829.934,-558.156,210.363,776.066,-524.865,258.961,792.079,-498.29,313.489,1544.91,-604.324,309.026,1575.07,-450.371,424.446,1550.01,-522.535,500.234,1577.9
326,0,-121.434,300.624,1050.65,-142.515,226.418,995.201,-164.104,151.246,940.126,-171.664,125.637,923.064,,,,,,,,,,,,,-569.202,204.835,815.068,-535.837,254.274,829.708,-558.41,210.342,775.958,-525.071,259.125,791.847,-498.159,312.957,1544.26,-604.087,308.69,1574.74,-450.141,423.899,1549.25,-521.978,499.711,1577.39
327,0,-121.445,300.678,1050.68,-142.637,226.388,995.38,-164.093,151.331,940.116,-171.663,125.728,923.064,,,,,,,,,,,,,-569.381,204.984,814.936,-536.035,254.418,829.582,-558.84,210.102,776.153,-525.258,259.309,791.642,-498.042,312.625,1543.71,-603.882,308.353,1574.39,-449.94,423.479,1548.62,-521.553,499.322,1577
328,0,-121.475,300.722,1050.77,-142.639,226.438,995.407,-164.079,151.398,940.119,-171.635,125.813,923.061,,,,,,,,,,,,,-569.524,205.212,814.622,-536.185,254.591,829.338,-559.055,210.027,776.1,-525.455,259.439,791.492,-497.91,312.271,1543.17,-603.741,308.107,1574.13,-449.501,423.01,1548.17,-521.082,498.927,1576.59
329,0,-121.48,300.743,1050.8,-142.652,226.492,995.439,-164.079,151.463,940.127,-171.63,125.888,923.065,,,,,,,,,,,,,-569.568,205.562,814.365,-536.321,254.793,829.118,-558.904,210.553,775.722,-525.671,259.639,791.343,-497.713,311.741,1542.67,-603.552,307.802,1573.84,-449.21,422.45,1547.6,-520.802,498.65,1576.29
330,0,-121.489,300.793,1050.8,-142.658,226.537,995.463,-164.089,151.523,940.115,-171.624,125.95,923.06,,,,,,,,,,,,,-569.702,205.741,814.141,-536.482,254.922,828.959,-559.072,210.557,775.607,-525.853,259.802,791.231,-497.576,311.353,1542.02,-603.35,307.509,1573.54,-448.851,421.904,1547.27,-520.413,498.245,1575.94
331,0,-121.494,300.827,1050.84,-142.671,226.587,995.48,-164.082,151.567,940.127,-171.619,126.025,923.054,,,,,,,,,,,,,-569.448,207.087,813.398,-536.556,255.105,828.804,-559.504,210.284,775.761,-525.975,259.936,791.139,-497.534,311.098,1541.54,-603.131,307.262,1573.26,-448.672,421.522,1546.88,-519.932,497.778,1575.51
332,0,-121.505,300.87,1050.87,-142.678,226.648,995.495,-164.091,151.635,940.125,-171.607,126.097,923.058,,,,,,,,,,,,,-569.879,206.04,813.84,-536.659,255.323,828.56,-560.018,209.095,776.448,-526.024,260.131,791.014,-497.401,310.616,1541.38,-602.984,307.044,1573.02,-448.517,421.18,1546.49,-519.615,497.435,1575.22
333,0,-121.509,300.929,1050.88,-142.697,226.706,995.505,-164.106,151.729,940.123,-171.626,126.167,923.044,,,,,,,,,,,,,-569.935,206.247,813.676,-536.705,255.537,828.406,-559.785,210.357,775.59,-526.135,260.256,790.881,-497.316,310.383,1540.88,-602.906,306.79,1572.83,-448.495,420.728,1545.75,-519.357,497.183,1574.94
334,0,-121.496,300.979,1050.91,-142.697,226.772,995.518,-164.124,151.826,940.117,-171.634,126.44,923.057,,,,,,,,,,,,,-570.015,206.357,813.494,-536.766,255.669,828.287,-559.878,210.574,775.428,-526.241,260.403,790.739,-497.299,310.141,1540.26,-602.77,306.524,1572.58,-448.113,420.356,1545.31,-519.095,496.936,1574.7
335,0,-121.471,301.059,1050.91,-142.704,226.847,995.537,-164.149,151.912,940.126,-171.794,126.312,923.076,,,,,,,,,,,,,-570.09,206.467,813.342,-536.831,255.824,828.134,-560.024,210.55,775.312,-526.308,260.575,790.537,-497.128,309.638,1539.91,-602.633,306.232,1572.35,-448.326,420.075,1544.7,-518.772,496.63,1574.42
336,0,-121.459,301.097,1050.95,-142.704,226.902,995.551,-164.172,151.99,940.116,-171.808,126.306,923.06,,,,,,,,,,,,,-570.146,206.506,813.307,-536.883,255.97,827.977,-560.092,210.655,775.17,-526.387,260.925,790.262,-497.073,309.427,1539.48,-602.501,306.046,1572.16,-447.77,420.09,1543.73,-518.47,496.263,1574.09
337,0,-121.447,301.123,1050.96,-142.72,226.944,995.551,-164.195,152.068,940.108,-171.846,126.374,923.07,,,,,,,,,,,,,-569.887,207.665,812.583,-536.93,256.079,827.954,-560.13,210.741,775.086,-526.495,261.091,790.076,-497.082,309.206,1539.12,-602.374,305.724,1572.03,-447.845,419.672,1543.65,-518.194,495.945,1573.83
338,0,-121.433,301.15,1050.98,-142.727,226.973,995.563,-164.227,152.105,940.112,-171.863,126.417,923.066,,,,,,,,,,,,,-569.931,207.722,812.516,-537.006,256.174,827.828,-560.173,210.845,774.922,-526.6,261.259,789.887,-497.1,308.657,1539.25,-602.241,305.495,1571.81,-447.616,419.436,1542.91,-517.988,495.63,1573.63
339,0,-121.398,301.169,1050.98,-142.726,226.986,995.57,-164.228,152.142,940.107,-171.865,126.471,923.063,,,,,,,,,,,,,-569.961,207.792,812.433,-537.087,256.259,827.759,-560.202,210.953,774.827,-526.657,261.454,789.744,-496.998,308.634,1538.54,-602.153,305.292,1571.55,-447.501,418.841,1543.06,-517.806,495.373,1573.43
340,0,-121.382,301.16,1051,-142.721,226.983,995.598,-164.233,152.145,940.103,-171.88,126.465,923.075,,,,,,,,,,,,,-570.332,206.727,812.982,-537.153,256.289,827.66,-560.224,211.09,774.684,-526.727,261.616,789.622,-497.062,308.089,1538.64,-602.111,305.073,1571.43,-447.262,418.546,1542.76,-517.605,495.084,1573.22
341,0,-121.354,301.15,1051.01,-142.704,226.985,995.615,-164.237,152.165,940.099,-171.899,126.462,923.062,,,,,,,,,,,,,-570.332,206.872,812.842,-537.236,256.339,827.573,-560.263,211.231,774.572,-526.765,261.779,789.516,-496.977,307.813,1538.28,-602.079,304.831,1571.29,-447.208,418.331,1542.44,-517.414,494.832,1573.06
342,0,-121.342,301.104,1051.06,-142.694,226.975,995.617,-164.229,152.169,940.105,-171.903,126.445,923.072,,,,,,,,,,,,,-570.321,207.033,812.708,-537.298,256.371,827.465,-560.238,211.502,774.41,-526.849,261.831,789.458,-496.849,307.732,1537.71,-602.009,304.632,1571.08,-447.162,418.069,1542.17,-517.295,494.633,1572.93
343,0,-121.3,301.105,1051.07,-142.664,226.965,995.617,-164.216,152.16,940.104,-171.878,126.47,923.069,,,,,,,,,,,,,-570.56,206.486,813.09,-537.377,256.422,827.405,-559.394,213.893,773.796,-526.934,261.864,789.364,-496.723,307.297,1537.77,-601.991,304.404,1570.98,-447.115,417.716,1541.92,-517.109,494.343,1572.73
344,0,-121.266,301.077,1051.1,-142.626,226.954,995.635,-164.199,152.144,940.095,-171.866,126.465,923.064,,,,,,,,,,,,,-570.523,206.857,812.714,-537.398,256.489,827.298,-559.799,213.047,773.848,-526.949,261.882,789.3,-496.852,307.277,1537.16,-601.927,304.212,1570.79,-447.098,417.355,1541.68,-516.909,494.046,1572.53
345,0,-121.243,301.048,1051.13,-142.619,226.94,995.646,-164.198,152.147,940.102,-171.866,126.451,923.061,,,,,,,,,,,,,-570.605,206.794,812.683,-537.469,256.459,827.277,-559.861,213.091,773.74,-527.052,261.879,789.224,-496.847,306.896,1537,-601.885,304.042,1570.64,-447.051,417.06,1541.45,-516.76,493.798,1572.31
346,0,-121.222,300.998,1051.19,-142.589,226.929,995.653,-164.174,152.146,940.105,-171.864,126.451,923.059,,,,,,,,,,,,,-570.679,206.783,812.686,-537.503,256.484,827.216,-559.927,213.125,773.66,-527.051,261.875,789.203,-496.919,306.467,1537.17,-601.932,303.845,1570.61,-447.065,416.822,1541.27,-516.661,493.589,1572.17
347,0,-121.168,300.99,1051.2,-142.585,226.896,995.656,-164.154,152.128,940.102,-171.85,126.434,923.062,,,,,,,,,,,,,-570.781,206.627,812.664,-537.572,256.48,827.233,-559.987,213.17,773.571,-527.102,261.854,789.149,-496.958,306.422,1536.73,-601.885,303.62,1570.46,-446.769,416.485,1541.47,-516.56,493.359,1572.07
348,0,-121.131,300.952,1051.23,-142.559,226.88,995.682,-164.128,152.115,940.098,-171.849,126.432,923.045,,,,,,,,,,,,,-570.83,206.63,812.664,-537.607,256.464,827.176,-560.074,213.115,773.493,-527.15,261.835,789.128,-496.893,306.269,1536.43,-601.917,303.466,1570.39,-446.837,416.261,1541.25,-516.497,493.148,1571.97
349,0,-121.089,300.91,1051.26,-142.477,226.9,995.68,-164.128,152.123,940.101,-171.844,126.42,923.04,,,,,,,,,,,,,-570.89,206.643,812.624,-537.664,256.436,827.105,-560.2,213.02,773.436,-527.182,261.813,789.117,-496.905,305.712,1536.72,-601.963,303.306,1570.29,-446.758,416.274,1540.32,-516.43,492.91,1571.87
350,0,-121.055,300.881,1051.3,-142.473,226.863,995.697,-164.121,152.109,940.099,-171.844,126.418,923.048,,,,,,,,,,,,,-570.988,206.479,812.635,-537.729,256.359,827.046,-560.264,212.952,773.378,-527.21,261.774,789.045,-497.04,305.797,1536.11,-601.997,303.093,1570.18,-446.981,415.815,1540.54,-516.374,492.683,1571.76
351,0,-121.01,300.854,1051.32,-142.457,226.842,995.708,-164.104,152.114,940.105,-171.844,126.416,923.063,,,,,,,,,,,,,-571.046,206.521,812.538,-537.75,256.327,827.022,-560.356,212.89,773.38,-527.271,261.74,789.063,-497.125,305.531,1535.96,-602.067,302.922,1570.12,-446.924,415.496,1540.44,-516.328,492.473,1571.65
352,0,-120.956,300.836,1051.31,-142.406,226.828,995.731,-164.105,152.107,940.103,-171.842,126.416,923.046,,,,,,,,,,,,,-571.119,206.541,812.389,-537.829,256.25,826.965,-560.428,212.844,773.324,-527.32,261.694,789.01,-497.331,305.153,1536,-602.159,302.762,1570.06,-446.944,415.258,1540.23,-516.275,492.252,1571.55
353,0,-120.926,300.804,1051.36,-142.395,226.811,995.736,-164.096,152.092,940.103,-171.842,126.411,923.055,,,,,,,,,,,,,-571.187,206.546,812.329,-537.873,256.164,826.978,-560.513,212.73,773.349,-527.366,261.655,788.972,-497.488,304.905,1536.01,-602.228,302.626,1569.98,-446.933,414.973,1540.13,-516.213,492.024,1571.48
354,0,-120.9,300.765,1051.38,-142.4,226.775,995.738,-164.101,152.094,940.112,-171.851,126.427,923.072,,,,,,,,,,,,,-570.823,208.086,811.292,-537.929,256.07,826.952,-560.781,212.255,773.375,-527.419,261.579,788.953,-497.364,304.584,1536.14,-602.344,302.458,1569.95,-447.019,414.765,1539.97,-516.181,491.832,1571.4
355,0,-120.861,300.755,1051.38,-142.35,226.781,995.739,-164.089,152.092,940.104,-171.842,126.417,923.048,,,,,,,,,,,,,-571.263,206.717,812.056,-537.973,256.01,826.935,-560.919,212.027,773.395,-527.483,261.514,788.918,-497.674,304.515,1536,-602.461,302.378,1569.9,-446.747,414.691,1539.54,-516.198,491.647,1571.36
356,0,-120.818,300.72,1051.37,-142.338,226.753,995.746,-164.076,152.071,940.117,-171.849,126.41,923.044,,,,,,,,,,,,,-571.354,206.601,811.998,-538.041,255.893,826.918,-561.03,211.831,773.359,-527.547,261.451,788.926,-497.719,304.357,1535.92,-602.591,302.248,1569.82,-447.033,414.271,1539.86,-516.204,491.473,1571.34
357,0,-120.787,300.697,1051.39,-142.334,226.74,995.749,-164.085,152.078,940.112,-171.854,126.412,923.053,,,,,,,,,,,,,-571.413,206.551,811.975,-538.099,255.878,826.874,-561.192,211.604,773.373,-527.589,261.337,788.911,-497.87,304.279,1535.71,-602.698,302.127,1569.74,-447.179,414.066,1539.76,-516.215,491.299,1571.3
358,0,-120.76,300.687,1051.39,-142.325,226.729,995.756,-164.076,152.062,940.11,-171.867,126.41,923.046,,,,,,,,,,,,,-571.531,206.492,811.951,-538.134,255.793,826.888,-561.342,211.418,773.382,-527.671,261.248,788.891,-497.973,303.906,1535.86,-602.832,302.033,1569.72,-447.193,413.851,1539.73,-516.194,491.107,1571.28
359,0,-120.747,300.642,1051.41,-142.313,226.705,995.765,-164.075,152.06,940.108,-171.856,126.407,923.056,,,,,,,,,,,,,-571.603,206.424,811.979,-538.208,255.67,826.886,-561.436,211.362,773.387,-527.717,261.166,788.905,-498.034,303.952,1535.46,-602.958,301.866,1569.73,-447.298,413.691,1539.66,-516.203,490.932,1571.28
360,0,-120.7,300.627,1051.43,-142.286,226.706,995.75,-164.064,152.055,940.1,-171.856,126.411,923.042,,,,,,,,,,,,,-571.722,206.249,812.03,-538.262,255.597,826.885,-561.517,211.271,773.411,-527.793,261.066,788.886,-498.23,303.82,1535.32,-603.048,301.797,1569.67,-447.331,413.495,1539.64,-516.188,490.724,1571.25
361,0,-120.675,300.612,1051.41,-142.204,226.755,995.736,-164.05,152.062,940.108,-171.862,126.419,923.052,,,,,,,,,,,,,-571.849,206.104,812.109,-538.309,255.466,826.919,-561.584,211.173,773.489,-527.837,260.966,788.886,-498.371,303.681,1535.25,-603.168,301.629,1569.65,-447.419,413.316,1539.61,-516.191,490.559,1571.21
362,0,-120.657,300.607,1051.42,-142.204,226.749,995.723,-164.064,152.041,940.103,-171.881,126.407,923.04,,,,,,,,,,,,,-571.939,206.019,812.145,-538.383,255.382,826.915,-561.548,211.297,773.417,-527.873,260.835,788.899,-498.525,303.478,1535.24,-603.33,301.549,1569.67,-447.386,413.098,1539.8,-516.185,490.4,1571.2
363,0,-120.622,300.598,1051.42,-142.175,226.745,995.702,-164.054,152.038,940.092,-171.878,126.412,923.033,,,,,,,,,,,,,-572.003,205.902,812.183,-538.446,255.347,826.92,-561.484,211.552,773.43,-527.957,260.775,788.854,-498.693,303.338,1535.2,-603.459,301.438,1569.6,-447.441,412.883,1539.82,-516.204,490.252,1571.18
364,0,-120.563,300.577,1051.4,-142.152,226.744,995.69,-164.047,152.036,940.091,-171.868,126.407,923.038,,,,,,,,,,,,,-572.098,205.804,812.145,-538.482,255.266,826.907,-560.982,212.942,773.196,-527.95,260.681,788.859,-498.871,302.934,1535.6,-603.637,301.316,1569.62,-447.591,412.667,1539.8,-516.205,490.102,1571.16
365,0,-120.538,300.564,1051.39,-142.126,226.734,995.684,-164.04,152.031,940.079,-171.865,126.399,923.049,,,,,,,,,,,,,-572.207,205.714,812.209,-538.553,255.215,826.931,-561.059,212.89,773.211,-528.012,260.605,788.89,-499.028,303.095,1535.13,-603.814,301.209,1569.61,-447.827,412.478,1539.64,-516.25,489.98,1571.16
366,0,-120.5,300.548,1051.39,-142.115,226.731,995.668,-164.043,152.031,940.071,-171.872,126.408,923.046,,,,,,,,,,,,,-572.265,205.57,812.265,-538.614,255.164,826.906,-561.137,212.819,773.235,-528.084,260.517,788.889,-499.077,302.715,1535.53,-603.949,301.17,1569.56,-447.928,412.305,1539.59,-516.28,489.841,1571.14
367,0,-120.474,300.542,1051.4,-142.113,226.707,995.671,-164.031,152.029,940.075,-171.879,126.4,923.05,,,,,,,,,,,,,-572.326,205.616,812.246,-538.668,255.094,826.904,-561.194,212.799,773.219,-528.144,260.43,788.885,-499.092,302.709,1535.3,-604.097,301.111,1569.53,-448.037,412.125,1539.61,-516.331,489.711,1571.14
368,0,-120.426,300.522,1051.4,-142.091,226.692,995.67,-164.014,152.027,940.073,-171.855,126.404,923.042,,,,,,,,,,,,,-572.476,205.31,812.442,-538.739,255.042,826.942,-561.619,211.723,773.482,-528.178,260.317,788.946,-499.322,302.465,1535.55,-604.274,301.036,1569.55,-448.143,411.886,1539.71,-516.375,489.598,1571.13
369,0,-120.533,300.259,1051.69,-142.074,226.682,995.67,-164.009,152.035,940.081,-171.86,126.392,923.041,,,,,,,,,,,,,-572.276,206.346,811.937,-538.812,255.007,826.961,-561.743,211.379,773.767,-528.258,260.192,788.983,-499.527,302.388,1535.57,-604.393,301.022,1569.49,-447.945,412.038,1539.05,-516.436,489.514,1571.13
370,0,-120.504,300.247,1051.7,-142.049,226.68,995.671,-164.007,152.025,940.081,-171.865,126.394,923.056,,,,,,,,,,,,,-572.628,205.194,812.624,-538.862,254.984,826.982,-561.414,212.498,773.393,-528.299,260.072,789.12,-499.615,302.276,1535.55,-604.563,300.961,1569.52,-448.256,411.763,1539.45,-516.502,489.436,1571.13
371,0,-120.486,300.238,1051.71,-142.037,226.665,995.681,-163.99,152.021,940.077,-171.864,126.399,923.05,,,,,,,,,,,,,-572.568,205.497,812.364,-538.935,254.979,827.018,-562.538,209.165,774.666,-528.391,259.954,789.163,-499.818,302.124,1535.59,-604.706,300.909,1569.56,-448.317,411.658,1539.45,-516.559,489.367,1571.12
372,0,-120.439,300.233,1051.71,-141.996,226.664,995.668,-163.976,152.026,940.082,-171.851,126.403,923.051,,,,,,,,,,,,,-572.65,205.336,812.41,-538.976,254.93,827.055,-562.844,208.583,774.778,-528.455,259.862,789.217,-499.978,302.001,1535.65,-604.789,300.892,1569.48,-448.449,411.583,1539.42,-516.592,489.276,1571.14
373,0,-120.41,300.216,1051.68,-141.984,226.654,995.678,-163.965,152.028,940.074,-171.839,126.403,923.045,,,,,,,,,,,,,-572.694,205.336,812.445,-539.078,254.878,827.087,-562.198,210.964,773.552,-528.534,259.75,789.299,-500.004,301.88,1535.68,-604.922,300.84,1569.51,-448.506,411.482,1539.46,-516.672,489.239,1571.17
374,0,-120.414,300.228,1051.71,-141.949,226.689,995.671,-163.958,152.014,940.075,-171.845,126.406,923.047,,,,,,,,,,,,,-572.766,205.257,812.473,-539.107,254.836,827.099,-562.265,210.934,773.626,-528.614,259.705,789.292,-499.99,301.931,1535.47,-605.036,300.824,1569.51,-448.428,411.375,1539.68,-516.737,489.189,1571.17
375,0,-120.384,300.229,1051.68,-141.945,226.694,995.662,-163.957,152.035,940.072,-171.844,126.405,923.054,,,,,,,,,,,,,-572.84,205.188,812.551,-539.166,254.833,827.132,-562.259,211.051,773.664,-528.663,259.584,789.385,-500.398,301.804,1535.61,-605.165,300.799,1569.57,-448.572,411.34,1539.65,-516.798,489.155,1571.18
376,0,-120.262,300.447,1051.45,-141.975,226.658,995.651,-163.953,152.035,940.061,-171.837,126.418,923.049,,,,,,,,,,,,,-572.914,205.17,812.524,-539.234,254.766,827.167,-562.421,210.781,773.767,-528.739,259.542,789.409,-500.215,301.76,1535.56,-605.241,300.775,1569.53,-448.684,411.271,1539.69,-516.875,489.119,1571.18
377,0,-120.242,300.443,1051.43,-141.955,226.682,995.642,-163.945,152.035,940.06,-171.837,126.405,923.043,,,,,,,,,,,,,-572.998,205.134,812.568,-539.301,254.724,827.171,-562.551,210.606,773.88,-528.775,259.499,789.448,-500.296,301.738,1535.53,-605.332,300.73,1569.55,-448.71,411.225,1539.71,-516.952,489.075,1571.19
378,0,-120.243,300.47,1051.41,-141.935,226.71,995.626,-163.951,152.039,940.044,-171.846,126.43,923.043,,,,,,,,,,,,,-573.105,205.022,812.671,-539.357,254.68,827.182,-562.669,210.421,773.96,-528.853,259.45,789.517,-500.464,301.744,1535.45,-605.434,300.681,1569.57,-448.751,411.147,1539.83,-517.026,489.04,1571.21
379,0,-120.237,300.486,1051.37,-141.952,226.713,995.612,-163.965,152.058,940.042,-171.845,126.418,923.046,,,,,,,,,,,,,-573.161,205.112,812.569,-539.446,254.679,827.203,-562.754,210.473,773.937,-528.925,259.437,789.521,-500.64,301.934,1535.1,-605.52,300.692,1569.58,-448.9,411.168,1539.76,-517.096,489.015,1571.23
380,0,-120.213,300.498,1051.34,-141.956,226.7,995.627,-163.956,152.057,940.039,-171.848,126.435,923.045,,,,,,,,,,,,,-573.392,204.749,812.895,-539.514,254.645,827.22,-562.794,210.586,773.921,-528.99,259.424,789.543,-500.729,301.938,1535.09,-605.577,300.724,1569.53,-448.919,411.031,1540.01,-517.148,488.984,1571.23
381,0,-120.194,300.512,1051.31,-141.972,226.7,995.622,-163.98,152.057,940.031,-171.853,126.433,923.05,,,,,,,,,,,,,-573.403,204.937,812.742,-539.61,254.616,827.226,-562.828,210.837,773.851,-529.07,259.335,789.63,-500.789,301.788,1535.3,-605.664,300.667,1569.55,-448.936,410.993,1540,-517.174,488.927,1571.24
382,0,-120.186,300.552,1051.28,-141.973,226.717,995.606,-163.962,152.088,940.023,-171.867,126.423,923.043,,,,,,,,,,,,,-573.52,204.917,812.778,-539.731,254.574,827.24,-563.013,210.657,773.869,-529.204,259.33,789.666,-501.002,301.608,1535.58,-605.75,300.674,1569.58,-449.034,410.938,1540.06,-517.228,488.902,1571.27
383,0,-120.18,300.584,1051.24,-141.968,226.732,995.573,-163.969,152.088,940.015,-171.866,126.438,923.041,,,,,,,,,,,,,-573.643,204.881,812.754,-539.831,254.519,827.299,-563.143,210.516,773.92,-529.274,259.321,789.667,-500.94,301.846,1535.15,-605.794,300.651,1569.57,-449.076,410.896,1540.03,-517.247,488.872,1571.26
384,0,-120.179,300.63,1051.2,-141.96,226.761,995.535,-163.975,152.1,940.006,-171.866,126.43,923.033,,,,,,,,,,,,,-573.74,204.876,812.816,-539.982,254.467,827.336,-563.361,210.314,773.926,-529.415,259.297,789.701,-501.013,301.81,1535.16,-605.853,300.658,1569.54,-449.12,410.799,1540.11,-517.278,488.834,1571.27
385,0,-120.161,300.657,1051.17,-141.959,226.777,995.529,-163.979,152.114,939.989,-171.863,126.456,923.039,,,,,,,,,,,,,-573.505,206.291,811.998,-540.107,254.458,827.386,-564.35,209.656,771.492,-529.537,259.265,789.71,-501.176,301.525,1535.53,-605.925,300.644,1569.56,-449.144,410.797,1539.97,-517.292,488.786,1571.27
386,0,-120.15,300.684,1051.15,-141.956,226.795,995.519,-163.985,152.128,939.98,-171.877,126.451,923.039,,,,,,,,,,,,,-574.083,204.757,812.921,-540.253,254.452,827.449,-563.403,211.01,773.716,-529.674,259.244,789.711,-501.367,301.742,1535.2,-605.997,300.608,1569.58,-449.227,410.65,1540.14,-517.277,488.737,1571.27
387,0,-120.133,300.701,1051.12,-141.962,226.805,995.513,-163.978,152.141,939.98,-171.894,126.454,923.042,,,,,,,,,,,,,-574.169,205.018,812.723,-540.43,254.367,827.504,-562.917,212.779,773.464,-529.757,259.201,789.746,-501.207,301.705,1535.12,-606.082,300.609,1569.6,-449.187,410.658,1539.99,-517.282,488.694,1571.26
388,0,-120.115,300.702,1051.12,-141.941,226.806,995.496,-163.979,152.148,939.974,-171.902,126.446,923.028,,,,,,,,,,,,,-574.344,205.05,812.694,-540.595,254.293,827.539,-564.871,209.995,771.308,-529.919,259.115,789.776,-501.47,301.636,1535.19,-606.109,300.572,1569.56,-449.213,410.487,1540.16,-517.28,488.657,1571.23
389,0,-120.081,300.721,1051.06,-141.92,226.814,995.481,-163.983,152.151,939.967,-171.9,126.459,923.053,,,,,,,,,,,,,-574.546,205.007,812.687,-540.761,254.2,827.499,-565.039,209.615,771.3,-530.099,259.112,789.713,-501.397,301.332,1535.54,-606.162,300.597,1569.55,-449.27,410.416,1540.18,-517.249,488.606,1571.2
390,0,-120.046,300.746,1051.02,-141.927,226.814,995.486,-164.002,152.16,939.967,-171.916,126.469,923.074,,,,,,,,,,,,,-574.744,204.982,812.667,-540.916,254.134,827.481,-563.765,211.9,773.293,-530.275,259.033,789.726,-501.332,301.405,1535.32,-606.213,300.566,1569.55,-449.239,410.406,1540,-517.229,488.55,1571.16
391,0,-120.08,300.733,1051.07,-141.915,226.83,995.465,-163.985,152.163,939.976,-171.916,126.466,923.062,,,,,,,,,,,,,-574.98,204.874,812.662,-541.09,254.115,827.446,-563.995,211.731,773.231,-530.427,259.015,789.679,-501.427,301.31,1535.39,-606.26,300.575,1569.52,-449.476,410.429,1539.68,-517.216,488.506,1571.13
392,0,-120.048,300.718,1051.04,-141.904,226.826,995.449,-163.979,152.173,939.958,-171.916,126.466,923.069,,,,,,,,,,,,,-575.196,204.793,812.645,-541.284,254.106,827.398,-564.316,211.359,773.239,-530.597,258.943,789.608,-501.577,301.339,1535.22,-606.302,300.519,1569.48,-449.299,410.257,1539.91,-517.188,488.46,1571.07
393,0,-120.081,300.727,1051.06,-141.915,226.821,995.475,-163.97,152.163,939.961,-171.916,126.459,923.084,,,,,,,,,,,,,-575.429,204.701,812.639,-541.465,254.041,827.361,-564.608,211.03,773.22,-530.756,258.89,789.601,-501.484,301.395,1535,-606.355,300.561,1569.47,-449.559,410.219,1539.7,-517.184,488.435,1571.05
394,0,-120.101,300.674,1051.09,-141.924,226.826,995.473,-163.985,152.174,939.952,-171.92,126.475,923.077,,,,,,,,,,,,,-575.622,204.656,812.613,-541.677,254.021,827.303,-564.814,210.814,773.257,-530.918,258.896,789.508,-501.513,301.355,1534.94,-606.397,300.512,1569.43,-449.513,410.041,1539.85,-517.179,488.404,1571.03
395,0,-120.131,300.699,1051.09,-141.942,226.827,995.473,-163.998,152.179,939.942,-171.924,126.454,923.071,,,,,,,,,,,,,-575.81,204.595,812.562,-541.852,253.904,827.245,-565.023,210.659,773.338,-531.092,258.839,789.468,-501.675,300.921,1535.45,-606.452,300.466,1569.41,-449.411,410.108,1539.51,-517.158,488.363,1570.98
396,0,-120.144,300.722,1051.07,-141.941,226.845,995.458,-164.005,152.191,939.934,-171.921,126.482,923.072,,,,,,,,,,,,,-576.004,204.525,812.582,-542.033,253.888,827.171,-565.207,210.661,773.29,-531.32,258.732,789.524,-501.586,301.19,1534.85,-606.486,300.489,1569.36,-449.528,409.999,1539.51,-517.133,488.337,1570.92
397,0,-120.151,300.714,1051.08,-141.898,226.891,995.442,-164.011,152.193,939.926,-171.938,126.466,923.074,,,,,,,,,,,,,-576.173,204.614,812.452,-542.209,253.819,827.25,-565.456,210.481,773.307,-531.518,258.672,789.483,-501.792,301.06,1534.91,-606.517,300.469,1569.3,-449.229,410.276,1538.66,-517.124,488.283,1570.87
398,0,-120.167,300.719,1051.07,-141.937,226.887,995.431,-164.025,152.197,939.925,-171.942,126.463,923.086,,,,,,,,,,,,,-576.411,204.525,812.325,-542.374,253.759,827.171,-565.737,210.238,773.367,-531.676,258.591,789.455,-501.873,300.977,1534.89,-606.563,300.48,1569.28,-449.388,410.06,1538.94,-517.114,488.248,1570.82
399,0,-120.177,300.714,1051.08,-141.95,226.88,995.437,-164.03,152.202,939.929,-171.953,126.477,923.085,,,,,,,,,,,,,-576.548,204.591,812.271,-542.547,253.72,827.181,-566.11,209.813,773.459,-531.839,258.523,789.469,-501.709,301.039,1534.58,-606.601,300.434,1569.24,-449.473,409.993,1538.91,-517.075,488.201,1570.77
400,0,-120.179,300.719,1051.09,-141.921,226.888,995.449,-164.017,152.188,939.93,-171.939,126.479,923.075,,,,,,,,,,,,,-576.828,204.434,812.323,-542.686,253.673,827.162,-566.24,210.069,773.22,-532.02,258.45,789.419,-501.874,300.769,1534.79,-606.638,300.416,1569.21,-449.467,409.959,1538.8,-517.039,488.153,1570.72
401,0,-120.165,300.689,1051.07,-141.925,226.882,995.448,-164.016,152.186,939.933,-171.939,126.466,923.061,,,,,,,,,,,,,-577.057,204.434,812.209,-542.875,253.615,827.117,-566.589,209.755,773.301,-532.204,258.387,789.403,-501.91,300.651,1534.72,-606.66,300.396,1569.14,-449.381,409.85,1538.9,-517.001,488.106,1570.67
402,0,-120.206,300.678,1051.12,-141.957,226.855,995.455,-164.022,152.176,939.928,-171.945,126.453,923.058,,,,,,,,,,,,,-577.231,204.435,812.199,-543.054,253.525,827.115,-566.824,209.595,773.422,-532.389,258.321,789.369,-501.94,300.55,1534.73,-606.677,300.375,1569.07,-449.341,409.753,1538.88,-516.977,488.053,1570.62
403,0,-120.225,300.682,1051.12,-141.967,226.854,995.456,-164.031,152.173,939.928,-171.942,126.489,923.066,,,,,,,,,,,,,-576.982,205.9,811.389,-543.218,253.581,827.001,-567.004,209.534,773.474,-532.541,258.299,789.352,-501.977,300.544,1534.55,-606.723,300.346,1569.08,-449.376,409.716,1538.8,-516.933,488.007,1570.59
404,0,-120.225,300.664,1051.09,-141.977,226.846,995.453,-164.025,152.167,939.93,-171.954,126.467,923.066,,,,,,,,,,,,,-577.51,204.65,812.015,-543.394,253.546,827.016,-567.162,209.412,773.588,-532.702,258.201,789.315,-501.982,300.461,1534.49,-606.741,300.355,1569.01,-449.294,409.622,1538.82,-516.907,487.956,1570.55
405,0,-120.264,300.691,1051.09,-141.986,226.846,995.436,-164.031,152.162,939.913,-171.946,126.445,923.064,,,,,,,,,,,,,-577.714,204.586,812.097,-543.566,253.525,827,-567.344,209.359,773.6,-532.853,258.18,789.326,-501.912,300.546,1534.17,-606.744,300.328,1568.94,-449.369,409.548,1538.72,-516.866,487.906,1570.5
406,0,-120.284,300.699,1051.08,-142.007,226.833,995.447,-164.03,152.164,939.911,-171.946,126.468,923.062,,,,,,,,,,,,,-577.816,204.786,811.961,-543.709,253.479,827.015,-567.36,209.78,773.406,-532.976,258.214,789.295,-501.956,300.343,1534.38,-606.847,300.443,1568.88,-449.367,409.475,1538.66,-516.822,487.859,1570.45
407,0,-120.326,300.713,1051.08,-142.031,226.842,995.439,-164.044,152.173,939.918,-171.964,126.447,923.048,,,,,,,,,,,,,-577.898,205.064,811.772,-543.82,253.497,826.994,-567.379,210.127,773.297,-533.11,258.24,789.288,-502.217,300.366,1534.26,-606.804,300.309,1568.88,-449.346,409.367,1538.64,-516.765,487.812,1570.41
408,0,-120.337,300.698,1051.05,-142.057,226.848,995.441,-164.042,152.164,939.908,-171.963,126.445,923.054,,,,,,,,,,,,,-578.018,205.159,811.707,-543.943,253.519,826.969,-567.313,210.576,773.179,-533.191,258.257,789.294,-502.204,300.177,1534.37,-606.893,300.425,1568.84,-449.41,409.276,1538.62,-516.738,487.77,1570.35
409,0,-120.361,300.703,1051.05,-142.021,226.885,995.433,-164.051,152.189,939.909,-171.951,126.457,923.064,,,,,,,,,,,,,-578.128,205.104,811.778,-544.036,253.579,826.961,-567.247,211.073,773.074,-533.283,258.263,789.306,-502.038,300.345,1533.97,-606.906,300.412,1568.82,-449.383,409.192,1538.57,-516.697,487.721,1570.29
410,0,-120.384,300.724,1051.03,-142.073,226.873,995.435,-164.049,152.173,939.902,-171.96,126.458,923.065,,,,,,,,,,,,,-578.244,205.028,811.857,-544.111,253.681,826.951,-567.325,211.234,773.06,-533.372,258.345,789.279,-502.299,300.231,1534.16,-606.881,300.408,1568.76,-449.358,409.151,1538.53,-516.655,487.684,1570.23
411,0,-120.412,300.737,1051.03,-142.092,226.88,995.43,-164.064,152.191,939.904,-171.977,126.441,923.056,,,,,,,,,,,,,-578.361,204.998,811.851,-544.172,253.76,826.936,-567.001,212.391,772.924,-533.456,258.393,789.307,-502.093,300.349,1533.89,-606.954,300.4,1568.83,-449.38,409.111,1538.45,-516.633,487.654,1570.18
412,0,-120.461,300.777,1051.06,-142.071,226.899,995.431,-164.051,152.185,939.888,-171.972,126.45,923.054,,,,,,,,,,,,,-578.509,204.825,811.987,-544.235,253.839,826.942,-567.303,211.841,772.954,-533.498,258.472,789.275,-502.11,300.338,1533.84,-606.923,300.402,1568.76,-449.329,408.986,1538.58,-516.614,487.638,1570.15
413,0,-120.465,300.73,1051.08,-142.102,226.886,995.425,-164.052,152.186,939.886,-171.967,126.453,923.043,,,,,,,,,,,,,-578.594,204.754,812.073,-544.294,253.901,826.93,-567.335,211.961,772.944,-533.563,258.522,789.275,-502.4,300.283,1533.94,-606.935,300.364,1568.76,-449.437,409.004,1538.43,-516.6,487.625,1570.11
414,0,-120.478,300.724,1051.09,-142.106,226.879,995.427,-164.058,152.206,939.894,-171.974,126.471,923.051,,,,,,,,,,,,,-578.653,204.813,812.052,-544.341,253.975,826.919,-567.383,211.994,772.933,-533.614,258.593,789.276,-502.229,300.009,1534.3,-606.956,300.381,1568.78,-449.366,409.001,1538.31,-516.577,487.621,1570.08
415,0,-120.496,300.715,1051.1,-142.122,226.876,995.435,-164.071,152.2,939.895,-171.978,126.449,923.066,,,,,,,,,,,,,-578.256,206.462,811.176,-544.392,254.028,826.891,-567.445,212.048,772.891,-533.658,258.629,789.256,-502.146,300.295,1533.76,-606.987,300.362,1568.8,-449.279,408.907,1538.42,-516.591,487.615,1570.04
416,0,-120.502,300.697,1051.11,-142.125,226.859,995.457,-164.055,152.195,939.894,-171.976,126.437,923.052,,,,,,,,,,,,,-578.285,206.508,811.174,-544.407,254.078,826.874,-567.448,212.092,772.908,-533.649,258.698,789.25,-502.404,300.326,1533.74,-606.986,300.32,1568.79,-449.256,408.829,1538.55,-516.572,487.614,1570.03
417,0,-120.516,300.682,1051.16,-142.089,226.866,995.471,-164.057,152.188,939.9,-171.961,126.456,923.058,,,,,,,,,,,,,-578.79,204.793,812.251,-544.427,254.133,826.868,-567.499,212.04,772.906,-533.666,258.706,789.255,-502.241,300.081,1534.07,-606.969,300.36,1568.71,-449.301,408.839,1538.5,-516.575,487.603,1570.01
418,0,-120.533,300.659,1051.19,-142.116,226.846,995.46,-164.053,152.175,939.894,-171.974,126.441,923.057,,,,,,,,,,,,,-578.705,205.15,811.981,-544.437,254.187,826.862,-567.523,212.062,772.938,-533.667,258.762,789.255,-502.383,300.201,1533.88,-606.993,300.396,1568.73,-449.317,408.853,1538.41,-516.573,487.594,1570
419,0,-120.551,300.628,1051.23,-142.126,226.829,995.486,-164.057,152.157,939.914,-171.965,126.433,923.059,,,,,,,,,,,,,-578.351,206.442,811.271,-544.432,254.236,826.85,-567.475,212.134,772.892,-533.661,258.826,789.253,-502.317,300.127,1533.97,-607.001,300.371,1568.73,-449.306,408.835,1538.4,-516.571,487.588,1569.99
420,0,-120.552,300.622,1051.26,-142.128,226.819,995.504,-164.06,152.176,939.921,-171.966,126.438,923.066,,,,,,,,,,,,,-578.676,205.195,811.993,-544.415,254.264,826.854,-567.492,212.139,772.904,-533.641,258.959,789.184,-502.205,300.288,1533.68,-607.021,300.357,1568.72,-449.323,408.838,1538.39,-516.581,487.588,1569.98
421,0,-120.56,300.595,1051.28,-142.121,226.809,995.523,-164.052,152.155,939.911,-171.964,126.439,923.067,,,,,,,,,,,,,-578.662,205.162,812.006,-544.398,254.305,826.854,-567.493,212.052,772.943,-533.641,258.998,789.196,-502.426,300.256,1533.76,-607.018,300.364,1568.69,-449.402,408.838,1538.37,-516.594,487.596,1569.98
422,0,-120.572,300.582,1051.32,-142.137,226.789,995.552,-164.067,152.157,939.909,-171.957,126.47,923.073,,,,,,,,,,,,,-578.623,205.221,811.96,-544.391,254.329,826.873,-567.515,211.963,772.94,-533.606,259.042,789.185,-502.435,300.134,1533.94,-607.037,300.358,1568.71,-449.373,408.849,1538.35,-516.59,487.593,1569.97
423,0,-120.602,300.572,1051.35,-142.17,226.768,995.575,-164.07,152.143,939.933,-171.962,126.445,923.069,,,,,,,,,,,,,-578.592,205.254,811.947,-544.361,254.349,826.869,-567.406,212.158,772.906,-533.595,259.034,789.2,-502.451,300.065,1534.05,-607.053,300.413,1568.71,-449.352,408.82,1538.45,-516.588,487.598,1569.97
424,0,-120.621,300.541,1051.4,-142.184,226.741,995.608,-164.086,152.159,939.937,-171.986,126.441,923.068,,,,,,,,,,,,,-578.494,205.358,811.947,-544.354,254.387,826.846,-567.367,212.227,772.919,-533.586,259.079,789.207,-502.231,300.305,1533.61,-607.071,300.361,1568.73,-449.36,408.862,1538.34,-516.614,487.614,1569.95
425,0,-120.637,300.519,1051.43,-142.191,226.714,995.638,-164.092,152.152,939.932,-171.973,126.462,923.066,,,,,,,,,,,,,-578.476,205.318,811.953,-544.292,254.42,826.873,-567.493,211.827,772.98,-533.528,259.134,789.194,-502.231,300.301,1533.61,-607.084,300.383,1568.72,-449.366,408.849,1538.36,-516.617,487.616,1569.95
426,0,-120.664,300.509,1051.48,-142.22,226.703,995.67,-164.086,152.157,939.94,-171.978,126.458,923.057,,,,,,,,,,,,,-578.44,205.27,812.026,-544.278,254.473,826.866,-567.495,211.722,773.034,-533.522,259.167,789.22,-502.245,300.28,1533.6,-607.046,300.389,1568.66,-449.373,408.838,1538.4,-516.616,487.613,1569.96
427,0,-120.694,300.504,1051.5,-142.222,226.698,995.7,-164.112,152.167,939.959,-171.994,126.453,923.064,,,,,,,,,,,,,-578.398,205.296,812.053,-544.238,254.492,826.877,-567.51,211.611,773.01,-533.502,259.217,789.18,-502.587,300.138,1533.93,-607.089,300.423,1568.71,-449.371,408.861,1538.37,-516.628,487.629,1569.94
428,0,-120.726,300.503,1051.55,-142.238,226.704,995.715,-164.107,152.164,939.952,-172,126.436,923.061,,,,,,,,,,,,,-578.432,205.026,812.308,-544.182,254.508,826.889,-567.356,211.907,772.99,-533.46,259.258,789.155,-502.487,300.234,1533.74,-607.068,300.42,1568.68,-449.392,408.942,1538.23,-516.61,487.64,1569.94
429,0,-120.75,300.472,1051.58,-142.257,226.677,995.738,-164.127,152.172,939.962,-172.003,126.446,923.066,,,,,,,,,,,,,-578.335,205.178,812.133,-544.183,254.506,826.908,-567.444,211.69,773.043,-533.451,259.293,789.178,-502.238,300.325,1533.56,-607.061,300.451,1568.66,-449.468,408.907,1538.32,-516.601,487.64,1569.94
430,0,-120.776,300.471,1051.61,-142.277,226.679,995.75,-164.119,152.169,939.965,-172.002,126.481,923.066,,,,,,,,,,,,,-578.357,205.052,812.3,-544.138,254.544,826.883,-567.373,211.789,773.042,-533.397,259.352,789.152,-502.366,300.126,1533.93,-607.001,300.362,1568.68,-449.478,408.956,1538.23,-516.613,487.656,1569.93
431,0,-120.813,300.457,1051.67,-142.289,226.665,995.764,-164.15,152.183,939.96,-172.016,126.451,923.079,,,,,,,,,,,,,-578.346,204.981,812.35,-544.117,254.568,826.904,-567.341,211.823,773.066,-533.394,259.417,789.166,-502.391,300.211,1533.82,-606.985,300.342,1568.69,-449.477,408.986,1538.16,-516.598,487.66,1569.94
432,0,-120.838,300.434,1051.71,-142.353,226.618,995.798,-164.143,152.195,939.978,-172.014,126.469,923.08,,,,,,,,,,,,,-578.25,205.226,812.176,-544.104,254.583,826.913,-567.345,211.683,773.105,-533.368,259.449,789.158,-502.221,300.342,1533.59,-606.989,300.4,1568.69,-449.362,408.908,1538.36,-516.589,487.67,1569.94
433,0,-120.874,300.44,1051.75,-142.297,226.669,995.78,-164.135,152.189,939.981,-172.002,126.457,923.07,,,,,,,,,,,,,-578.196,205.283,812.162,-544.08,254.616,826.936,-567.273,211.891,773.07,-533.354,259.518,789.114,-502.206,300.364,1533.57,-606.962,300.405,1568.66,-449.344,408.935,1538.31,-516.574,487.686,1569.92
434,0,-120.881,300.43,1051.76,-142.333,226.642,995.788,-164.134,152.183,939.977,-171.988,126.453,923.063,,,,,,,,,,,,,-578.185,205.384,812.129,-544.078,254.652,826.945,-567.353,211.566,773.132,-533.345,259.56,789.103,-502.409,300.322,1533.68,-606.952,300.396,1568.68,-449.365,408.912,1538.37,-516.569,487.699,1569.9
435,0,-120.92,300.408,1051.83,-142.351,226.62,995.811,-164.142,152.176,939.992,-172.007,126.443,923.091,,,,,,,,,,,,,-578.159,205.314,812.158,-544.061,254.676,826.938,-567.224,211.943,773.088,-533.343,259.584,789.117,-502.192,300.387,1533.56,-606.954,300.411,1568.68,-449.444,408.984,1538.24,-516.555,487.722,1569.89
436,0,-120.92,300.393,1051.83,-142.314,226.635,995.827,-164.133,152.175,939.984,-172.001,126.457,923.074,,,,,,,,,,,,,-577.731,206.849,811.36,-544.06,254.714,826.943,-567.21,211.934,773.082,-533.33,259.603,789.099,-502.396,300.255,1533.82,-606.924,300.439,1568.67,-449.445,409.047,1538.13,-516.542,487.738,1569.87
437,0,-120.93,300.387,1051.85,-142.317,226.631,995.816,-164.13,152.181,939.986,-172.002,126.462,923.074,,,,,,,,,,,,,-578.088,205.572,812.054,-544.031,254.721,826.966,-567.226,211.95,773.09,-533.338,259.636,789.105,-502.472,300.273,1533.8,-606.904,300.459,1568.67,-449.354,409.027,1538.09,-516.525,487.745,1569.84
438,0,-120.93,300.367,1051.86,-142.352,226.606,995.815,-164.127,152.175,939.994,-172.01,126.44,923.079,,,,,,,,,,,,,-578.168,205.316,812.287,-544.053,254.712,826.963,-567.204,212.015,773.08,-533.316,259.687,789.083,-502.262,300.262,1533.77,-606.895,300.484,1568.67,-449.436,409.03,1538.11,-516.497,487.755,1569.8
439,0,-120.946,300.36,1051.88,-142.362,226.589,995.836,-164.137,152.171,939.994,-172.005,126.445,923.075,,,,,,,,,,,,,-578.185,205.307,812.292,-544.061,254.74,826.952,-567.254,211.772,773.096,-533.326,259.709,789.071,-502.418,300.325,1533.71,-606.916,300.514,1568.71,-449.293,408.991,1538.11,-516.481,487.761,1569.77
440,0,-120.96,300.355,1051.91,-142.371,226.583,995.84,-164.142,152.18,939.991,-172.007,126.465,923.082,,,,,,,,,,,,,-578.086,205.661,812.011,-544.057,254.769,826.941,-567.184,212.007,773.082,-533.309,259.727,789.069,-502.224,300.489,1533.41,-606.898,300.506,1568.69,-449.331,408.978,1538.1,-516.457,487.765,1569.72
441,0,-120.964,300.351,1051.92,-142.381,226.565,995.86,-164.14,152.179,939.994,-172.017,126.446,923.075,,,,,,,,,,,,,-578.21,205.267,812.325,-544.068,254.77,826.945,-567.238,211.952,773.115,-533.309,259.685,789.074,-502.394,300.256,1533.78,-606.892,300.538,1568.67,-449.333,408.924,1538.16,-516.431,487.766,1569.68
442,0,-120.976,300.339,1051.94,-142.384,226.549,995.876,-164.157,152.174,939.996,-172.01,126.457,923.088,,,,,,,,,,,,,-578.173,205.355,812.326,-544.051,254.75,826.928,-567.364,211.641,773.141,-533.322,259.688,789.112,-502.393,300.343,1533.59,-606.89,300.564,1568.67,-449.333,408.917,1538.08,-516.385,487.766,1569.62
443,0,-120.996,300.337,1051.97,-142.416,226.545,995.89,-164.152,152.194,940.009,-172.03,126.436,923.086,,,,,,,,,,,,,-578.143,205.59,812.059,-544.075,254.748,826.938,-567.34,211.702,773.125,-533.334,259.722,789.07,-502.403,300.262,1533.73,-606.893,300.567,1568.68,-449.34,408.971,1537.9,-516.371,487.768,1569.57
444,0,-121.028,300.327,1051.99,-142.435,226.542,995.905,-164.182,152.208,940.012,-172.042,126.442,923.088,,,,,,,,,,,,,-578.156,205.541,812.076,-544.099,254.75,826.933,-567.333,211.729,773.135,-533.356,259.66,789.124,-502.413,300.219,1533.78,-606.885,300.561,1568.67,-449.332,408.918,1537.96,-516.338,487.766,1569.53
445,0,-121.015,300.322,1051.99,-142.434,226.528,995.898,-164.167,152.206,940.008,-172.033,126.426,923.093,,,,,,,,,,,,,-578.256,205.208,812.349,-544.122,254.738,826.954,-567.405,211.588,773.154,-533.35,259.651,789.109,-502.443,300.191,1533.78,-606.891,300.588,1568.66,-449.25,408.832,1538.03,-516.302,487.752,1569.48
446,0,-121.037,300.32,1052.01,-142.452,226.519,995.907,-164.182,152.213,940.005,-172.047,126.459,923.082,,,,,,,,,,,,,-578.224,205.43,812.167,-544.128,254.759,826.943,-567.293,211.889,773.127,-533.355,259.607,789.132,-502.208,300.366,1533.44,-606.917,300.584,1568.66,-449.397,408.851,1537.95,-516.31,487.762,1569.44
447,0,-121.062,300.306,1052.04,-142.469,226.512,995.925,-164.189,152.204,940.006,-172.059,126.489,923.084,,,,,,,,,,,,,-578.309,205.152,812.4,-544.123,254.733,826.963,-567.194,212.168,773.09,-533.368,259.586,789.151,-502.387,300.234,1533.67,-606.92,300.564,1568.65,-449.393,408.913,1537.75,-516.302,487.756,1569.43
448,0,-121.077,300.287,1052.07,-142.41,226.562,995.927,-164.192,152.197,940.021,-172.052,126.451,923.097,,,,,,,,,,,,,-578.27,205.403,812.193,-544.146,254.709,826.95,-567.293,211.909,773.167,-533.362,259.537,789.172,-502.41,300.201,1533.69,-606.95,300.597,1568.67,-449.398,408.886,1537.73,-516.29,487.749,1569.4
449,0,-121.112,300.263,1052.11,-142.453,226.534,995.939,-164.198,152.193,940.016,-172.045,126.446,923.083,,,,,,,,,,,,,-578.307,205.283,812.217,-544.132,254.693,826.967,-567.261,212.006,773.108,-533.407,259.479,789.196,-502.256,300.312,1533.4,-606.982,300.574,1568.67,-449.415,408.884,1537.68,-516.291,487.744,1569.39
450,0,-121.08,300.232,1052.06,-142.462,226.532,995.941,-164.182,152.19,940.026,-172.049,126.447,923.079,,,,,,,,,,,,,-578.328,205.286,812.224,-544.173,254.656,826.977,-567.271,212.001,773.111,-533.401,259.404,789.237,-502.514,300.261,1533.5,-607.017,300.587,1568.66,-449.408,408.829,1537.73,-516.276,487.729,1569.38
451,0,-121.112,300.232,1052.11,-142.308,226.69,995.739,-164.196,152.187,940.022,-172.037,126.446,923.085,,,,,,,,,,,,,-578.336,205.322,812.23,-544.143,254.604,826.995,-567.271,212.079,773.119,-533.411,259.361,789.274,-502.477,300.207,1533.54,-607.033,300.562,1568.64,-449.377,408.796,1537.7,-516.261,487.698,1569.39
452,0,-121.147,300.208,1052.15,-142.342,226.687,995.751,-164.215,152.195,940.023,-172.055,126.445,923.082,,,,,,,,,,,,,-578.385,205.303,812.187,-544.147,254.586,826.996,-567.412,211.721,773.145,-533.438,259.268,789.274,-502.542,300.24,1533.46,-607.07,300.564,1568.62,-449.377,408.797,1537.61,-516.281,487.702,1569.4
453,0,-121.169,300.203,1052.17,-142.353,226.682,995.755,-164.214,152.202,940.022,-172.049,126.472,923.08,,,,,,,,,,,,,-578.506,204.874,812.504,-544.168,254.511,827.002,-567.358,211.9,773.132,-533.405,259.256,789.266,-502.54,300.104,1533.62,-607.099,300.558,1568.59,-449.414,408.695,1537.78,-516.258,487.67,1569.39
454,0,-121.2,300.169,1052.23,-142.465,226.565,995.941,-164.207,152.209,940.029,-172.039,126.481,923.083,,,,,,,,,,,,,-578.487,205.059,812.298,-544.17,254.465,827.018,-567.443,211.728,773.172,-533.424,259.168,789.288,-502.492,300.297,1533.26,-607.098,300.573,1568.52,-449.374,408.71,1537.64,-516.263,487.648,1569.41
455,0,-121.231,300.161,1052.26,-142.38,226.677,995.799,-164.212,152.22,940.034,-172.057,126.461,923.083,,,,,,,,,,,,,-578.525,205.031,812.302,-544.177,254.352,827.056,-567.391,211.982,773.14,-533.463,259.007,789.368,-502.438,300.247,1533.31,-607.175,300.529,1568.54,-449.42,408.619,1537.79,-516.275,487.63,1569.41
456,0,-121.258,300.156,1052.28,-142.414,226.656,995.818,-164.221,152.211,940.037,-172.06,126.477,923.088,,,,,,,,,,,,,-578.551,205.003,812.256,-544.184,254.266,827.074,-567.424,211.92,773.111,-533.486,258.943,789.391,-502.476,300.216,1533.31,-607.265,300.53,1568.58,-449.491,408.625,1537.67,-516.257,487.602,1569.42
457,0,-121.281,300.143,1052.32,-142.425,226.645,995.837,-164.22,152.215,940.038,-172.052,126.466,923.087,,,,,,,,,,,,,-578.58,205,812.296,-544.207,254.211,827.082,-567.446,211.921,773.109,-533.493,258.869,789.389,-502.668,300.049,1533.56,-607.287,300.487,1568.54,-449.507,408.507,1537.86,-516.267,487.586,1569.43
458,0,-121.302,300.146,1052.3,-142.447,226.636,995.833,-164.231,152.217,940.041,-172.056,126.49,923.084,,,,,,,,,,,,,-578.678,204.819,812.402,-544.236,254.111,827.101,-567.488,211.882,773.142,-533.468,258.779,789.412,-502.675,300.039,1533.47,-607.311,300.51,1568.48,-449.535,408.534,1537.67,-516.273,487.556,1569.43
459,0,-121.318,300.133,1052.3,-142.46,226.642,995.834,-164.241,152.214,940.028,-172.055,126.469,923.087,,,,,,,,,,,,,-578.682,204.882,812.308,-544.236,254.086,827.108,-567.369,212.257,773.066,-533.477,258.761,789.407,-502.826,299.997,1533.47,-607.389,300.506,1568.48,-449.511,408.43,1537.77,-516.278,487.531,1569.42
460,0,-121.322,300.147,1052.31,-142.452,226.637,995.847,-164.23,152.219,940.034,-172.061,126.475,923.091,,,,,,,,,,,,,-578.694,204.935,812.277,-544.259,254.05,827.089,-567.448,212.067,773.096,-533.502,258.702,789.425,-502.888,299.947,1533.51,-607.464,300.474,1568.51,-449.701,408.416,1537.6,-516.279,487.498,1569.44
461,0,-121.333,300.148,1052.3,-142.464,226.63,995.841,-164.235,152.229,940.033,-172.051,126.457,923.082,,,,,,,,,,,,,-578.727,204.875,812.266,-544.259,254.033,827.075,-567.249,212.691,772.97,-533.535,258.68,789.408,-502.943,299.922,1533.48,-607.535,300.525,1568.48,-449.626,408.324,1537.72,-516.276,487.47,1569.42
462,0,-121.33,300.147,1052.29,-142.472,226.618,995.838,-164.232,152.222,940.026,-172.063,126.487,923.077,,,,,,,,,,,,,-578.746,204.889,812.217,-544.276,253.987,827.087,-567.411,212.261,773.051,-533.546,258.626,789.424,-502.975,299.88,1533.39,-607.698,300.626,1568.45,-449.624,408.293,1537.59,-516.264,487.43,1569.39
463,0,-121.34,300.131,1052.31,-142.48,226.604,995.863,-164.237,152.205,940.029,-172.056,126.44,923.085,,,,,,,,,,,,,-578.865,204.594,812.488,-544.316,253.966,827.088,-567.502,212.169,773.014,-533.557,258.587,789.409,-503.136,299.716,1533.61,-607.759,300.621,1568.46,-449.643,408.168,1537.73,-516.265,487.395,1569.4
464,0,-121.349,300.143,1052.32,-142.481,226.615,995.852,-164.231,152.215,940.039,-172.064,126.479,923.096,,,,,,,,,,,,,-578.415,206.363,811.485,-544.309,253.961,827.09,-567.509,212.18,773.021,-533.557,258.575,789.424,-503.12,299.762,1533.45,-607.837,300.601,1568.46,-449.761,408.274,1537.37,-516.24,487.356,1569.38
465,0,-121.333,300.155,1052.28,-142.484,226.607,995.839,-164.237,152.217,940.025,-172.072,126.469,923.089,,,,,,,,,,,,,-578.819,205.047,812.136,-544.363,253.934,827.063,-567.553,212.174,773.041,-533.615,258.572,789.408,-503.364,299.508,1533.81,-607.836,300.54,1568.45,-449.767,408.149,1537.5,-516.233,487.327,1569.36
466,0,-121.334,300.139,1052.29,-142.479,226.603,995.837,-164.229,152.209,940.028,-172.065,126.427,923.095,,,,,,,,,,,,,-578.624,205.906,811.792,-544.384,253.908,827.074,-567.621,212.088,773.036,-533.62,258.546,789.389,-503.337,299.571,1533.61,-607.892,300.497,1568.46,-449.732,408.012,1537.66,-516.231,487.298,1569.36
467,0,-121.32,300.167,1052.25,-142.457,226.618,995.831,-164.229,152.204,940.016,-172.068,126.446,923.09,,,,,,,,,,,,,-578.916,205.036,812.175,-544.406,253.916,827.074,-567.629,212.149,773.03,-533.634,258.547,789.387,-503.507,299.382,1533.84,-607.95,300.511,1568.45,-449.799,408.026,1537.52,-516.198,487.257,1569.34
468,0,-121.351,300.159,1052.26,-142.48,226.619,995.819,-164.236,152.207,940.018,-172.077,126.426,923.09,,,,,,,,,,,,,-578.94,205.041,812.144,-544.456,253.937,827.066,-567.687,212.108,773.05,-533.667,258.549,789.399,-503.27,299.699,1533.18,-608.051,300.63,1568.38,-449.734,407.94,1537.62,-516.185,487.218,1569.3
469,0,-121.329,300.175,1052.23,-142.478,226.611,995.813,-164.231,152.196,940.006,-172.065,126.474,923.09,,,,,,,,,,,,,-578.972,205.102,812.169,-544.463,253.964,827.083,-567.734,212.064,773.077,-533.673,258.569,789.429,-503.386,299.56,1533.38,-608.04,300.503,1568.43,-449.827,407.919,1537.52,-516.178,487.207,1569.31
470,0,-121.316,300.179,1052.21,-142.465,226.618,995.81,-164.233,152.201,940.002,-172.044,126.442,923.097,,,,,,,,,,,,,-579.016,205.096,812.202,-544.52,253.954,827.055,-567.815,211.993,773.094,-533.685,258.589,789.436,-503.457,299.399,1533.6,-608.046,300.516,1568.38,-449.845,407.914,1537.43,-516.139,487.154,1569.28
471,0,-121.31,300.207,1052.2,-142.475,226.624,995.801,-164.219,152.212,939.999,-172.059,126.484,923.096,,,,,,,,,,,,,-579.027,205.153,812.244,-544.52,254.003,827.062,-567.874,211.879,773.121,-533.704,258.632,789.44,-503.595,299.418,1533.52,-608.168,300.629,1568.37,-449.839,407.838,1537.51,-516.118,487.137,1569.27
472,0,-121.31,300.19,1052.2,-142.463,226.625,995.799,-164.214,152.21,940.006,-172.044,126.467,923.089,,,,,,,,,,,,,-579.072,205.125,812.256,-544.559,254.042,827.123,-567.882,211.879,773.143,-533.728,258.666,789.456,-503.507,299.45,1533.37,-608.203,300.612,1568.39,-449.847,407.854,1537.36,-516.099,487.113,1569.25
473,0,-121.3,300.183,1052.2,-142.45,226.622,995.793,-164.215,152.189,939.977,-172.027,126.462,923.078,,,,,,,,,,,,,-579.09,205.227,812.28,-544.597,254.051,827.138,-567.977,211.723,773.162,-533.765,258.71,789.476,-503.555,299.395,1533.4,-608.151,300.52,1568.39,-449.819,407.765,1537.42,-516.065,487.084,1569.24
474,0,-121.292,300.18,1052.22,-142.555,226.508,995.95,-164.202,152.193,939.988,-172.034,126.447,923.068,,,,,,,,,,,,,-578.775,206.573,811.55,-544.605,254.125,827.134,-568.003,211.718,773.189,-533.757,258.765,789.512,-503.725,299.322,1533.45,-608.173,300.497,1568.37,-449.804,407.673,1537.58,-516.035,487.065,1569.23
475,0,-121.275,300.183,1052.2,-142.433,226.617,995.796,-164.201,152.196,939.995,-172.033,126.477,923.068,,,,,,,,,,,,,-579.166,205.327,812.282,-544.665,254.139,827.153,-568.053,211.649,773.221,-533.798,258.799,789.512,-503.683,299.283,1533.44,-608.192,300.542,1568.35,-449.716,407.633,1537.56,-516.001,487.066,1569.21
476,0,-121.258,300.186,1052.2,-142.505,226.526,995.948,-164.195,152.182,939.993,-172.025,126.457,923.081,,,,,,,,,,,,,-579.182,205.344,812.262,-544.697,254.15,827.181,-568.168,211.519,773.228,-533.825,258.825,789.496,-503.623,299.278,1533.36,-608.184,300.539,1568.32,-449.804,407.72,1537.2,-515.959,487.042,1569.17
477,0,-121.251,300.169,1052.21,-142.515,226.517,995.942,-164.168,152.185,940.001,-172.034,126.48,923.083,,,,,,,,,,,,,-579.212,205.38,812.282,-544.725,254.184,827.191,-567.687,212.789,773.095,-533.841,258.847,789.5,-503.801,299.294,1533.29,-608.185,300.562,1568.29,-449.756,407.569,1537.46,-515.929,487.023,1569.14
478,0,-121.229,300.173,1052.19,-142.376,226.634,995.784,-164.172,152.183,939.999,-172.019,126.436,923.074,,,,,,,,,,,,,-579.253,205.402,812.241,-544.759,254.174,827.2,-567.888,212.427,773.112,-533.868,258.877,789.508,-503.671,299.191,1533.35,-608.202,300.564,1568.3,-449.804,407.572,1537.32,-515.881,487.01,1569.09
479,0,-121.229,300.158,1052.21,-142.48,226.52,995.939,-164.191,152.191,939.989,-172.027,126.461,923.091,,,,,,,,,,,,,-579.278,205.478,812.241,-544.782,254.215,827.185,-567.946,212.341,773.128,-533.914,258.888,789.496,-503.679,299.14,1533.34,-608.175,300.548,1568.23,-449.707,407.586,1537.12,-515.827,486.999,1569.05
480,0,-121.217,300.181,1052.18,-142.508,226.512,995.937,-164.179,152.195,939.979,-172.028,126.468,923.09,,,,,,,,,,,,,-579.311,205.389,812.254,-544.819,254.23,827.172,-567.812,212.765,773.076,-533.921,258.873,789.507,-503.77,299.25,1533.13,-608.153,300.558,1568.19,-449.784,407.509,1537.19,-515.792,486.985,1569.01
481,0,-121.195,300.183,1052.18,-142.382,226.615,995.778,-164.169,152.193,939.989,-172.027,126.454,923.076,,,,,,,,,,,,,-579.367,205.365,812.245,-544.841,254.224,827.162,-567.997,212.394,773.141,-533.969,258.882,789.5,-503.552,299.452,1532.69,-608.145,300.574,1568.14,-449.649,407.45,1537.22,-515.745,486.976,1568.95
482,0,-121.186,300.178,1052.18,-142.37,226.622,995.79,-164.163,152.194,939.989,-172.024,126.469,923.079,,,,,,,,,,,,,-579.389,205.379,812.199,-544.879,254.204,827.159,-568.038,212.372,773.103,-533.993,258.85,789.472,-503.547,299.34,1532.86,-608.146,300.555,1568.17,-449.72,407.504,1536.88,-515.686,486.962,1568.9
483,0,-121.189,300.178,1052.19,-142.384,226.626,995.782,-164.178,152.215,939.988,-172.016,126.463,923.08,,,,,,,,,,,,,-579.43,205.339,812.273,-544.896,254.188,827.154,-568.067,212.354,773.099,-534.039,258.834,789.443,-503.562,299.302,1532.83,-608.159,300.581,1568.17,-449.726,407.398,1537.04,-515.632,486.948,1568.85
484,0,-121.191,300.166,1052.21,-142.364,226.639,995.791,-164.197,152.219,939.976,-172.024,126.472,923.094,,,,,,,,,,,,,-579.466,205.341,812.243,-544.942,254.186,827.152,-568.146,212.219,773.108,-534.071,258.842,789.456,-503.555,299.407,1532.53,-608.122,300.592,1568.12,-449.608,407.353,1536.99,-515.583,486.936,1568.82
485,0,-121.186,300.171,1052.21,-142.378,226.624,995.791,-164.185,152.222,939.99,-172.033,126.469,923.089,,,,,,,,,,,,,-579.516,205.283,812.23,-544.961,254.148,827.143,-568.177,212.216,773.107,-534.087,258.82,789.435,-503.547,299.446,1532.47,-608.121,300.575,1568.12,-449.603,407.415,1536.67,-515.526,486.926,1568.77
486,0,-121.166,300.173,1052.21,-142.349,226.639,995.789,-164.188,152.22,939.99,-172.021,126.493,923.082,,,,,,,,,,,,,-579.552,205.164,812.325,-544.975,254.151,827.162,-568.218,212.171,773.096,-534.108,258.814,789.426,-503.597,299.244,1532.77,-608.056,300.569,1568.04,-449.408,407.36,1536.7,-515.468,486.911,1568.73
487,0,-121.172,300.157,1052.22,-142.351,226.627,995.796,-164.197,152.225,939.981,-172.033,126.499,923.101,,,,,,,,,,,,,-579.56,205.211,812.293,-545.016,254.12,827.135,-568.348,211.938,773.147,-534.138,258.781,789.417,-503.544,299.271,1532.68,-608.05,300.586,1568.05,-449.387,407.289,1536.76,-515.423,486.905,1568.69
488,0,-121.164,300.14,1052.24,-142.367,226.614,995.798,-164.192,152.213,939.985,-172.028,126.46,923.107,,,,,,,,,,,,,-579.597,205.216,812.285,-545.039,254.099,827.147,-568.444,211.705,773.203,-534.169,258.783,789.444,-503.496,299.481,1532.29,-608.006,300.618,1568.02,-449.358,407.351,1536.54,-515.354,486.907,1568.65
489,0,-121.146,300.152,1052.23,-142.357,226.609,995.799,-164.117,152.356,940.072,-172.026,126.433,923.098,,,,,,,,,,,,,-579.654,205.099,812.323,-545.035,254.115,827.136,-568.518,211.629,773.191,-534.208,258.771,789.404,-503.603,299.238,1532.7,-607.965,300.637,1567.99,-449.312,407.334,1536.51,-515.304,486.908,1568.6
490,0,-121.13,300.128,1052.21,-142.435,226.521,995.943,-164.114,152.357,940.069,-172.023,126.428,923.092,,,,,,,,,,,,,-579.65,205.095,812.329,-545.066,254.068,827.16,-568.626,211.368,773.242,-534.197,258.724,789.415,-503.456,299.541,1532.2,-607.941,300.643,1567.98,-449.235,407.342,1536.39,-515.254,486.932,1568.58
491,0,-121.102,300.123,1052.2,-142.313,226.615,995.788,-164.141,152.275,940.02,-172.026,126.457,923.09,,,,,,,,,,,,,-579.638,205.136,812.359,-545.068,254.075,827.152,-568.66,211.251,773.243,-534.217,258.734,789.4,-503.494,299.34,1532.55,-607.87,300.695,1567.93,-448.95,407.598,1535.73,-515.202,486.948,1568.54
492,0,-121.104,300.137,1052.22,-142.315,226.619,995.786,-164.111,152.368,940.059,-172.024,126.426,923.093,,,,,,,,,,,,,-579.635,205.133,812.302,-545.095,254.054,827.114,-568.736,211.106,773.257,-534.229,258.726,789.394,-503.414,299.385,1532.48,-607.829,300.691,1567.9,-449.082,407.409,1536.15,-515.149,486.978,1568.51
493,0,-121.094,300.125,1052.21,-142.416,226.514,995.948,-164.146,152.297,940.013,-172.046,126.477,923.094,,,,,,,,,,,,,-579.657,205.096,812.338,-545.074,254.053,827.162,-568.853,210.822,773.308,-534.207,258.713,789.399,-503.346,299.631,1532.06,-607.805,300.738,1567.92,-449.125,407.471,1536.03,-515.107,487.001,1568.49
494,0,-121.073,300.132,1052.19,-142.422,226.498,995.941,-164.133,152.284,940.012,-172.021,126.436,923.095,,,,,,,,,,,,,-579.639,205.145,812.339,-545.084,254.053,827.145,-568.935,210.593,773.324,-534.228,258.712,789.374,-503.358,299.413,1532.42,-607.748,300.754,1567.9,-449.113,407.503,1535.91,-515.032,487.008,1568.44
495,0,-121.12,300.145,1052.26,-142.326,226.601,995.796,-164.139,152.285,940.011,-172.03,126.46,923.072,,,,,,,,,,,,,-579.642,205.072,812.361,-545.101,254.049,827.132,-568.95,210.581,773.354,-534.235,258.728,789.409,-503.318,299.452,1532.37,-607.692,300.808,1567.86,-449.009,407.496,1535.95,-515.006,487.028,1568.43
496,0,-121.078,300.112,1052.2,-142.438,226.49,995.953,-164.136,152.28,940.016,-172.024,126.477,923.081,,,,,,,,,,,,,-579.637,205.057,812.419,-545.072,254.052,827.146,-568.987,210.471,773.342,-534.249,258.72,789.41,-503.324,299.515,1532.3,-607.637,300.8,1567.85,-448.988,407.52,1535.92,-514.951,487.048,1568.39
497,0,-121.073,300.12,1052.21,-142.318,226.6,995.791,-164.132,152.289,940.017,-172.017,126.469,923.068,,,,,,,,,,,,,-579.652,205.035,812.376,-545.066,254.085,827.093,-569.779,209.614,770.888,-534.247,258.733,789.371,-503.308,299.421,1532.46,-607.601,300.836,1567.87,-448.959,407.551,1535.88,-514.898,487.065,1568.36
498,0,-121.078,300.106,1052.23,-142.325,226.59,995.802,-164.135,152.271,940.022,-172.024,126.464,923.073,,,,,,,,,,,,,-579.202,206.635,811.547,-545.079,254.048,827.123,-568.973,210.501,773.344,-534.241,258.728,789.396,-503.297,299.443,1532.44,-607.521,300.867,1567.81,-448.967,407.575,1535.84,-514.886,487.112,1568.35
499,0,-121.083,300.14,1052.2,-142.424,226.504,995.953,-164.138,152.271,940.013,-172.018,126.452,923.085,,,,,,,,,,,,,-579.522,205.4,812.196,-545.05,254.057,827.146,-568.997,210.452,773.359,-534.244,258.737,789.372,-503.251,299.473,1532.44,-607.466,300.882,1567.81,-448.958,407.611,1535.8,-514.836,487.141,1568.32
500,0,-121.088,300.135,1052.2,-142.304,226.618,995.787,-164.141,152.263,940.009,-172.014,126.49,923.08,,,,,,,,,,,,,-579.531,205.372,812.166,-545.031,254.114,827.112,-569.188,210.264,772.774,-534.211,258.765,789.376,-503.202,299.631,1532.23,-607.396,300.887,1567.79,-448.998,407.68,1535.75,-514.786,487.168,1568.27
501,0,-121.102,300.13,1052.2,-142.418,226.505,995.945,-164.143,152.254,940.004,-172.02,126.455,923.086,,,,,,,,,,,,,-579.513,205.375,812.206,-545.029,254.078,827.146,-569.172,210.253,772.783,-534.231,258.76,789.373,-503.117,299.599,1532.28,-607.343,300.918,1567.77,-448.969,407.694,1535.75,-514.77,487.202,1568.25
502,0,-121.101,300.144,1052.18,-142.419,226.506,995.937,-164.147,152.24,939.988,-172.016,126.466,923.092,,,,,,,,,,,,,-579.469,205.424,812.204,-545.054,254.155,827.097,-569.744,209.681,770.881,-534.224,258.798,789.361,-503.009,299.657,1532.22,-607.288,300.946,1567.75,-448.817,407.722,1535.75,-514.75,487.247,1568.23
503,0,-121.105,300.173,1052.16,-142.333,226.608,995.781,-164.159,152.23,939.989,-172.017,126.472,923.085,,,,,,,,,,,,,-579.44,205.429,812.214,-545.012,254.176,827.105,-569.73,209.679,770.882,-534.203,258.846,789.32,-503.129,299.597,1532.38,-607.235,300.958,1567.77,-448.907,407.763,1535.75,-514.699,487.27,1568.2
504,0,-121.161,300.151,1052.21,-142.45,226.518,995.935,-164.159,152.233,939.989,-172.039,126.429,923.084,,,,,,,,,,,,,-579.43,205.384,812.198,-545.004,254.195,827.121,-569.693,209.67,770.913,-534.231,258.862,789.345,-503.041,299.597,1532.38,-607.19,300.925,1567.76,-448.909,407.759,1535.8,-514.693,487.303,1568.17
505,0,-121.145,300.176,1052.18,-142.463,226.501,995.935,-164.147,152.216,939.977,-172.03,126.461,923.081,,,,,,,,,,,,,-579.396,205.411,812.249,-544.949,254.248,827.1,-569.69,209.713,770.882,-534.194,258.92,789.299,-502.992,299.728,1532.17,-607.111,300.947,1567.71,-448.916,407.818,1535.76,-514.667,487.357,1568.16
506,0,-121.16,300.175,1052.19,-142.36,226.606,995.782,-164.101,152.345,940.057,-172.007,126.424,923.092,,,,,,,,,,,,,-579.399,205.333,812.308,-544.943,254.302,827.096,-569.576,209.841,770.944,-534.157,258.918,789.357,-502.927,299.782,1532.09,-607.071,300.994,1567.71,-448.96,407.827,1535.78,-514.646,487.375,1568.15
507,0,-121.201,300.172,1052.2,-142.5,226.497,995.94,-164.144,152.263,940.012,-172.011,126.465,923.086,,,,,,,,,,,,,-579.374,205.286,812.389,-544.916,254.335,827.112,-569.595,209.77,770.959,-534.16,258.982,789.354,-502.857,299.83,1532.08,-607.003,301.003,1567.65,-448.754,407.902,1535.69,-514.64,487.41,1568.14
508,0,-121.208,300.182,1052.19,-142.503,226.5,995.935,-164.142,152.268,940.005,-172.017,126.443,923.085,,,,,,,,,,,,,-579.334,205.257,812.413,-544.869,254.328,827.125,-569.529,209.917,770.977,-534.122,259.036,789.378,-502.809,299.8,1532.14,-606.976,301.009,1567.68,-448.852,407.901,1535.76,-514.612,487.434,1568.12
509,0,-121.24,300.204,1052.18,-142.407,226.621,995.781,-164.146,152.29,940.009,-172.027,126.443,923.09,,,,,,,,,,,,,-579.313,205.258,812.438,-544.842,254.401,827.104,-567.91,212.682,772.952,-534.108,259.06,789.377,-502.798,299.941,1531.94,-606.952,301.005,1567.69,-448.845,407.955,1535.68,-514.602,487.452,1568.11
510,0,-121.258,300.203,1052.18,-142.527,226.525,995.924,-164.154,152.303,940,-172.02,126.463,923.091,,,,,,,,,,,,,-579.256,205.263,812.496,-544.799,254.413,827.131,-567.878,212.726,772.957,-534.069,259.079,789.411,-502.867,299.859,1532.11,-606.936,300.989,1567.71,-448.727,407.987,1535.64,-514.592,487.471,1568.1
511,0,-121.276,300.233,1052.15,-142.432,226.645,995.759,-164.169,152.302,939.989,-172.012,126.464,923.07,,,,,,,,,,,,,-579.211,205.322,812.499,-544.754,254.432,827.135,-567.847,212.726,772.951,-534.046,259.118,789.405,-502.654,300.158,1531.6,-606.868,301.032,1567.64,-448.751,408.009,1535.7,-514.571,487.48,1568.06
512,0,-121.311,300.258,1052.13,-142.564,226.563,995.901,-164.185,152.314,939.985,-172.021,126.474,923.081,,,,,,,,,,,,,-579.151,205.275,812.494,-544.688,254.453,827.151,-567.796,212.74,772.977,-533.988,259.161,789.403,-502.696,300.023,1531.83,-606.874,301.052,1567.66,-448.774,408.058,1535.63,-514.57,487.498,1568.05
513,0,-121.33,300.265,1052.13,-142.581,226.572,995.909,-164.188,152.319,939.972,-172.031,126.5,923.086,,,,,,,,,,,,,-579.132,205.206,812.545,-544.674,254.45,827.195,-567.761,212.756,773.036,-533.941,259.122,789.461,-502.667,300.035,1531.8,-606.849,301.056,1567.67,-448.746,408.053,1535.65,-514.561,487.509,1568.02
514,0,-121.35,300.285,1052.11,-142.593,226.587,995.901,-164.146,152.404,940.024,-172.009,126.452,923.083,,,,,,,,,,,,,-579.073,205.252,812.557,-544.618,254.532,827.14,-567.697,212.788,773.053,-533.916,259.18,789.453,-502.729,299.946,1531.94,-606.801,301.045,1567.63,-448.661,408.041,1535.66,-514.547,487.518,1568
515,0,-121.395,300.286,1052.12,-142.619,226.591,995.915,-164.19,152.338,939.984,-172.03,126.476,923.086,,,,,,,,,,,,,-579.011,205.299,812.532,-544.583,254.515,827.168,-567.66,212.796,773.078,-533.875,259.146,789.477,-502.703,299.929,1531.95,-606.826,301.056,1567.65,-448.712,408.059,1535.63,-514.545,487.523,1567.99
516,0,-121.419,300.286,1052.13,-142.523,226.703,995.759,-164.196,152.337,939.982,-172.03,126.482,923.067,,,,,,,,,,,,,-578.964,205.277,812.549,-544.539,254.528,827.146,-567.601,212.847,773.112,-533.83,259.171,789.473,-502.744,299.93,1531.96,-606.792,301.03,1567.62,-448.72,408.073,1535.58,-514.53,487.516,1567.97
517,0,-121.423,300.308,1052.11,-142.637,226.603,995.914,-164.193,152.337,939.979,-172.02,126.48,923.087,,,,,,,,,,,,,-578.923,205.176,812.636,-544.524,254.505,827.157,-567.554,212.818,773.144,-533.789,259.159,789.49,-502.55,300.151,1531.57,-606.797,301.029,1567.65,-448.722,408.063,1535.62,-514.524,487.518,1567.95
518,0,-121.45,300.314,1052.1,-142.66,226.602,995.905,-164.192,152.335,939.975,-172.019,126.454,923.073,,,,,,,,,,,,,-578.82,205.298,812.561,-544.456,254.482,827.211,-567.533,212.827,773.18,-533.764,259.152,789.5,-502.749,299.885,1531.97,-606.784,301.015,1567.61,-448.572,408.029,1535.64,-514.532,487.507,1567.96
519,0,-121.471,300.314,1052.1,-142.666,226.604,995.907,-164.191,152.325,939.968,-172.01,126.493,923.076,,,,,,,,,,,,,-578.765,205.352,812.518,-544.407,254.48,827.18,-567.47,212.851,773.185,-533.727,259.079,789.579,-502.463,299.983,1531.75,-606.782,301.015,1567.62,-448.661,408.011,1535.67,-514.53,487.487,1567.96
520,0,-121.5,300.328,1052.09,-142.678,226.618,995.896,-164.194,152.311,939.975,-172.009,126.485,923.081,,,,,,,,,,,,,-578.318,206.803,811.744,-544.381,254.476,827.221,-567.415,212.858,773.24,-533.696,259.075,789.548,-502.585,300.028,1531.66,-606.759,300.997,1567.62,-448.641,408.017,1535.63,-514.544,487.477,1567.96
521,0,-121.52,300.334,1052.08,-142.689,226.624,995.88,-164.156,152.394,940.016,-172.008,126.445,923.09,,,,,,,,,,,,,-578.604,205.532,812.418,-544.348,254.48,827.245,-567.38,212.893,773.254,-533.677,259.052,789.569,-502.704,299.714,1532.14,-606.795,300.997,1567.61,-448.742,408.01,1535.61,-514.56,487.45,1567.96
522,0,-121.526,300.326,1052.07,-142.692,226.618,995.891,-164.19,152.321,939.966,-172.001,126.504,923.09,,,,,,,,,,,,,-578.559,205.513,812.421,-544.277,254.457,827.261,-567.471,212.494,773.353,-533.653,259.042,789.559,-502.789,299.627,1532.24,-606.787,301.002,1567.63,-448.661,407.975,1535.64,-514.553,487.43,1567.98
523,0,-121.539,300.335,1052.06,-142.71,226.619,995.888,-164.156,152.408,940.006,-171.987,126.454,923.071,,,,,,,,,,,,,-578.525,205.505,812.431,-544.244,254.433,827.277,-567.393,212.585,773.364,-533.605,259.026,789.577,-502.772,299.753,1532.04,-606.789,300.952,1567.62,-448.55,407.933,1535.69,-514.567,487.4,1567.98
524,0,-121.572,300.333,1052.1,-142.729,226.618,995.894,-164.199,152.326,939.953,-172.021,126.478,923.075,,,,,,,,,,,,,-578.475,205.542,812.41,-544.236,254.424,827.29,-567.344,212.619,773.395,-533.571,258.998,789.59,-502.755,299.579,1532.24,-606.802,300.948,1567.61,-448.843,407.932,1535.54,-514.579,487.366,1568
525,0,-121.557,300.34,1052.06,-142.727,226.616,995.898,-164.198,152.329,939.961,-171.993,126.49,923.093,,,,,,,,,,,,,-578.441,205.442,812.464,-544.187,254.371,827.3,-567.344,212.505,773.414,-533.539,258.97,789.62,-502.808,299.53,1532.3,-606.823,300.875,1567.66,-448.751,407.888,1535.61,-514.55,487.319,1567.99
526,0,-121.585,300.339,1052.11,-142.738,226.613,995.905,-164.159,152.393,940.008,-171.98,126.457,923.083,,,,,,,,,,,,,-578.417,205.381,812.478,-544.131,254.33,827.334,-567.254,212.619,773.409,-533.533,258.934,789.586,-502.645,299.662,1532.01,-606.827,300.878,1567.64,-448.734,407.882,1535.47,-514.561,487.282,1568.01
527,0,-121.609,300.339,1052.11,-142.745,226.61,995.922,-164.188,152.325,939.967,-171.999,126.497,923.074,,,,,,,,,,,,,-578.383,205.304,812.535,-544.116,254.257,827.35,-567.292,212.386,773.476,-533.494,258.915,789.627,-502.629,299.773,1531.8,-606.839,300.857,1567.66,-448.854,407.811,1535.57,-514.565,487.25,1568
528,0,-121.623,300.35,1052.1,-142.766,226.613,995.92,-164.196,152.321,939.963,-171.994,126.487,923.073,,,,,,,,,,,,,-578.348,205.327,812.516,-544.081,254.22,827.374,-567.212,212.427,773.477,-533.419,258.89,789.626,-502.627,299.625,1531.97,-606.861,300.807,1567.69,-448.851,407.78,1535.52,-514.548,487.193,1568.01
529,0,-121.646,300.332,1052.12,-142.781,226.605,995.929,-164.198,152.318,939.955,-171.995,126.469,923.069,,,,,,,,,,,,,-578.336,205.134,812.604,-544.047,254.18,827.389,-567.272,212.143,773.517,-533.396,258.861,789.647,-502.655,299.816,1531.62,-606.862,300.796,1567.68,-448.926,407.739,1535.53,-514.545,487.146,1568.02
530,0,-121.657,300.331,1052.12,-142.646,226.747,995.733,-164.162,152.396,940.005,-171.972,126.443,923.07,,,,,,,,,,,,,-578.308,205.076,812.635,-544.028,254.085,827.376,-567.369,211.828,773.567,-533.364,258.804,789.662,-502.776,299.595,1531.9,-606.89,300.711,1567.69,-448.894,407.678,1535.58,-514.544,487.096,1568.01
531,0,-121.677,300.33,1052.13,-142.764,226.637,995.89,-164.196,152.313,939.957,-171.987,126.496,923.066,,,,,,,,,,,,,-578.306,205.027,812.659,-544.007,254.006,827.401,-567.38,211.645,773.611,-533.347,258.784,789.661,-502.66,299.49,1532.03,-606.935,300.711,1567.74,-448.893,407.655,1535.52,-514.55,487.054,1568.02
532,0,-121.703,300.346,1052.13,-142.669,226.751,995.738,-164.207,152.317,939.949,-171.993,126.472,923.073,,,,,,,,,,,,,-578.285,204.879,812.731,-543.976,253.973,827.362,-567.522,211.089,773.713,-533.342,258.707,789.672,-502.819,299.508,1531.94,-606.928,300.658,1567.73,-448.826,407.612,1535.48,-514.547,487.001,1568.02
533,0,-121.728,300.344,1052.14,-142.682,226.754,995.737,-164.181,152.393,940.012,-171.983,126.443,923.078,,,,,,,,,,,,,-578.268,204.874,812.736,-543.937,253.912,827.376,-567.55,210.927,773.744,-533.309,258.69,789.679,-502.906,299.358,1532.11,-606.967,300.609,1567.75,-448.901,407.497,1535.64,-514.551,486.94,1568.02
534,0,-121.741,300.343,1052.14,-142.686,226.758,995.738,-164.205,152.334,939.96,-171.979,126.51,923.07,,,,,,,,,,,,,-578.276,204.754,812.736,-543.94,253.903,827.372,-567.615,210.656,773.759,-533.286,258.674,789.693,-502.892,299.336,1532.07,-606.992,300.535,1567.77,-448.961,407.482,1535.59,-514.54,486.902,1568.03
535,0,-121.761,300.343,1052.14,-142.703,226.761,995.748,-164.211,152.339,939.948,-171.982,126.474,923.067,,,,,,,,,,,,,-578.235,204.727,812.801,-543.914,253.813,827.392,-567.728,210.321,773.849,-533.235,258.613,789.703,-502.921,299.26,1532.09,-606.955,300.55,1567.71,-448.971,407.383,1535.66,-514.538,486.84,1568.05
536,0,-121.795,300.349,1052.15,-142.727,226.77,995.749,-164.228,152.336,939.946,-172.005,126.485,923.08,,,,,,,,,,,,,-578.242,204.655,812.732,-543.92,253.816,827.367,-567.78,210.083,773.866,-533.25,258.592,789.711,-502.805,299.226,1532.05,-606.991,300.511,1567.74,-448.967,407.349,1535.65,-514.525,486.789,1568.04
537,0,-121.805,300.37,1052.15,-142.74,226.777,995.746,-164.198,152.426,940.013,-171.997,126.464,923.088,,,,,,,,,,,,,-578.195,204.694,812.716,-543.854,253.801,827.371,-567.715,210.221,773.85,-533.209,258.513,789.734,-502.815,299.173,1532.05,-607.045,300.443,1567.81,-448.983,407.358,1535.54,-514.532,486.742,1568.05
538,0,-121.835,300.36,1052.18,-142.762,226.787,995.758,-164.201,152.441,940.002,-171.992,126.47,923.084,,,,,,,,,,,,,-578.186,204.658,812.738,-543.865,253.751,827.384,-567.748,209.97,773.912,-533.196,258.459,789.718,-502.739,299.303,1531.72,-607.05,300.37,1567.77,-448.927,407.284,1535.56,-514.541,486.706,1568.08
539,0,-121.84,300.371,1052.17,-142.763,226.782,995.744,-164.204,152.442,940.006,-171.983,126.467,923.082,,,,,,,,,,,,,-578.157,204.694,812.718,-543.851,253.696,827.415,-567.703,210.014,773.93,-533.195,258.439,789.706,-502.953,299.057,1532.09,-607.038,300.342,1567.74,-449.003,407.229,1535.6,-514.507,486.648,1568.07
540,0,-121.888,300.377,1052.19,-142.79,226.798,995.762,-164.222,152.452,939.998,-171.993,126.484,923.075,,,,,,,,,,,,,-578.136,204.714,812.677,-543.844,253.687,827.389,-567.767,209.893,773.94,-533.188,258.39,789.73,-502.94,299.04,1532.03,-607.056,300.293,1567.75,-448.943,407.182,1535.57,-514.519,486.593,1568.08
541,0,-121.906,300.38,1052.19,-142.811,226.801,995.765,-164.223,152.447,940.002,-171.983,126.479,923.075,,,,,,,,,,,,,-578.131,204.682,812.708,-543.819,253.665,827.415,-567.78,209.776,773.975,-533.184,258.381,789.73,-502.869,298.901,1532.15,-607.061,300.25,1567.75,-448.804,407.138,1535.55,-514.511,486.542,1568.11
542,0,-121.945,300.359,1052.23,-142.816,226.802,995.76,-164.215,152.447,939.996,-171.982,126.489,923.084,,,,,,,,,,,,,-578.162,204.557,812.773,-543.812,253.661,827.408,-567.758,209.784,773.974,-533.155,258.345,789.721,-502.915,298.953,1531.98,-607.057,300.166,1567.77,-448.801,407.075,1535.55,-514.461,486.484,1568.1
543,0,-121.964,300.369,1052.21,-142.841,226.801,995.768,-164.222,152.449,939.992,-171.982,126.491,923.083,,,,,,,,,,,,,-578.152,204.538,812.784,-543.825,253.608,827.431,-567.708,209.903,773.915,-533.169,258.324,789.737,-502.83,298.762,1532.14,-607.074,300.145,1567.79,-448.756,407.013,1535.64,-514.464,486.439,1568.12
544,0,-121.983,300.299,1052.22,-142.858,226.796,995.766,-164.256,152.376,939.959,-171.988,126.523,923.072,,,,,,,,,,,,,-577.722,206.175,811.858,-543.796,253.601,827.424,-567.659,210.023,773.859,-533.154,258.31,789.743,-502.926,298.736,1532.13,-607.051,300.083,1567.76,-448.899,406.967,1535.63,-514.416,486.362,1568.11
545,0,-122.054,300.285,1052.29,-142.875,226.793,995.782,-164.277,152.369,939.972,-171.983,126.521,923.071,,,,,,,,,,,,,-578.044,204.936,812.461,-543.826,253.555,827.424,-567.737,209.834,773.898,-533.176,258.292,789.73,-502.815,298.683,1532.19,-607.029,300.015,1567.78,-448.675,406.87,1535.67,-514.355,486.306,1568.13
546,0,-122.103,300.271,1052.33,-142.908,226.787,995.798,-164.275,152.362,939.978,-171.993,126.515,923.076,,,,,,,,,,,,,-578.032,204.9,812.508,-543.825,253.55,827.419,-567.728,209.785,773.897,-533.166,258.272,789.721,-502.844,298.631,1532.18,-606.992,299.974,1567.74,-448.291,407.046,1535.1,-514.337,486.266,1568.16
547,0,-122.133,300.268,1052.34,-142.917,226.789,995.795,-164.28,152.359,939.97,-171.991,126.501,923.082,,,,,,,,,,,,,-578.071,204.873,812.461,-543.844,253.448,827.461,-567.662,210.024,773.815,-533.166,258.233,789.72,-502.766,298.567,1532.19,-606.984,299.913,1567.74,-448.571,406.865,1535.42,-514.276,486.187,1568.14
548,0,-122.159,300.246,1052.36,-142.941,226.784,995.82,-164.279,152.355,939.983,-171.989,126.491,923.085,,,,,,,,,,,,,-577.742,206.096,811.78,-543.883,253.415,827.45,-567.642,210.021,773.842,-533.173,258.182,789.718,-502.613,298.61,1531.97,-606.947,299.842,1567.73,-448.505,406.779,1535.44,-514.219,486.134,1568.17
549,0,-122.196,300.235,1052.38,-142.957,226.785,995.818,-164.291,152.341,939.978,-171.997,126.499,923.075,,,,,,,,,,,,,-578.085,204.805,812.413,-543.891,253.337,827.461,-567.66,210.036,773.808,-533.182,258.152,789.706,-502.547,298.492,1532.04,-606.927,299.826,1567.72,-448.14,406.842,1535.11,-514.15,486.07,1568.16
550,0,-122.208,300.207,1052.38,-142.976,226.774,995.824,-164.298,152.337,939.972,-171.993,126.504,923.063,,,,,,,,,,,,,-578.149,204.74,812.401,-543.925,253.285,827.449,-567.68,210,773.801,-533.213,258.111,789.663,-502.746,298.493,1532,-606.892,299.786,1567.69,-448.056,406.756,1535.11,-514.064,485.989,1568.14
551,0,-122.246,300.21,1052.42,-142.983,226.77,995.831,-164.302,152.326,939.976,-171.98,126.518,923.07,,,,,,,,,,,,,-578.135,204.732,812.399,-543.919,253.233,827.454,-567.622,210.145,773.729,-533.232,258.077,789.665,-502.637,298.34,1532.14,-606.848,299.691,1567.68,-448.282,406.547,1535.48,-513.991,485.927,1568.16
552,0,-122.259,300.178,1052.43,-143.005,226.769,995.851,-164.31,152.314,939.973,-172.001,126.535,923.08,,,,,,,,,,,,,-577.836,205.936,811.716,-543.946,253.204,827.404,-567.004,211.885,773.459,-533.249,258.05,789.627,-502.604,298.312,1532.1,-606.818,299.656,1567.69,-448.181,406.482,1535.46,-513.9,485.84,1568.14
553,0,-122.31,300.198,1052.45,-143.032,226.764,995.855,-164.328,152.312,939.954,-172.001,126.53,923.085,,,,,,,,,,,,,-578.192,204.667,812.385,-543.955,253.171,827.376,-567.066,211.73,773.469,-533.267,258.015,789.611,-502.501,298.232,1532.06,-606.761,299.607,1567.64,-448.071,406.434,1535.4,-513.851,485.782,1568.12
554,0,-122.338,300.164,1052.47,-143.05,226.76,995.871,-164.34,152.313,939.954,-172.012,126.5,923.085,,,,,,,,,,,,,-578.245,204.587,812.351,-543.962,253.115,827.361,-567.098,211.736,773.45,-533.288,257.974,789.598,-502.419,298.416,1531.59,-606.719,299.565,1567.62,-447.786,406.531,1535,-513.775,485.719,1568.12
555,0,-122.375,300.177,1052.49,-143.065,226.757,995.882,-164.34,152.312,939.956,-172.003,126.515,923.076,,,,,,,,,,,,,-578.265,204.516,812.28,-543.969,253.1,827.339,-567.084,211.722,773.377,-533.291,257.915,789.556,-502.499,298.111,1531.96,-606.66,299.524,1567.6,-447.899,406.288,1535.37,-513.722,485.672,1568.1
556,0,-122.41,300.138,1052.52,-143.099,226.757,995.903,-164.362,152.328,939.953,-171.998,126.545,923.076,,,,,,,,,,,,,-578.307,204.368,812.326,-543.977,253.055,827.318,-567.147,211.523,773.42,-533.308,257.888,789.552,-502.455,298.094,1531.85,-606.643,299.469,1567.58,-447.869,406.23,1535.3,-513.637,485.615,1568.06
557,0,-122.452,300.129,1052.56,-143.125,226.76,995.916,-164.314,152.435,940.014,-172.006,126.477,923.077,,,,,,,,,,,,,-577.951,205.671,811.625,-543.992,253.006,827.262,-567.176,211.505,773.404,-533.36,257.858,789.521,-502.445,298.219,1531.56,-606.554,299.435,1567.52,-447.783,406.15,1535.3,-513.577,485.574,1568.05
558,0,-122.505,300.133,1052.6,-143.153,226.764,995.931,-164.347,152.355,939.978,-172.002,126.51,923.067,,,,,,,,,,,,,-578.34,204.261,812.296,-543.988,252.95,827.268,-567.172,211.395,773.366,-533.341,257.792,789.479,-502.149,298.124,1531.45,-606.54,299.405,1567.57,-447.786,406.111,1535.19,-513.492,485.527,1568.03
559,0,-122.554,300.126,1052.63,-143.176,226.766,995.934,-164.357,152.362,939.976,-172.003,126.514,923.08,,,,,,,,,,,,,-578.349,204.244,812.196,-544.014,252.861,827.253,-567.193,211.355,773.335,-533.361,257.76,789.456,-502.204,297.888,1531.68,-606.444,299.37,1567.48,-447.718,406.06,1535.14,-513.433,485.493,1568
560,0,-122.598,300.113,1052.67,-143.206,226.755,995.96,-164.331,152.437,940.019,-171.996,126.474,923.089,,,,,,,,,,,,,-578.368,204.203,812.198,-544.028,252.831,827.213,-567.205,211.261,773.338,-533.377,257.724,789.421,-502.285,297.736,1531.8,-606.395,299.298,1567.5,-447.691,405.995,1535.11,-513.38,485.461,1567.98
561,0,-122.644,300.119,1052.69,-143.226,226.747,995.974,-164.376,152.366,939.984,-172.012,126.527,923.082,,,,,,,,,,,,,-578.37,204.128,812.208,-544.011,252.772,827.204,-567.201,211.242,773.294,-533.359,257.68,789.402,-501.922,297.942,1531.29,-606.296,299.265,1567.44,-447.624,405.918,1535.14,-513.308,485.417,1567.95
562,0,-122.693,300.116,1052.71,-143.265,226.736,995.995,-164.385,152.364,939.984,-172.007,126.514,923.068,,,,,,,,,,,,,-578.386,204.101,812.16,-544.041,252.757,827.144,-567.221,211.175,773.296,-533.354,257.651,789.374,-501.859,297.891,1531.24,-606.24,299.224,1567.42,-447.524,405.844,1535.16,-513.241,485.392,1567.92
563,0,-122.73,300.116,1052.73,-143.367,226.638,996.154,-164.39,152.362,939.983,-171.995,126.508,923.06,,,,,,,,,,,,,-578.401,204.009,812.204,-544.012,252.705,827.145,-567.204,211.146,773.258,-533.372,257.61,789.359,-501.758,297.88,1531.17,-606.177,299.186,1567.42,-447.506,405.784,1535.16,-513.143,485.348,1567.89
564,0,-122.764,300.121,1052.73,-143.416,226.629,996.16,-164.403,152.364,939.999,-172.007,126.524,923.08,,,,,,,,,,,,,-578.413,203.965,812.168,-544.025,252.685,827.09,-567.222,211.049,773.26,-533.353,257.585,789.345,-501.69,297.699,1531.4,-606.093,299.139,1567.39,-447.439,405.756,1535.13,-513.068,485.318,1567.87
565,0,-122.821,300.116,1052.75,-143.477,226.598,996.186,-164.412,152.356,939.995,-172.003,126.52,923.078,,,,,,,,,,,,,-578.421,203.892,812.155,-544.019,252.637,827.09,-567.193,211.151,773.179,-533.364,257.568,789.341,-501.611,297.841,1531.11,-606.002,299.102,1567.37,-447.452,405.693,1535.21,-513.011,485.311,1567.85
566,0,-122.857,300.114,1052.77,-143.472,226.613,996.19,-164.429,152.36,939.984,-172.007,126.515,923.071,,,,,,,,,,,,,-578.426,203.917,812.091,-544.031,252.6,827.062,-567.565,209.97,773.448,-533.353,257.538,789.292,-501.636,297.622,1531.49,-605.903,299.075,1567.34,-447.371,405.691,1535.13,-512.933,485.27,1567.83
567,0,-122.907,300.111,1052.78,-143.51,226.602,996.212,-164.431,152.345,939.979,-171.992,126.53,923.071,,,,,,,,,,,,,-578.403,203.896,812.084,-543.993,252.595,827.059,-567.553,209.878,773.439,-533.363,257.523,789.283,-501.455,297.862,1531.03,-605.804,299.031,1567.29,-447.364,405.691,1535.05,-512.87,485.237,1567.81
568,0,-122.952,300.108,1052.81,-143.541,226.597,996.231,-164.4,152.426,940.037,-172,126.479,923.069,,,,,,,,,,,,,-578.41,203.872,812.086,-543.995,252.576,827.083,-567.513,209.973,773.411,-533.326,257.503,789.265,-501.385,297.856,1531.01,-605.734,298.962,1567.33,-447.277,405.595,1535.28,-512.826,485.215,1567.82
569,0,-123.004,300.096,1052.84,-143.581,226.58,996.259,-164.446,152.372,940,-172.017,126.515,923.073,,,,,,,,,,,,,-578.405,203.806,812.088,-543.98,252.567,827.036,-567.181,210.86,773.228,-533.321,257.506,789.265,-501.396,297.724,1531.27,-605.63,298.948,1567.29,-447.184,405.618,1535.14,-512.751,485.168,1567.82
570,0,-123.061,300.084,1052.88,-143.612,226.555,996.273,-164.454,152.344,940.008,-171.833,126.736,923.09,,,,,,,,,,,,,-578.374,203.798,812.058,-543.984,252.525,827.006,-567.421,210.124,773.293,-533.29,257.502,789.244,-501.325,297.742,1531.22,-605.543,298.917,1567.27,-447.126,405.631,1535.11,-512.696,485.147,1567.82
571,0,-123.108,300.071,1052.92,-143.656,226.53,996.31,-164.47,152.358,940.015,-171.991,126.539,923.094,,,,,,,,,,,,,-578.357,203.814,812.029,-543.951,252.531,827.003,-567.394,210.123,773.279,-533.24,257.464,789.223,-501.219,297.616,1531.43,-605.446,298.886,1567.26,-447.149,405.607,1535.15,-512.636,485.111,1567.83
572,0,-123.163,300.064,1052.95,-143.704,226.517,996.319,-164.478,152.362,940.019,-171.979,126.543,923.083,,,,,,,,,,,,,-577.917,205.228,811.245,-543.939,252.586,826.903,-567.457,209.846,773.356,-533.231,257.489,789.179,-501.207,297.643,1531.38,-605.372,298.881,1567.25,-447.013,405.62,1535.1,-512.594,485.092,1567.82
573,0,-123.227,300.064,1052.97,-143.74,226.513,996.338,-164.493,152.365,940.023,-171.996,126.558,923.08,,,,,,,,,,,,,-578.28,203.872,811.934,-543.884,252.597,826.903,-567.324,210.223,773.187,-533.193,257.466,789.15,-501.05,297.862,1531,-605.304,298.848,1567.27,-446.97,405.662,1535,-512.53,485.062,1567.84
574,0,-123.279,300.072,1052.98,-143.768,226.515,996.355,-164.468,152.434,940.07,-171.829,126.691,923.105,,,,,,,,,,,,,-578.251,203.835,811.87,-543.884,252.541,826.877,-567.015,210.976,773.013,-533.173,257.469,789.12,-501.061,297.702,1531.25,-605.233,298.806,1567.27,-447.012,405.62,1535.14,-512.471,485.043,1567.85
575,0,-123.338,300.065,1053,-143.809,226.512,996.363,-164.517,152.355,940.02,-171.843,126.72,923.08,,,,,,,,,,,,,-578.234,203.806,811.83,-543.859,252.545,826.828,-567.338,210.04,773.187,-533.128,257.434,789.073,-500.893,297.826,1531.04,-605.175,298.783,1567.29,-446.837,405.688,1534.97,-512.439,485.024,1567.88
576,0,-123.405,300.069,1053.02,-143.846,226.5,996.375,-164.531,152.359,940.024,-171.988,126.544,923.07,,,,,,,,,,,,,-578.169,203.853,811.729,-543.826,252.48,826.802,-567.35,209.887,773.169,-533.096,257.437,789.038,-500.779,297.495,1531.5,-605.073,298.768,1567.24,-446.799,405.669,1535.04,-512.391,485.006,1567.91
577,0,-123.476,300.075,1053.06,-143.885,226.507,996.376,-164.546,152.363,940.021,-171.844,126.721,923.083,,,,,,,,,,,,,-578.147,203.815,811.685,-543.773,252.424,826.803,-567.234,210.18,773.015,-533.062,257.421,789.027,-500.72,297.555,1531.41,-605.038,298.753,1567.31,-446.737,405.662,1535.12,-512.346,484.993,1567.93
578,0,-123.525,300.078,1053.06,-143.917,226.51,996.381,-164.506,152.431,940.081,-171.83,126.698,923.093,,,,,,,,,,,,,-578.134,203.734,811.646,-543.736,252.392,826.735,-567.234,210.068,773.008,-532.981,257.377,789.035,-500.357,297.617,1531.3,-604.923,298.733,1567.25,-446.571,405.697,1535.09,-512.316,484.978,1567.94
579,0,-123.595,300.117,1053.07,-143.937,226.529,996.38,-164.572,152.371,940.032,-171.851,126.717,923.084,,,,,,,,,,,,,-578.081,203.778,811.576,-543.668,252.342,826.708,-567.228,210.018,772.955,-532.95,257.329,788.992,-500.657,297.455,1531.6,-604.863,298.708,1567.27,-446.603,405.692,1535.12,-512.264,484.959,1567.97
580,0,-123.767,299.941,1053.28,-143.991,226.537,996.386,-164.574,152.374,940.032,-171.845,126.722,923.097,,,,,,,,,,,,,-577.667,205.022,810.873,-543.653,252.183,826.794,-567.138,210.103,772.861,-532.861,257.285,788.991,-500.529,297.47,1531.63,-604.811,298.702,1567.28,-446.515,405.649,1535.31,-512.215,484.943,1568
581,0,-123.758,300.131,1053.09,-144.035,226.549,996.385,-164.543,152.456,940.074,-171.833,126.713,923.102,,,,,,,,,,,,,-577.99,203.796,811.47,-543.576,252.168,826.719,-567.132,209.988,772.83,-532.813,257.25,788.948,-500.372,297.535,1531.57,-604.724,298.687,1567.27,-446.45,405.705,1535.31,-512.156,484.937,1568.05
582,0,-123.921,300.02,1053.24,-144.077,226.564,996.39,-164.595,152.389,940.013,-171.85,126.731,923.092,,,,,,,,,,,,,-577.927,203.78,811.414,-543.526,252.126,826.718,-567.12,209.861,772.813,-532.743,257.203,788.98,-500.333,297.807,1531.29,-604.679,298.675,1567.31,-446.358,405.69,1535.47,-512.142,484.959,1568.14
583,0,-123.989,300.057,1053.23,-144.115,226.586,996.383,-164.614,152.402,940.016,-171.857,126.734,923.096,,,,,,,,,,,,,-577.885,203.772,811.406,-543.454,252.077,826.697,-567.076,209.748,772.79,-532.651,257.132,788.947,-500.269,297.708,1531.52,-604.6,298.657,1567.32,-446.234,405.789,1535.38,-512.092,484.972,1568.21
584,0,-123.987,300.252,1053.03,-144.165,226.601,996.392,-164.585,152.466,940.066,-171.85,126.715,923.12,,,,,,,,,,,,,-577.829,203.755,811.292,-543.374,252.074,826.652,-567.079,209.579,772.753,-532.602,257.071,788.953,-500.162,297.853,1531.42,-604.515,298.681,1567.31,-446.194,405.778,1535.59,-512.071,484.99,1568.3
585,0,-124.169,300.135,1053.2,-144.224,226.625,996.392,-164.599,152.468,940.076,-171.849,126.72,923.114,,,,,,,,,,,,,-577.77,203.741,811.288,-543.333,252.001,826.656,-566.988,209.585,772.687,-532.515,257.068,788.917,-500.017,297.637,1531.91,-604.442,298.668,1567.35,-446.048,405.778,1535.86,-512.034,485.013,1568.39
586,0,-124.162,300.346,1053.02,-144.277,226.644,996.389,-164.622,152.479,940.09,-171.858,126.713,923.109,,,,,,,,,,,,,-577.718,203.732,811.247,-543.25,251.997,826.602,-566.888,209.645,772.588,-532.454,257.012,788.88,-499.881,297.708,1531.91,-604.395,298.683,1567.44,-446.018,405.835,1536.01,-511.999,485.038,1568.47
587,0,-124.257,300.393,1053,-144.334,226.657,996.41,-164.685,152.407,940.044,-171.88,126.725,923.101,,,,,,,,,,,,,-577.67,203.593,811.319,-543.171,251.971,826.622,-567.04,208.865,772.861,-532.365,256.961,788.845,-499.814,297.884,1531.87,-604.328,298.663,1567.49,-445.998,405.881,1536.25,-511.99,485.084,1568.6
588,0,-124.35,300.425,1052.99,-144.397,226.659,996.423,-164.659,152.472,940.092,-171.87,126.709,923.117,,,,,,,,,,,,,-577.612,203.517,811.338,-543.102,251.938,826.615,-567.078,208.459,772.879,-532.284,257.013,788.771,-499.745,297.781,1532.27,-604.225,298.657,1567.52,-445.869,405.947,1536.43,-511.96,485.122,1568.72
589,0,-124.459,300.464,1053,-144.468,226.656,996.446,-164.727,152.398,940.069,-171.905,126.726,923.097,,,,,,,,,,,,,-577.558,203.454,811.323,-543.016,251.977,826.525,-567.033,208.392,772.803,-532.164,256.989,788.736,-499.764,297.808,1532.52,-604.164,298.661,1567.6,-445.831,406.036,1536.63,-511.968,485.171,1568.85
590,0,-124.561,300.468,1053,-144.531,226.642,996.472,-164.738,152.393,940.088,-171.919,126.693,923.117,,,,,,,,,,,,,-577.497,203.377,811.348,-542.927,251.967,826.552,-566.845,208.667,772.673,-532.083,256.915,788.759,-499.536,298.171,1532.22,-604.057,298.666,1567.64,-445.827,406.096,1536.77,-512.002,485.247,1568.99
591,0,-124.674,300.495,1053,-144.599,226.624,996.495,-164.766,152.372,940.125,-171.95,126.662,923.123,,,,,,,,,,,,,-576.988,204.829,810.57,-542.845,251.966,826.521,-566.806,208.562,772.694,-532.021,256.921,788.707,-499.485,298.107,1532.56,-603.985,298.727,1567.73,-445.826,406.198,1537.02,-512.023,485.333,1569.13
592,0,-124.834,300.511,1053.04,-144.72,226.598,996.543,-164.798,152.346,940.161,-171.995,126.624,923.119,,,,,,,,,,,,,-577.247,203.66,811.144,-542.761,252.008,826.483,-566.543,208.724,772.391,-531.949,256.948,788.629,-499.306,298.242,1532.63,-603.902,298.755,1567.81,-445.711,406.333,1537.23,-512.095,485.431,1569.29
593,0,-125.028,300.496,1053.06,-144.841,226.544,996.575,-164.852,152.31,940.178,-172.034,126.587,923.135,,,,,,,,,,,,,-577.157,203.654,811.118,-542.669,251.984,826.461,-566.465,208.779,772.356,-531.885,256.948,788.61,-499.213,298.36,1532.83,-603.78,298.762,1567.85,-445.534,406.482,1537.58,-512.156,485.531,1569.48
594,0,-125.263,300.437,1053.1,-144.992,226.437,996.625,-164.942,152.213,940.252,-172.104,126.459,923.162,,,,,,,,,,,,,-577.067,203.66,811.107,-542.595,251.997,826.421,-566.394,208.793,772.296,-531.766,256.933,788.582,-498.956,298.197,1533.41,-603.726,298.796,1567.99,-445.458,406.58,1537.89,-512.22,485.629,1569.71
595,0,-125.555,300.345,1053.1,-145.21,226.272,996.692,-165.065,152.059,940.31,-172.225,126.294,923.171,,,,,,,,,,,,,-576.954,203.629,811.124,-542.506,251.98,826.393,-566.168,209.152,772.259,-531.645,256.954,788.561,-498.943,298.517,1533.3,-603.617,298.858,1568.05,-445.445,406.76,1537.97,-512.271,485.731,1569.93
596,0,-125.94,300.217,1053.11,-145.445,226.161,996.685,-165.217,151.887,940.349,-172.489,125.901,923.221,,,,,,,,,,,,,-576.85,203.658,811.119,-542.431,251.99,826.363,-566.092,209.07,772.243,-531.541,257.001,788.548,-498.79,298.452,1533.8,-603.552,298.857,1568.18,-445.398,406.754,1538.61,-512.312,485.824,1570.13
597,0,-126.529,299.81,1053.38,-145.716,226.048,996.698,-165.388,151.673,940.405,-172.621,125.602,923.059,,,,,,,,,,,,,-576.78,203.568,811.144,-542.332,251.999,826.308,-565.944,209.144,772.232,-531.441,257.035,788.512,-498.668,298.732,1533.75,-603.463,298.886,1568.27,-445.289,406.993,1538.75,-512.3,485.904,1570.38
598,0,-126.825,299.957,1053.28,-146.06,225.901,996.757,-165.649,151.458,940.506,-172.829,125.422,923.081,,,,,,,,,,,,,-576.666,203.63,811.138,-542.258,252.008,826.278,-565.55,210.354,772.183,-531.351,257.048,788.517,-498.523,298.604,1534.44,-603.382,298.962,1568.39,-445.378,407.114,1539.11,-512.32,486.009,1570.69
599,0,-127.346,299.849,1053.32,-146.491,225.735,996.862,-165.961,151.255,940.593,-173.15,125.346,923.299,,,,,,,,,,,,,-576.561,203.509,811.224,-542.146,252.057,826.279,-565.486,210.244,772.207,-531.242,257.095,788.478,-498.312,298.814,1534.63,-603.344,298.995,1568.56,-445.01,407.601,1538.71,-512.389,486.15,1571
600,0,-128.08,299.466,1053.6,-146.935,225.609,996.959,-166.304,151.127,940.672,-173.484,125.268,923.325,,,,,,,,,,,,,-576.449,203.555,811.196,-542.031,252.199,826.187,-565.341,210.376,772.167,-531.166,257.106,788.468,-498.2,299.061,1534.64,-603.272,299.077,1568.67,-445.233,407.688,1539.51,-512.483,486.265,1571.29
601,0,-128.721,299.404,1053.75,-147.46,225.493,997.102,-166.74,151.096,940.768,-173.89,125.155,923.157,,,,,,,,,,,,,-576.339,203.482,811.24,-541.89,252.273,826.175,-565.298,210.195,772.162,-531.052,257.179,788.437,-498.105,299.009,1535.27,-603.22,299.115,1568.79,-445.101,407.85,1540.17,-512.581,486.391,1571.58
602,0,-129.343,299.397,1053.9,-148.038,225.444,997.249,-167.304,151.044,940.877,-174.309,125.234,923.247,,,,,,,,,,,,,-576.251,203.415,811.298,-541.746,252.379,826.153,-565.064,210.149,771.97,-530.926,257.257,788.465,-497.932,299.342,1535.27,-603.15,299.141,1568.89,-445.156,408.139,1540.55,-512.718,486.552,1571.88
603,0,-130.128,299.341,1054.16,-148.752,225.447,997.466,-168.113,151.044,941.024,-175.269,125.202,923.596,,,,,,,,,,,,,-576.2,203.211,811.535,-541.608,252.472,826.127,-564.612,211.099,771.918,-530.854,257.331,788.426,-497.838,299.28,1535.99,-603.08,299.218,1569.03,-445.267,408.295,1540.94,-512.865,486.701,1572.16
604,0,-131.001,299.332,1054.5,-149.646,225.546,997.632,-169.13,151.148,941.306,-176.359,125.509,923.777,,,,,,,,,,,,,-575.993,203.512,811.343,-541.469,252.57,826.107,-564.79,210.716,772.044,-530.715,257.386,788.441,-497.68,299.677,1536.07,-603.125,299.389,1569.2,-445.252,408.42,1541.45,-513.002,486.849,1572.44
605,0,-131.923,299.475,1054.82,-150.752,225.65,998.028,-170.356,151.331,941.699,-177.622,125.583,923.812,,,,,,,,,,,,,-575.795,203.569,811.288,-541.321,252.644,826.089,-564.658,210.79,772.03,-530.585,257.457,788.448,-497.593,299.628,1536.9,-602.98,299.39,1569.34,-445.257,408.576,1541.96,-513.145,486.989,1572.75
606,0,-133.072,299.516,1055.35,-151.881,225.738,998.524,-171.86,151.468,942.295,-179.385,125.949,924.365,,,,,,,,,,,,,-575.695,203.526,811.325,-541.186,252.752,826.074,-564.512,210.87,772.018,-530.49,257.513,788.449,-497.591,299.972,1537.23,-602.944,299.473,1569.54,-445.016,408.756,1542.71,-513.325,487.198,1573.12
607,0,-134.191,299.614,1055.94,-153.384,225.904,999.15,-173.652,151.582,943.116,-181.285,126.089,925.205,,,,,,,,,,,,,-575.574,203.422,811.357,-541.006,252.849,826.05,-564.354,210.941,772.001,-530.315,257.563,788.483,-497.337,299.934,1537.9,-602.888,299.599,1569.77,-445.152,409.151,1543.18,-513.509,487.393,1573.55
608,0,-135.463,299.722,1056.72,-154.908,226.019,1000.09,-175.704,151.571,944.294,-183.466,126.104,926.422,,,,,,,,,,,,,-574.895,205.254,810.4,-540.871,252.923,826.024,-564.175,211.026,772.026,-530.176,257.593,788.439,-497.206,300.267,1538.19,-602.803,299.696,1569.97,-445.139,409.475,1543.8,-513.671,487.547,1574.03
609,0,-136.781,299.801,1057.73,-156.787,225.991,1001.39,-177.952,151.507,945.898,-185.798,126.239,928.163,,,,,,,,,,,,,-575.1,203.984,811.043,-540.716,253.014,826.03,-563.807,211.621,771.977,-530.044,257.674,788.404,-497.013,300.553,1538.69,-602.769,299.765,1570.2,-444.703,409.841,1544.14,-513.875,487.741,1574.51
610,0,-138.162,299.86,1058.91,-158.726,225.873,1003,-180.453,151.094,948.138,-188.521,125.496,930.243,,,,,,,,,,,,,-574.903,204.045,810.995,-540.564,253.06,826.014,-563.599,211.616,771.962,-529.879,257.753,788.357,-496.971,300.594,1539.54,-602.73,299.888,1570.47,-444.672,409.966,1545.12,-514.026,487.907,1574.94
611,0,-139.591,299.849,1060.37,-160.763,225.541,1005.03,-183.048,150.501,950.836,-191.244,125.028,933.435,,,,,,,,,,,,,-574.699,204.09,810.982,-540.432,253.078,825.986,-563.436,211.54,771.98,-529.753,257.882,788.277,-496.923,300.87,1540.28,-602.696,299.948,1570.76,-445.317,410.315,1546,-514.259,488.107,1575.39
612,0,-141.109,299.73,1062.14,-162.911,225.109,1007.44,-185.952,149.501,954.382,-194.175,124.135,937.117,,,,,,,,,,,,,-574.547,204.153,810.954,-540.27,253.087,825.995,-563.626,210.31,772.19,-529.603,257.933,788.253,-496.658,301.543,1540.51,-602.685,300.094,1571.08,-444.953,410.693,1547.15,-514.693,488.473,1576.01
613,0,-142.638,299.565,1064.13,-165.057,224.353,1010.29,-188.703,148.242,958.367,-197.354,122.597,941.365,,,,,,,,,,,,,-574.373,204.206,810.909,-540.111,253.082,825.973,-563.465,210.179,772.217,-529.38,258.049,788.181,-496.552,301.777,1541.24,-602.675,300.205,1571.45,-445.271,411.118,1547.6,-514.937,488.755,1576.52
614,0,-144.133,299.33,1066.36,-167.246,223.426,1013.73,-191.441,146.807,962.836,-200.413,120.848,946.222,,,,,,,,,,,,,-573.784,205.563,810.214,-539.942,253.121,825.857,-563.8,208.188,773.172,-529.187,258.107,788.122,-496.371,302.162,1541.98,-602.592,300.357,1571.74,-445.299,411.522,1548.52,-515.321,489.105,1577.18
615,0,-145.739,299.04,1068.93,-169.44,222.389,1017.46,-194.172,145.268,967.882,-203.441,118.974,951.777,,,,,,,,,,,,,-574.006,204.24,810.867,-539.783,253.151,825.808,-563.639,208.232,773.145,-529.034,258.074,788.085,-496.232,302.172,1543.16,-602.585,300.513,1572.12,-445.426,411.942,1549.62,-515.605,489.289,1577.81
616,0,-147.1,298.7,1071.45,-171.626,221.104,1022.24,-196.982,143.515,973.459,-206.493,117.218,958.044,,,,,,,,,,,,,-573.63,205.043,810.603,-539.618,253.186,825.79,-563.028,209.803,772.335,-528.845,258.06,788.133,-495.884,302.463,1544.03,-602.555,300.683,1572.49,-445.355,412.293,1551.03,-515.973,489.659,1578.49
617,0,-148.69,298.29,1074.52,-173.802,220.1,1026.68,-199.723,141.527,979.465,-209.442,115.175,964.588,,,,,,,,,,,,,-573.282,205.541,810.14,-539.43,253.225,825.779,-562.884,209.713,772.351,-528.659,258.141,788.086,-495.853,303.15,1544.7,-602.51,300.854,1572.87,-445.475,412.839,1551.92,-516.33,490.06,1579.12
618,0,-149.989,297.869,1077.41,-175.802,218.832,1031.41,-202.271,139.615,986.027,-212.167,113.189,971.501,,,,,,,,,,,,,-573.108,205.539,810.126,-539.255,253.233,825.767,-562.752,209.613,772.327,-528.493,258.13,788.065,-495.755,303.605,1545.55,-602.452,301.021,1573.28,-445.687,413.446,1552.71,-516.815,490.474,1579.81
619,0,-151.472,297.763,1080.45,-177.793,217.634,1036.41,-204.798,137.59,992.792,-214.885,110.524,978.891,,,,,,,,,,,,,-573.356,204.196,810.88,-539.061,253.263,825.771,-562.62,209.521,772.35,-528.346,258.098,788.072,-495.659,303.772,1546.86,-602.394,301.205,1573.66,-445.85,413.924,1553.96,-517.225,490.865,1580.45
620,0,-152.808,297.42,1083.85,-179.613,216.422,1041.68,-207.059,135.673,999.844,-217.385,108.253,986.689,,,,,,,,,,,,,-573.149,204.193,810.856,-538.875,253.26,825.757,-562.497,209.437,772.382,-528.155,258.094,788.107,-495.353,304.499,1547.4,-602.352,301.351,1574.17,-445.905,414.459,1555.13,-517.705,491.301,1581.21
621,0,-153.847,297.079,1086.86,-181.464,215.277,1047.42,-209.066,133.609,1006.84,-219.668,106.209,994.859,,,,,,,,,,,,,-572.964,204.22,810.873,-538.702,253.223,825.779,-562.246,209.563,772.348,-527.961,258.087,788.099,-495.129,304.92,1548.46,-602.302,301.599,1574.6,-445.859,415.128,1556.36,-518.079,491.709,1581.93
622,0,-155.146,296.839,1090.76,-182.801,214.21,1052.78,-210.763,131.13,1014.83,-221.64,103.949,1003.24,,,,,,,,,,,,,-572.776,204.207,810.891,-538.508,253.283,825.754,-562.069,209.645,772.27,-527.829,258.111,788.103,-495.02,305.774,1549.37,-602.235,301.841,1575.01,-446.163,415.651,1557.44,-518.614,492.238,1582.71
623,0,-156.026,296.558,1094.5,-184.106,213.249,1058.55,-212.488,129.059,1023.52,-223.303,101.888,1011.95,,,,,,,,,,,,,-572.594,204.159,810.871,-538.35,253.259,825.751,-561.819,209.813,772.199,-527.692,258.116,788.063,-494.812,306.053,1550.51,-602.214,302.13,1575.52,-446.245,416.41,1558.83,-519.17,492.652,1583.43
624,0,-156.92,296.431,1098.21,-185.137,212.217,1064.52,-213.319,126.976,1031.03,-224.585,99.7062,1020.87,,,,,,,,,,,,,-572.429,204.167,810.89,-538.18,253.308,825.697,-561.686,209.755,772.188,-527.491,258.107,788.128,-494.625,306.642,1551.57,-602.137,302.366,1576.02,-446.221,416.89,1560.23,-519.613,493.115,1584.09
625,0,-157.678,296.265,1102.07,-185.986,211.214,1070.67,-214.262,125.189,1039.31,-225.403,97.4183,1029.91,,,,,,,,,,,,,-572.23,204.14,810.89,-538.032,253.242,825.689,-561.37,209.9,771.906,-527.331,258.021,788.181,-494.415,307.197,1552.63,-602.022,302.553,1576.5,-446.465,417.74,1561.24,-520.234,493.701,1584.83
626,0,-158.372,296.296,1105.95,-186.459,210.233,1076.65,-214.573,123.383,1047.88,-225.883,95.7129,1039.23,,,,,,,,,,,,,-571.645,205.635,810.1,-537.864,253.26,825.647,-561.347,209.618,771.861,-527.124,258.088,788.127,-494.186,307.597,1553.81,-601.959,302.824,1577.02,-446.903,418.426,1562.56,-520.794,494.184,1585.62
627,0,-158.908,296.214,1110.07,-186.738,209.405,1083.26,-214.536,121.725,1056.64,-225.797,93.6059,1048.72,,,,,,,,,,,,,-571.855,204.25,810.808,-537.655,253.312,825.702,-561.159,209.723,771.879,-526.937,258.113,788.042,-494.05,308.268,1554.81,-601.807,303.148,1577.47,-446.869,419.408,1563.02,-521.245,494.618,1586.35
628,0,-159.12,296.134,1114.24,-186.565,208.551,1089.53,-214.061,120.016,1065.49,-225.273,91.3497,1058.4,,,,,,,,,,,,,-571.78,203.922,811.082,-537.48,253.276,825.71,-561.003,209.792,771.841,-526.714,258.197,787.989,-493.901,309.164,1555.77,-601.733,303.415,1577.98,-446.861,419.937,1564.57,-521.81,495.191,1587.13
629,0,-159.331,296.17,1118.38,-186.15,207.841,1096.11,-213.051,118.453,1074.4,-224.176,89.0845,1068.08,,,,,,,,,,,,,-571.608,203.966,811.094,-537.281,253.247,825.703,-560.825,209.851,771.809,-526.512,258.218,788.012,-493.682,309.386,1556.97,-601.694,303.75,1578.51,-447.119,420.745,1565.74,-522.242,495.745,1588.12
630,0,-159.209,296.191,1122.57,-185.412,207.033,1102.61,-211.489,116.81,1083.42,-222.473,87.2477,1077.88,,,,,,,,,,,,,-571.198,204.449,810.578,-537.087,253.249,825.692,-560.63,210.006,771.751,-526.345,258.341,787.93,-493.441,310.069,1558.05,-601.591,303.954,1578.97,-447.303,421.487,1566.79,-522.887,496.298,1588.41
631,0,-159.025,296.293,1126.8,-184.217,206.252,1109.25,-209.683,115.669,1092.91,-219.972,85.3888,1087.7,,,,,,,,,,,,,-571.167,204.287,810.791,-536.893,253.223,825.682,-560.466,209.937,771.691,-526.191,258.404,787.93,-493.212,310.634,1559.13,-601.46,304.242,1579.5,-447.455,422.292,1567.98,-523.456,496.922,1589.32
632,0,-158.525,296.377,1131.03,-182.758,205.584,1116.08,-206.762,114.258,1101.54,-217.025,83.9366,1097.47,,,,,,,,,,,,,-570.968,204.273,810.819,-536.727,253.242,825.664,-560.329,209.933,771.658,-526.154,258.4,788.04,-492.997,311.255,1560.14,-601.333,304.575,1579.99,-447.678,423.09,1569.14,-523.903,497.393,1589.84
633,0,-157.906,296.405,1135.38,-180.878,204.906,1122.75,-204.391,112.891,1110.65,-213.281,82.1805,1107.24,,,,,,,,,,,,,-570.751,204.342,810.756,-536.57,253.27,825.674,-560.128,209.927,771.709,-525.764,259.012,787.812,-492.79,311.92,1561.2,-601.177,304.875,1580.47,-447.734,423.785,1570.35,-524.442,497.9,1590.45
634,0,-157.128,296.477,1139.59,-178.677,204.338,1129.39,-200.572,111.591,1119.62,-209.148,80.9687,1117.09,,,,,,,,,,,,,-570.577,204.357,810.759,-536.422,253.279,825.633,-559.861,210.078,771.744,-525.589,258.892,787.617,-492.6,312.576,1562.25,-601.014,305.181,1580.94,-448.121,424.61,1571.37,-524.992,498.453,1591.06
635,0,-156.218,296.514,1143.8,-176.163,203.849,1135.95,-196.402,110.509,1128.59,-204.482,79.4383,1126.82,,,,,,,,,,,,,-570.378,204.339,810.768,-536.267,253.313,825.647,-559.494,210.375,771.716,-525.587,258.951,787.695,-492.398,313.439,1563.1,-600.915,305.459,1581.44,-448.284,425.468,1572.37,-525.583,499.207,1591.54
636,0,-155.147,296.684,1147.91,-173.258,203.474,1142.28,-191.871,109.678,1137.53,-199.315,78.5211,1136.47,,,,,,,,,,,,,-570.272,204.055,811.068,-536.15,253.329,825.659,-559.386,210.142,771.728,-525.467,258.996,787.68,-492.168,313.836,1564.19,-600.774,305.856,1581.93,-448.433,426.241,1573.32,-526.051,499.635,1592.33
637,0,-154.078,297.02,1152.17,-170.251,203.275,1148.68,-186.921,109,1146.33,-193.843,77.5192,1146,,,,,,,,,,,,,-569.898,204.424,810.648,-536.001,253.362,825.675,-559.221,210.163,771.598,-525.329,259.05,787.714,-492.042,314.772,1565.04,-600.637,306.233,1582.39,-448.455,426.875,1574.7,-526.533,500.291,1592.71
638,0,-152.593,297.238,1156.1,-166.887,203.246,1154.96,-181.58,108.668,1154.92,-187.898,76.8649,1155.19,,,,,,,,,,,,,-569.721,204.405,810.636,-535.814,253.472,825.625,-558.963,210.113,771.675,-525.157,259.145,787.724,-491.758,315.121,1566.08,-600.455,306.503,1582.86,-448.856,427.774,1575.52,-526.975,500.81,1593.41
639,0,-151.064,297.578,1160.13,-163.24,203.305,1161.15,-175.943,108.484,1163.38,-181.566,76.6591,1164.39,,,,,,,,,,,,,-569.546,204.418,810.693,-535.621,253.504,825.625,-558.706,210.174,771.656,-524.999,259.163,787.748,-491.58,315.785,1567.06,-600.259,306.814,1583.25,-448.658,428.538,1576.65,-527.52,501.347,1593.89
640,0,-149.501,298.127,1164.2,-159.936,203.609,1167.54,-169.861,108.766,1171.62,-174.82,76.4731,1173.18,,,,,,,,,,,,,-569.378,204.35,810.7,-535.485,253.552,825.66,-558.578,210.065,771.604,-524.835,259.147,787.746,-491.336,316.535,1567.93,-600.113,307.138,1583.75,-449.091,429.371,1577.39,-527.956,501.826,1594.39
641,0,-147.776,298.667,1168.07,-155.924,203.947,1173.52,-163.163,109.05,1179.63,-167.699,77.1242,1181.93,,,,,,,,,,,,,-569.164,204.374,810.794,-535.297,253.558,825.663,-558.412,210.04,771.555,-524.666,259.155,787.721,-491.121,317.349,1568.71,-599.918,307.49,1584.18,-449.195,430.218,1578.44,-528.452,502.434,1594.87
642,0,-145.946,299.31,1171.8,-151.77,204.638,1179.38,-156.79,109.679,1187.39,-160.402,77.6305,1190.41,,,,,,,,,,,,,-568.9,204.493,810.687,-535.081,253.606,825.66,-558.254,210.064,771.527,-524.471,259.169,787.747,-490.847,317.682,1569.77,-599.738,307.78,1584.67,-449.46,430.946,1579.18,-529.025,503.231,1595.3
643,0,-144.188,300.091,1175.66,-147.53,205.464,1184.96,-150.268,110.581,1194.85,-152.722,78.8225,1198.5,,,,,,,,,,,,,-568.725,204.361,810.686,-534.76,254.001,825.576,-558.054,210.102,771.481,-524.293,259.105,787.789,-490.79,318.728,1570.51,-599.641,308.053,1585.22,-449.556,431.706,1580.13,-529.427,503.575,1595.82
644,0,-142.147,300.824,1179.36,-143.306,206.484,1190.45,-143.42,111.599,1202.55,-145.187,79.8153,1206.49,,,,,,,,,,,,,-568.483,204.513,810.591,-534.72,253.827,825.714,-557.837,210.216,771.482,-524.489,258.593,787.473,-490.516,319.038,1571.51,-599.404,308.388,1585.51,-449.835,432.543,1581.06,-529.842,504.096,1596.24
645,0,-139.991,301.708,1182.88,-138.494,207.478,1195.78,-136.345,112.909,1209.66,-137.32,81.2515,1214.19,,,,,,,,,,,,,-568.23,204.757,810.466,-534.606,253.781,825.729,-557.662,210.267,771.51,-524.315,258.652,787.464,-490.276,319.614,1572.35,-599.28,308.712,1585.95,-449.869,433.294,1581.93,-530.339,504.803,1596.78
646,0,-137.677,302.657,1186.22,-133.775,208.736,1200.89,-129.597,114.677,1216.41,-129.407,82.8162,1222.24,,,,,,,,,,,,,-568.019,204.844,810.393,-534.305,254.072,825.596,-557.755,210.155,771.944,-524.133,258.668,787.455,-490.081,320.317,1573.06,-599.082,309.116,1586.33,-450.041,434.001,1582.67,-530.662,505.166,1597.16
647,0,-135.347,303.605,1189.44,-128.945,210.143,1205.77,-122.155,116.551,1222.93,-121.162,84.8429,1229.11,,,,,,,,,,,,,-567.357,206.296,809.449,-534.164,254.05,825.565,-557.662,209.793,771.917,-523.948,258.604,787.508,-489.867,320.916,1573.84,-598.932,309.453,1586.69,-450.303,434.811,1583.58,-531.17,505.933,1597.66
648,0,-133.003,304.644,1192.36,-123.909,211.716,1210.18,-114.587,118.576,1229.07,-112.63,87.384,1235.38,,,,,,,,,,,,,-567.615,204.88,810.45,-533.964,254.224,825.563,-557.005,210.881,771.707,-523.8,258.645,787.482,-489.677,321.387,1574.63,-598.742,309.718,1586.99,-450.37,435.395,1584.31,-531.561,506.448,1598.05
649,0,-130.478,305.809,1195.32,-118.945,213.425,1214.59,-107.026,120.855,1234.87,-104.209,90.0248,1241.83,,,,,,,,,,,,,-567.449,204.766,810.483,-533.801,254.205,825.528,-557.066,210.374,771.707,-523.656,258.624,787.439,-489.563,322.073,1575.39,-598.564,310.033,1587.35,-450.514,436.245,1584.98,-531.854,506.941,1598.42
650,0,-127.998,306.959,1198.17,-113.966,215.237,1218.73,-99.5019,123.318,1240.39,-95.88,92.4623,1247.78,,,,,,,,,,,,,-566.748,206.39,809.482,-533.506,254.197,825.439,-557.001,209.92,771.706,-523.498,258.639,787.405,-489.495,322.736,1576.12,-598.394,310.383,1587.71,-450.655,436.875,1585.72,-532.278,507.437,1598.69
651,0,-125.481,308.156,1200.81,-108.864,217.148,1222.66,-91.8922,126.004,1245.43,-87.5277,95.4608,1253.12,,,,,,,,,,,,,-566.511,206.321,809.475,-533.467,254.144,825.617,-556.675,210.423,771.802,-523.358,258.672,787.322,-489.202,323.204,1576.85,-598.204,310.675,1588.04,-450.829,437.515,1586.57,-532.703,507.923,1599.09
652,0,-122.908,309.459,1203.22,-103.777,219.209,1226.17,-84.3583,128.626,1250.26,-78.8943,98.6559,1258.11,,,,,,,,,,,,,-566.319,206.301,809.461,-533.255,254.205,825.617,-556.35,210.835,771.808,-523.2,258.689,787.257,-488.979,323.64,1577.56,-598.07,310.98,1588.39,-450.965,438.246,1587.26,-532.95,508.407,1599.5
653,0,-120.21,310.724,1205.56,-98.5414,221.369,1229.38,-76.509,131.691,1254.26,-70.4639,101.752,1262.5,,,,,,,,,,,,,-566.17,206.382,809.425,-533.206,253.961,825.689,-556.13,211.021,771.809,-523.074,258.725,787.193,-488.683,324.28,1578.47,-597.957,311.234,1588.73,-450.968,438.749,1588,-533.267,508.858,1599.87
654,0,-117.557,312.096,1207.69,-93.3438,223.604,1232.32,-68.8434,134.784,1257.84,-61.9997,105.185,1266.37,,,,,,,,,,,,,-565.992,206.425,809.468,-532.978,254.068,825.656,-556.167,210.598,771.851,-522.921,258.755,787.212,-488.513,324.773,1579.14,-597.801,311.522,1589.02,-451.166,439.382,1588.7,-533.66,509.355,1600.24
655,0,-114.796,313.45,1209.59,-88.0809,225.843,1234.83,-61.1267,137.939,1260.94,-53.3183,108.771,1269.7,,,,,,,,,,,,,-565.797,206.44,809.457,-532.8,254.11,825.689,-556.035,210.426,771.888,-522.75,258.704,787.195,-488.432,325.282,1579.7,-597.675,311.839,1589.36,-451.427,440.069,1589.33,-533.942,509.741,1600.51
656,0,-112.006,314.805,1211.33,-82.8604,228.212,1237.03,-53.4363,141.165,1263.59,-44.6648,112.377,1272.39,,,,,,,,,,,,,-565.632,206.434,809.471,-532.659,254.088,825.678,-555.833,210.535,771.875,-522.646,258.741,787.197,-488.499,326.063,1580.08,-597.545,312.128,1589.64,-451.507,440.615,1589.83,-534.135,510.066,1600.91
657,0,-109.295,316.241,1212.94,-77.6705,230.555,1238.98,-45.7687,144.521,1265.78,-36.4602,115.893,1274.72,,,,,,,,,,,,,-565.486,206.438,809.559,-532.511,254.125,825.697,-555.619,210.718,771.89,-522.466,258.747,787.331,-488.325,326.425,1580.86,-597.442,312.449,1589.94,-451.585,441.153,1590.39,-534.422,510.493,1601.22
658,0,-106.505,317.679,1214.35,-72.5237,232.953,1240.53,-38.1064,147.898,1267.51,-28.1204,119.6,1276.53,,,,,,,,,,,,,-565.289,206.462,809.575,-532.386,254.169,825.697,-555.45,210.725,771.867,-522.377,258.783,787.299,-488.341,326.954,1581.14,-597.505,312.781,1590.09,-451.805,441.752,1590.96,-534.677,510.893,1601.48
659,0,-103.761,319.169,1215.63,-67.3234,235.36,1241.78,-30.5533,151.272,1268.84,-19.7542,123.374,1277.84,,,,,,,,,,,,,-565.492,205.371,810.418,-532.269,254.185,825.715,-555.143,211.031,771.872,-522.242,258.907,787.371,-488.099,327.282,1581.91,-597.208,313.045,1590.36,-451.99,442.23,1591.51,-534.969,511.485,1601.84
660,0,-101.028,320.542,1216.74,-62.3823,237.774,1242.73,-23.2022,154.724,1269.74,-11.6396,126.978,1278.71,,,,,,,,,,,,,-565.337,205.356,810.517,-532.149,254.188,825.733,-554.958,211.164,771.907,-522.162,258.95,787.34,-487.915,327.631,1582.42,-597.073,313.359,1590.61,-452.079,442.77,1592.06,-535.23,511.805,1602.06
661,0,-98.386,321.901,1217.69,-57.4929,240.253,1243.46,-16.0482,158.142,1270.27,-3.78424,130.714,1279.15,,,,,,,,,,,,,-565.159,205.42,810.495,-532.028,254.21,825.767,-554.879,210.911,771.904,-522.06,259.015,787.362,-487.815,328.056,1582.95,-597.022,313.61,1590.91,-452.254,443.227,1592.54,-535.508,512.154,1602.34
662,0,-95.6781,323.341,1218.5,-52.6318,242.671,1243.9,-8.97786,161.529,1270.53,3.90109,134.505,1279.19,,,,,,,,,,,,,-565.021,205.431,810.502,-531.909,254.221,825.824,-554.733,210.832,771.943,-521.971,259.056,787.379,-487.781,328.443,1583.48,-596.948,313.836,1591.15,-452.298,443.647,1593.04,-535.745,512.558,1602.6
663,0,-92.9526,324.813,1219.17,-47.8726,245.191,1244.04,-2.03752,164.932,1270.42,11.4618,138.263,1278.85,,,,,,,,,,,,,-564.499,206.452,809.858,-531.76,254.213,825.821,-554.551,211.036,771.89,-521.88,259.121,787.386,-487.766,328.827,1584,-596.907,314.001,1591.37,-452.271,444.029,1593.6,-535.885,512.743,1602.87
664,0,-90.2219,326.213,1219.66,-43.3009,247.57,1244.02,4.68991,168.332,1270.04,18.8135,142.086,1278.17,,,,,,,,,,,,,-564.345,206.481,809.882,-531.631,254.264,825.848,-554.476,210.882,771.961,-521.785,259.194,787.387,-487.742,329.222,1584.47,-596.917,314.255,1591.63,-452.497,444.493,1594.01,-536.201,513.312,1602.99
665,0,-87.5064,327.66,1220.06,-38.5691,250.037,1243.93,11.1332,171.762,1269.27,25.8529,145.803,1277.35,,,,,,,,,,,,,-564.228,206.491,809.919,-531.487,254.323,825.877,-554.266,210.986,771.945,-521.677,259.275,787.4,-487.715,329.549,1584.91,-597.022,314.533,1591.83,-452.701,444.901,1594.46,-536.409,513.602,1603.24
666,0,-84.7969,329.289,1220.38,-34.0525,252.499,1243.57,17.3526,175.14,1268.28,33.2614,149.55,1276.37,,,,,,,,,,,,,-564.082,206.516,809.921,-531.336,254.35,825.897,-554.176,210.876,772.019,-521.583,259.322,787.411,-487.647,329.883,1585.29,-596.816,314.816,1592.01,-452.813,445.35,1594.87,-536.516,513.819,1603.53
667,0,-82.1086,330.794,1220.57,-29.4547,254.945,1243.18,23.6598,178.696,1267.04,40.0959,153.194,1275.17,,,,,,,,,,,,,-564.218,205.67,810.585,-531.172,254.377,825.941,-553.901,211.234,772.039,-521.473,259.377,787.449,-487.579,330.206,1585.67,-596.795,315.039,1592.22,-452.842,445.707,1595.23,-536.586,514.051,1603.7
668,0,-79.3698,332.193,1220.66,-25.1735,257.402,1242.49,29.6792,182.087,1265.71,46.8125,157.028,1273.57,,,,,,,,,,,,,-564.056,205.75,810.551,-531.048,254.392,825.974,-553.713,211.349,772.049,-521.351,259.451,787.459,-487.607,330.64,1585.86,-596.725,315.235,1592.42,-453.152,445.855,1595.46,-536.711,514.347,1603.86
669,0,-76.7423,333.688,1220.66,-20.8785,259.893,1241.74,35.6708,185.543,1264.23,53.3363,160.799,1271.95,,,,,,,,,,,,,-563.665,206.589,810.108,-530.883,254.457,825.999,-553.617,211.35,772.099,-521.239,259.508,787.466,-487.47,330.899,1586.42,-596.659,315.494,1592.66,-453.234,446.197,1595.8,-536.909,514.695,1604.08
670,0,-74.0917,335.057,1220.58,-16.6765,262.239,1240.98,41.3381,188.945,1262.57,59.8702,164.582,1270.05,,,,,,,,,,,,,-563.502,206.616,810.196,-530.791,254.473,826.041,-553.522,211.204,772.038,-521.163,259.559,787.443,-487.443,331.129,1586.84,-596.731,315.703,1592.9,-453.178,446.615,1596.33,-537.191,514.932,1604.22
671,0,-71.5274,336.489,1220.41,-12.5441,264.688,1239.93,47.1599,192.434,1260.75,65.6946,168.305,1267.84,,,,,,,,,,,,,-563.349,206.65,810.217,-530.644,254.499,826.057,-553.452,211.107,772.042,-521.05,259.6,787.468,-487.395,331.337,1587.26,-596.602,315.844,1593.07,-453.297,446.958,1596.71,-537.361,515.227,1604.42
672,0,-68.9447,337.909,1220.09,-8.37514,267.236,1238.7,52.8741,195.924,1258.63,71.672,172.088,1265.48,,,,,,,,,,,,,-563.214,206.614,810.345,-530.537,254.555,826.052,-552.87,212.116,772.115,-520.888,259.613,787.524,-487.364,331.558,1587.65,-596.774,316.017,1593.31,-453.389,447.239,1597.06,-537.486,515.434,1604.51
673,0,-66.2268,339.383,1219.6,-4.28466,269.718,1237.34,58.3587,199.442,1256.37,77.6954,175.801,1263.05,,,,,,,,,,,,,-563.328,205.89,810.853,-530.426,254.572,826.06,-552.715,212.171,772.159,-520.767,259.616,787.556,-487.325,331.785,1588.05,-596.57,316.224,1593.41,-453.43,447.492,1597.42,-537.545,515.624,1604.74
674,0,-63.6105,340.932,1219.07,-0.212587,272.276,1235.8,63.8626,202.98,1253.8,83.678,179.676,1260.18,,,,,,,,,,,,,-562.915,206.673,810.377,-530.317,254.605,826.094,-552.581,212.199,772.211,-520.641,259.633,787.569,-487.384,332.114,1588.41,-596.902,316.459,1593.66,-453.491,447.708,1597.76,-537.579,515.608,1604.86
675,0,-60.819,342.445,1218.26,3.85757,274.84,1233.98,69.2198,206.578,1250.72,89.6669,183.587,1257,,,,,,,,,,,,,-562.768,206.671,810.37,-530.207,254.625,826.104,-552.489,212.229,772.233,-520.497,259.643,787.612,-487.406,332.342,1588.82,-596.617,316.585,1593.86,-453.548,447.925,1598.11,-537.683,515.981,1605.03
676,0,-58.1494,343.549,1217.48,7.96627,277.395,1231.92,74.5101,210.312,1247.38,95.5386,187.547,1253.33,,,,,,,,,,,,,-562.598,206.685,810.363,-530.114,254.665,826.107,-552.372,212.227,772.229,-520.387,259.686,787.629,-487.365,332.513,1589.21,-596.586,316.679,1593.99,-453.582,448.165,1598.43,-537.743,516.18,1605.2
677,0,-55.506,345.107,1216.47,12.0517,280.044,1229.53,79.9443,213.885,1243.69,101.441,191.585,1249.09,,,,,,,,,,,,,-562.534,206.672,810.506,-529.976,254.695,826.145,-552.255,212.232,772.249,-520.253,259.704,787.652,-487.379,332.672,1589.55,-596.849,316.843,1594.17,-453.594,448.367,1598.78,-537.837,516.354,1605.36
678,0,-52.7801,346.547,1215.26,16.0118,282.553,1226.8,85.1274,217.544,1239.41,107.177,195.539,1244.38,,,,,,,,,,,,,-562.714,205.686,811.131,-529.876,254.724,826.151,-552.294,211.899,772.257,-520.145,259.698,787.675,-487.351,332.793,1589.9,-596.52,317.001,1594.27,-453.565,448.543,1599.14,-537.936,516.564,1605.51
679,0,-50.1513,347.937,1213.86,19.8144,285.065,1223.78,90.1977,221.067,1234.74,112.664,199.474,1239.07,,,,,,,,,,,,,-562.18,206.673,810.449,-529.748,254.727,826.151,-552.223,211.863,772.302,-520.011,259.649,787.719,-487.285,332.978,1590.19,-596.483,317.132,1594.43,-453.549,448.698,1599.47,-538.008,516.737,1605.66
680,0,-47.6245,349.437,1212.29,23.553,287.532,1220.42,95.0673,224.559,1229.55,117.933,203.268,1233.42,,,,,,,,,,,,,-562.539,205.449,811.328,-529.627,254.741,826.189,-552.098,211.935,772.34,-519.912,259.648,787.716,-487.224,333.145,1590.45,-596.419,317.246,1594.52,-453.508,448.857,1599.81,-538.081,516.938,1605.8
681,0,-45.1129,350.809,1210.48,27.0222,289.874,1216.81,99.6266,227.882,1224.11,122.799,206.725,1227.52,,,,,,,,,,,,,-562.609,205.233,811.564,-529.502,254.749,826.232,-551.925,211.966,772.356,-519.808,259.639,787.761,-487.188,333.317,1590.73,-596.531,317.392,1594.7,-453.53,449.008,1600.09,-538.141,517.084,1605.93
682,0,-42.5811,352.199,1208.51,30.3319,292.18,1213.09,103.747,231.124,1218.62,127.436,210.248,1221.19,,,,,,,,,,,,,-562.583,204.931,811.974,-529.379,254.78,826.227,-551.829,211.934,772.357,-519.697,259.628,787.786,-487.148,333.444,1591.02,-596.388,317.472,1594.83,-453.584,449.12,1600.35,-538.177,517.232,1606.04
683,0,-40.3045,353.653,1206.41,33.7299,294.135,1209.55,107.836,234.34,1212.84,131.764,213.696,1214.82,,,,,,,,,,,,,-562.34,205.336,811.701,-529.197,254.872,826.157,-551.763,211.878,772.373,-519.609,259.701,787.746,-487.081,333.619,1591.29,-596.378,317.655,1595,-453.653,449.306,1600.6,-538.201,517.264,1606.02
684,0,-38.1425,354.904,1204.36,36.8301,296.307,1205.65,111.565,237.43,1207.18,135.836,217.036,1208.54,,,,,,,,,,,,,-562.1,205.496,811.41,-529.091,254.913,826.168,-551.667,211.852,772.356,-519.495,259.682,787.776,-487.068,333.725,1591.51,-596.413,317.736,1595.13,-453.682,449.456,1600.85,-538.212,517.333,1606.1
685,0,-35.993,356.14,1202.26,39.6793,298.431,1201.85,115.19,240.463,1201.63,139.657,220.348,1202.39,,,,,,,,,,,,,-561.596,206.628,810.791,-528.943,254.939,826.193,-551.594,211.848,772.337,-519.418,259.707,787.736,-487.066,333.812,1591.78,-596.317,317.808,1595.22,-453.71,449.596,1601.09,-538.22,517.413,1606.19
686,0,-33.9523,357.345,1200.21,42.492,300.726,1198.07,118.368,243.298,1196.23,143.112,223.431,1196.46,,,,,,,,,,,,,-561.817,205.636,811.414,-528.857,254.963,826.191,-551.484,211.911,772.325,-519.319,259.733,787.752,-487.059,333.885,1592.04,-596.483,317.921,1595.32,-453.742,449.731,1601.34,-538.229,517.545,1606.41
687,0,-32.0934,358.598,1198.21,44.9915,302.453,1194.49,121.559,246.191,1190.94,146.605,226.515,1190.57,,,,,,,,,,,,,-561.717,205.644,811.436,-528.756,254.921,826.254,-551.164,212.466,772.38,-519.223,259.77,787.743,-487.077,333.977,1592.26,-596.335,317.976,1595.5,-453.73,449.828,1601.55,-538.247,517.633,1606.5
688,0,-30.0694,359.677,1196.22,47.349,304.318,1191.09,124.452,248.931,1185.99,149.613,229.599,1185.05,,,,,,,,,,,,,-561.585,205.681,811.422,-528.69,254.961,826.235,-551.305,212.082,772.389,-519.145,259.806,787.721,-487.109,334.034,1592.48,-596.532,318.052,1595.56,-453.745,449.902,1601.75,-538.303,517.729,1606.63
689,0,-28.2193,360.823,1194.28,49.6091,305.914,1187.83,127.063,251.49,1181.35,152.616,232.418,1179.88,,,,,,,,,,,,,-561.133,206.775,810.822,-528.6,254.986,826.235,-551.18,212.189,772.416,-519.042,259.807,787.713,-487.084,334.083,1592.72,-596.319,318.099,1595.63,-453.756,449.96,1601.94,-538.323,517.79,1606.73
690,0,-26.3266,361.357,1192.57,51.6745,307.463,1184.88,130.093,254.129,1176.64,155.356,235.189,1175.01,,,,,,,,,,,,,-561.328,205.867,811.341,-528.569,255.004,826.21,-551.143,212.13,772.425,-518.946,259.846,787.695,-487.073,334.079,1592.92,-596.344,318.137,1595.69,-453.752,450.009,1602.15,-538.365,517.856,1606.85
691,0,-24.5961,362.201,1190.83,53.7032,308.855,1182.07,132.491,256.387,1172.55,157.946,237.695,1170.53,,,,,,,,,,,,,-560.901,206.882,810.691,-528.508,255.048,826.198,-550.991,212.881,772.638,-518.884,259.898,787.672,-487.048,334.127,1593.13,-596.404,318.232,1595.74,-453.768,450.058,1602.35,-538.407,517.919,1606.98
692,0,-23.0802,363.052,1189.12,55.564,310.264,1179.34,134.756,258.426,1168.76,160.329,239.998,1166.39,,,,,,,,,,,,,-561.064,206.149,811.169,-528.428,255.119,826.138,-551.29,212.05,772.708,-518.798,259.943,787.665,-487.049,334.16,1593.29,-596.594,318.256,1595.83,-453.792,450.049,1602.58,-538.416,517.95,1607.06
693,0,-21.5231,363.549,1187.61,57.3307,311.734,1176.86,136.779,260.335,1165.19,162.697,242.191,1162.43,,,,,,,,,,,,,-560.987,206.187,811.077,-528.375,255.15,826.146,-551.21,212.104,772.714,-518.739,259.972,787.642,-487.075,334.179,1593.46,-596.668,318.341,1595.85,-453.8,450.065,1602.75,-538.452,518.002,1607.18
694,0,-20.1005,364.105,1186.14,58.9927,312.848,1174.51,138.645,261.955,1161.83,164.621,244.033,1158.81,,,,,,,,,,,,,-560.625,207.087,810.543,-528.327,255.209,826.116,-551.178,212.037,772.728,-518.669,260.005,787.606,-487.049,334.178,1593.67,-596.596,318.308,1595.9,-453.794,450.059,1602.93,-538.457,518.042,1607.27
695,0,-18.7667,364.616,1184.83,60.4247,313.752,1172.33,140.333,263.369,1158.75,166.283,245.636,1155.43,,,,,,,,,,,,,-560.517,207.147,810.507,-528.258,255.28,826.057,-551.104,211.743,772.664,-518.622,260.035,787.598,-487.08,334.222,1593.83,-596.692,318.338,1595.99,-453.793,450.057,1603.09,-538.448,518.037,1607.35
696,0,-17.5528,365.036,1183.6,61.7808,314.589,1170.21,141.789,264.617,1155.74,167.777,247.046,1152.15,,,,,,,,,,,,,-560.423,207.221,810.462,-528.223,255.355,826.06,-550.999,211.919,772.572,-518.56,260.074,787.598,-487.11,334.219,1594.01,-596.428,318.326,1596.1,-453.772,450.059,1603.28,-538.44,518.049,1607.45
697,0,-16.409,365.393,1182.56,63.0712,315.527,1168.06,142.998,265.563,1153.05,168.983,248.215,1149.23,,,,,,,,,,,,,-560.918,205.65,811.566,-528.175,255.39,826.011,-550.935,211.983,772.524,-518.501,260.117,787.571,-487.135,334.215,1594.16,-596.39,318.345,1596.08,-453.744,450.026,1603.47,-538.437,518.035,1607.51
698,0,-15.3776,365.702,1181.54,64.0795,316.08,1166.32,144.077,266.409,1150.55,170.152,249.225,1146.5,,,,,,,,,,,,,-560.842,205.724,811.519,-528.105,255.452,826,-550.875,212.031,772.5,-518.455,260.147,787.536,-487.151,334.219,1594.3,-596.703,318.345,1596.15,-453.722,449.997,1603.65,-538.426,518.01,1607.64
699,0,-14.4507,365.992,1180.65,64.9502,316.561,1164.69,145.061,267.115,1148.28,171.073,249.926,1144.05,,,,,,,,,,,,,-560.76,205.839,811.406,-528.07,255.503,825.98,-550.885,211.965,772.491,-518.404,260.194,787.531,-487.185,334.22,1594.47,-596.64,318.356,1596.2,-453.708,449.975,1603.85,-538.433,518.013,1607.74
700,0,-13.5815,366.15,1179.82,65.8068,316.91,1163.33,145.828,267.551,1146.15,171.894,250.471,1141.78,,,,,,,,,,,,,-560.186,207.365,810.327,-528.029,255.579,825.922,-550.857,211.907,772.469,-518.381,260.23,787.505,-487.215,334.189,1594.6,-596.457,318.323,1596.25,-453.715,449.932,1604.05,-538.415,517.972,1607.82
701,0,-12.7267,366.289,1179.11,66.5293,317.096,1162,146.32,267.255,1144.2,172.533,250.844,1139.69,,,,,,,,,,,,,-560.14,207.404,810.298,-527.982,255.658,825.909,-550.845,211.886,772.442,-518.322,260.268,787.495,-487.212,334.173,1594.71,-596.472,318.245,1596.3,-453.741,449.885,1604.21,-538.391,517.941,1607.94
702,0,-11.9388,366.425,1178.44,67.2059,317.255,1160.87,147.031,267.871,1142.59,173.099,251.078,1137.79,,,,,,,,,,,,,-560.421,206.57,810.807,-527.963,255.694,825.902,-550.846,211.825,772.405,-518.287,260.292,787.502,-487.22,334.148,1594.82,-596.498,318.268,1596.3,-453.766,449.86,1604.35,-538.393,517.9,1608.02
703,0,-11.2047,366.496,1177.84,67.8744,317.353,1159.76,147.519,267.565,1140.91,173.685,251.157,1136.18,,,,,,,,,,,,,-560.067,207.503,810.255,-527.908,255.777,825.88,-550.848,211.736,772.406,-518.258,260.343,787.5,-487.242,334.107,1594.9,-596.528,318.269,1596.38,-453.75,449.848,1604.51,-538.393,517.795,1607.98
704,0,-10.4619,366.598,1177.24,68.4491,317.458,1158.82,148.358,268.199,1139.55,174.199,251.389,1134.57,,,,,,,,,,,,,-560.032,207.552,810.248,-527.88,255.803,825.845,-550.855,211.653,772.361,-518.211,260.362,787.501,-487.249,334.049,1595.04,-596.896,318.313,1596.39,-453.768,449.803,1604.65,-538.375,517.805,1608.18
705,0,-9.81408,366.611,1176.71,69.1444,317.624,1157.81,148.889,268.37,1138.26,174.579,251.327,1133.12,,,,,,,,,,,,,-560,207.6,810.242,-527.848,255.863,825.827,-550.839,211.609,772.353,-518.203,260.388,787.484,-487.274,334.026,1595.16,-596.565,318.181,1596.45,-453.821,449.766,1604.79,-538.355,517.768,1608.27
706,0,-9.15839,366.703,1176.18,69.6487,317.621,1157.01,149.424,268.506,1136.92,175.105,251.56,1131.62,,,,,,,,,,,,,-560.229,206.887,810.685,-527.826,255.91,825.828,-550.848,211.58,772.328,-518.171,260.434,787.5,-487.276,333.984,1595.27,-596.563,318.223,1596.47,-453.812,449.721,1604.93,-538.363,517.684,1608.25
707,0,-8.54374,366.732,1175.72,70.2018,317.689,1156.13,149.756,268.163,1135.65,175.481,251.533,1130.29,,,,,,,,,,,,,-560.228,206.835,810.72,-527.801,255.941,825.81,-550.803,211.577,772.294,-518.13,260.432,787.485,-487.272,333.93,1595.41,-596.64,318.142,1596.46,-453.835,449.676,1605.06,-538.375,517.731,1608.47
708,0,-8.00099,366.699,1175.29,70.631,317.719,1155.3,150.166,268.625,1134.55,175.913,251.63,1128.95,,,,,,,,,,,,,-560.191,206.911,810.664,-527.78,255.991,825.791,-550.742,211.631,772.289,-518.104,260.467,787.468,-487.257,333.869,1595.54,-596.953,318.183,1596.52,-453.835,449.607,1605.21,-538.364,517.636,1608.44
709,0,-7.52289,366.645,1174.81,71.0781,317.727,1154.42,150.41,268.575,1133.43,176.161,251.641,1127.71,,,,,,,,,,,,,-559.913,207.749,810.108,-527.753,256,825.758,-550.725,211.635,772.229,-518.11,260.493,787.446,-487.284,333.815,1595.66,-596.609,318.137,1596.52,-453.831,449.561,1605.37,-538.38,517.594,1608.5
710,0,-7.07524,366.582,1174.35,71.3669,317.595,1153.71,150.672,268.5,1132.29,176.406,251.589,1126.45,,,,,,,,,,,,,-560.158,207.009,810.61,-527.76,255.999,825.753,-550.717,211.621,772.252,-518.096,260.497,787.455,-487.304,333.751,1595.84,-596.648,318.09,1596.58,-453.856,449.499,1605.54,-538.401,517.568,1608.6
711,0,-6.66454,366.56,1173.82,71.7883,317.812,1152.84,150.798,268.349,1131.08,176.493,251.456,1125.06,,,,,,,,,,,,,-560.165,206.992,810.528,-527.745,256.023,825.699,-550.701,211.671,772.222,-518.08,260.511,787.422,-487.334,333.715,1596.02,-597.07,318.094,1596.56,-453.855,449.438,1605.71,-538.41,517.516,1608.67
712,0,-6.35579,366.475,1173.34,71.7513,317.195,1152.09,150.812,268.15,1129.85,176.517,251.169,1123.71,,,,,,,,,,,,,-560.109,207.125,810.415,-527.725,256.016,825.694,-550.646,211.96,772.045,-518.074,260.521,787.397,-487.375,333.643,1596.19,-596.724,318.018,1596.69,-453.882,449.359,1605.88,-538.441,517.473,1608.75
713,0,-6.06659,366.34,1172.81,71.8795,316.943,1151.2,150.749,267.855,1128.64,176.377,250.837,1122.29,,,,,,,,,,,,,-560.087,207.171,810.375,-527.714,255.988,825.692,-550.708,211.7,772.205,-518.063,260.493,787.402,-487.379,333.576,1596.36,-596.764,317.992,1596.72,-453.917,449.279,1606.07,-538.449,517.443,1608.81
714,0,-5.86392,366.159,1172.27,71.9492,316.605,1150.38,150.604,267.547,1127.27,176.208,250.43,1120.82,,,,,,,,,,,,,-560.089,207.132,810.364,-527.713,255.992,825.657,-550.722,211.684,772.164,-518.045,260.493,787.396,-487.437,333.523,1596.53,-597.124,317.962,1596.76,-453.938,449.254,1606.27,-538.475,517.403,1608.91
715,0,-5.64828,365.978,1171.7,71.9347,316.288,1149.54,150.464,267.169,1125.97,176.05,249.974,1119.41,,,,,,,,,,,,,-559.896,207.798,809.857,-527.724,256.001,825.644,-550.728,211.659,772.147,-518.045,260.483,787.387,-487.481,333.496,1596.67,-596.813,317.874,1596.76,-453.981,449.206,1606.47,-538.526,517.376,1609.01
716,0,-5.43213,365.799,1171.12,71.9619,315.984,1148.64,150.26,266.783,1124.69,175.85,249.563,1117.98,,,,,,,,,,,,,-559.905,207.794,809.833,-527.715,255.963,825.585,-550.683,211.953,772.033,-518.019,260.478,787.395,-487.503,333.452,1596.79,-596.864,317.886,1596.83,-454.038,449.152,1606.67,-538.537,517.377,1609.22
717,0,-5.24383,365.637,1170.55,71.9187,315.657,1147.82,150.081,266.519,1123.38,175.587,249.166,1116.56,,,,,,,,,,,,,-560.097,207.216,810.171,-527.708,255.941,825.578,-550.735,211.644,772.133,-518.007,260.438,787.374,-487.531,333.417,1596.91,-596.927,317.868,1596.89,-454.101,449.102,1606.86,-538.562,517.345,1609.31
718,0,-5.05337,365.49,1170.07,71.9519,315.369,1147.04,149.916,266.076,1122.35,175.479,248.786,1115.39,,,,,,,,,,,,,-560.122,207.208,810.233,-527.723,255.927,825.568,-550.709,211.918,771.969,-518.046,260.419,787.337,-487.547,333.391,1597.05,-597.247,317.901,1596.89,-454.163,449.048,1607.04,-538.606,517.311,1609.38
719,0,-4.85366,365.387,1169.53,72.0517,315.077,1146.35,149.839,265.811,1121.29,175.358,248.474,1114.16,,,,,,,,,,,,,-560.025,207.516,809.937,-527.731,255.891,825.565,-550.777,211.597,772.087,-518.053,260.369,787.324,-487.564,333.35,1597.18,-597.257,317.863,1596.92,-454.226,449.003,1607.24,-538.636,517.255,1609.45
720,0,-4.63967,365.251,1169.06,72.1165,314.895,1145.62,149.806,265.577,1120.28,175.287,248.251,1113.07,,,,,,,,,,,,,-559.994,207.733,809.767,-527.735,255.873,825.554,-550.732,211.9,771.959,-518.035,260.299,787.345,-487.602,333.311,1597.3,-597.025,317.844,1596.98,-454.304,448.986,1607.39,-538.656,517.218,1609.54
721,0,-4.43638,365.159,1168.54,72.1627,314.968,1144.64,149.802,265.333,1119.32,175.264,248.043,1112.08,,,,,,,,,,,,,-560.022,207.689,809.739,-527.738,255.816,825.565,-550.753,211.849,771.938,-518.061,260.3,787.3,-487.63,333.248,1597.45,-597.084,317.769,1597.02,-454.385,448.927,1607.54,-538.695,517.185,1609.62
722,0,-4.23385,365.097,1168.03,72.3281,314.879,1143.89,149.803,265.139,1118.37,175.321,247.939,1111.03,,,,,,,,,,,,,-560.167,207.31,809.958,-527.755,255.8,825.55,-550.873,211.55,772.078,-518.068,260.257,787.303,-487.704,333.193,1597.59,-597.583,317.809,1597.1,-454.482,448.874,1607.7,-538.762,517.156,1609.71
723,0,-3.99616,365.106,1167.45,72.4466,314.851,1143.09,149.795,265.103,1117.27,175.338,247.898,1109.91,,,,,,,,,,,,,-560.087,207.652,809.707,-527.794,255.784,825.517,-550.864,211.537,772.044,-518.092,260.223,787.302,-487.768,333.11,1597.76,-597.442,317.73,1597.15,-454.538,448.831,1607.87,-538.797,517.103,1609.82
724,0,-3.81714,365.064,1166.87,72.5782,314.843,1142.31,149.729,265,1116.12,175.278,247.783,1108.79,,,,,,,,,,,,,-560.108,207.644,809.694,-527.802,255.744,825.539,-550.907,211.504,772.038,-518.109,260.202,787.28,-487.857,333.061,1597.92,-597.472,317.728,1597.19,-454.599,448.792,1608.01,-538.834,517.061,1609.9
725,0,-3.66225,365.03,1166.23,73.042,314.99,1141.13,149.792,265.024,1114.89,175.269,247.82,1107.45,,,,,,,,,,,,,-560.319,207.075,810.034,-527.811,255.729,825.523,-550.843,211.709,772.012,-518.121,260.156,787.294,-487.917,333.009,1598.07,-597.406,317.686,1597.27,-454.677,448.75,1608.16,-538.864,517.019,1609.97
726,0,-3.49609,365.022,1165.62,72.7383,314.709,1140.62,149.74,265.033,1113.68,175.262,247.776,1106.28,,,,,,,,,,,,,-560.274,207.263,809.926,-527.831,255.679,825.559,-550.735,212.017,771.999,-518.166,260.143,787.237,-488.016,332.931,1598.25,-597.901,317.633,1597.31,-454.737,448.697,1608.32,-538.915,516.985,1610.06
727,0,-3.24868,364.943,1165.38,72.967,314.569,1140.47,149.964,264.804,1113.65,175.611,247.695,1106.38,,,,,,,,,,,,,-560.217,207.57,809.68,-527.856,255.68,825.537,-550.939,211.643,771.992,-518.183,260.127,787.239,-488.081,332.874,1598.39,-597.51,317.588,1597.32,-454.776,448.64,1608.48,-538.924,516.939,1610.13
728,0,-2.90124,364.767,1165.35,73.778,314.675,1140.14,150.369,264.585,1113.99,175.927,247.42,1106.67,,,,,,,,,,,,,-560.366,207.176,809.953,-527.879,255.687,825.494,-550.958,211.678,772.039,-518.205,260.129,787.234,-488.128,332.803,1598.55,-597.579,317.561,1597.39,-454.844,448.59,1608.61,-538.979,516.912,1610.21
729,0,-2.60263,364.683,1165.2,74.0536,314.558,1139.95,150.671,264.48,1113.83,176.162,247.307,1106.47,,,,,,,,,,,,,-560.271,207.553,809.672,-527.896,255.664,825.514,-550.991,211.857,771.94,-518.223,260.113,787.233,-488.219,332.774,1598.64,-597.731,317.459,1597.52,-454.93,448.518,1608.78,-539.022,516.87,1610.29
730,0,-2.30962,364.617,1164.95,74.3579,314.471,1139.68,150.963,264.41,1113.56,176.525,247.232,1106.37,,,,,,,,,,,,,-560.49,206.921,810.125,-527.933,255.678,825.505,-551.06,211.607,772.062,-518.266,260.119,787.212,-488.303,332.759,1598.74,-597.86,317.447,1597.55,-455.002,448.468,1608.91,-539.069,516.818,1610.36
731,0,-1.97768,364.505,1164.87,74.6932,314.34,1139.65,151.328,264.229,1113.66,176.922,247.067,1106.47,,,,,,,,,,,,,-560.547,206.91,810.128,-527.973,255.664,825.515,-551.048,211.676,772.019,-518.28,260.098,787.231,-488.369,332.736,1598.86,-597.87,317.4,1597.57,-455.058,448.413,1609.04,-539.136,516.778,1610.44
732,0,-1.65522,364.398,1164.71,75.0043,314.209,1139.49,151.654,264.087,1113.6,177.303,246.93,1106.42,,,,,,,,,,,,,-560.575,206.92,810.122,-527.977,255.645,825.536,-551.096,211.687,772.03,-518.32,260.134,787.202,-488.451,332.698,1598.95,-597.943,317.424,1597.58,-455.095,448.347,1609.19,-539.193,516.736,1610.52
733,0,-1.39066,364.236,1164.63,75.3039,314.06,1139.45,152.064,263.865,1113.7,177.663,246.85,1106.4,,,,,,,,,,,,,-560.564,207.042,810.036,-528.042,255.649,825.506,-551.061,211.836,772.025,-518.35,260.12,787.186,-488.488,332.632,1599.08,-598.037,317.34,1597.67,-455.151,448.273,1609.31,-539.234,516.702,1610.56
734,0,-1.08659,364.077,1164.54,75.6124,313.895,1139.39,152.32,263.879,1113.52,177.983,246.768,1106.35,,,,,,,,,,,,,-560.659,206.914,810.15,-528.045,255.644,825.512,-551.151,211.794,772.017,-518.385,260.105,787.171,-488.565,332.621,1599.17,-598.11,317.324,1597.71,-455.2,448.23,1609.42,-539.291,516.652,1610.61
735,0,-0.78933,363.894,1164.49,75.8979,313.69,1139.31,152.612,263.683,1113.53,178.277,246.622,1106.31,,,,,,,,,,,,,-560.737,206.815,810.162,-528.073,255.646,825.526,-551.123,211.872,771.989,-518.402,260.13,787.181,-488.63,332.569,1599.26,-598.202,317.332,1597.71,-455.222,448.18,1609.52,-539.357,516.637,1610.66
736,0,-0.501481,363.672,1164.45,76.148,313.467,1139.27,152.916,263.404,1113.52,178.605,246.385,1106.37,,,,,,,,,,,,,-560.574,207.538,809.677,-528.103,255.636,825.506,-551.264,211.666,771.978,-518.435,260.126,787.166,-488.703,332.526,1599.35,-598.219,317.326,1597.75,-455.251,448.155,1609.6,-539.401,516.587,1610.72
737,0,-0.239406,363.427,1164.39,76.3754,313.226,1139.21,153.125,263.082,1113.48,178.852,246.099,1106.39,,,,,,,,,,,,,-560.869,206.701,810.344,-528.11,255.654,825.489,-551.289,211.709,771.997,-518.467,260.15,787.134,-488.783,332.48,1599.43,-598.26,317.292,1597.73,-455.282,448.104,1609.69,-539.472,516.575,1610.76
738,0,0.00552749,363.177,1164.35,76.5853,312.935,1139.14,153.319,262.703,1113.49,179.032,245.764,1106.38,,,,,,,,,,,,,-560.635,207.621,809.611,-528.172,255.625,825.477,-551.372,211.649,771.964,-518.513,260.154,787.14,-488.859,332.434,1599.52,-598.702,317.326,1597.7,-455.314,448.055,1609.79,-539.504,516.532,1610.8
739,0,0.261031,362.952,1164.35,76.7918,312.609,1139.14,153.505,262.34,1113.49,179.249,245.407,1106.36,,,,,,,,,,,,,-560.879,207.072,810.037,-528.202,255.638,825.474,-551.389,211.672,771.91,-518.542,260.164,787.126,-488.945,332.392,1599.59,-598.545,317.244,1597.81,-455.351,448.004,1609.85,-539.548,516.507,1610.83
740,0,0.519761,362.691,1164.36,76.9909,312.258,1139.11,153.702,261.989,1113.49,179.449,245.068,1106.34,,,,,,,,,,,,,-560.872,207.235,809.878,-528.257,255.649,825.456,-551.443,211.634,771.896,-518.588,260.18,787.128,-488.995,332.337,1599.67,-598.646,317.228,1597.81,-455.386,447.966,1609.93,-539.593,516.486,1610.86
741,0,0.822164,362.436,1164.38,77.2193,311.96,1139.1,153.924,261.683,1113.46,179.682,244.744,1106.39,,,,,,,,,,,,,-561.05,206.947,810.111,-528.286,255.625,825.428,-551.481,211.625,771.872,-518.604,260.166,787.113,-489.073,332.303,1599.75,-598.493,317.187,1597.8,-455.404,447.908,1610.02,-539.629,516.457,1610.9
742,0,1.10209,362.193,1164.41,77.4605,311.738,1139.07,154.159,261.381,1113.5,179.911,244.483,1106.37,,,,,,,,,,,,,-561.095,206.998,810.128,-528.329,255.615,825.477,-551.604,211.531,771.881,-518.686,260.184,787.103,-489.135,332.245,1599.83,-598.763,317.127,1597.83,-455.447,447.862,1610.09,-539.658,516.323,1610.79
743,0,1.42144,362.002,1164.49,77.6908,311.533,1139.1,154.409,261.152,1113.5,180.228,244.291,1106.37,,,,,,,,,,,,,-561.189,206.924,810.108,-528.368,255.632,825.454,-551.612,211.603,771.875,-518.731,260.176,787.104,-489.214,332.211,1599.86,-598.872,317.075,1597.85,-455.518,447.801,1610.16,-539.701,516.369,1610.95
744,0,1.70601,361.839,1164.59,77.9073,311.137,1139.38,154.698,260.99,1113.47,180.473,244.101,1106.35,,,,,,,,,,,,,-561.003,207.645,809.66,-528.394,255.608,825.464,-551.618,211.642,771.856,-518.755,260.188,787.135,-489.284,332.16,1599.93,-598.96,317.07,1597.9,-455.556,447.764,1610.23,-539.724,516.331,1610.99
745,0,1.967,361.673,1164.67,78.1448,310.96,1139.47,154.936,260.806,1113.5,180.703,243.916,1106.33,,,,,,,,,,,,,-561.236,207.132,810.025,-528.439,255.627,825.483,-551.679,211.646,771.826,-518.816,260.229,787.123,-489.35,332.082,1599.98,-599.158,317.046,1597.91,-455.629,447.706,1610.28,-539.769,516.223,1610.92
746,0,2.22586,361.527,1164.8,78.3948,310.819,1139.52,155.172,260.665,1113.55,180.956,243.722,1106.37,,,,,,,,,,,,,-561.299,207.078,810.032,-528.502,255.643,825.47,-551.721,211.647,771.84,-518.855,260.221,787.114,-489.446,332.052,1600.04,-599.13,317.06,1597.88,-455.706,447.641,1610.34,-539.806,516.195,1610.95
747,0,2.48569,361.369,1164.93,78.6302,310.663,1139.56,155.394,260.507,1113.53,181.169,243.564,1106.35,,,,,,,,,,,,,-561.336,207.111,810.014,-528.543,255.607,825.454,-551.801,211.619,771.84,-518.895,260.196,787.116,-489.521,332.037,1600.05,-598.889,316.916,1597.96,-455.763,447.595,1610.38,-539.852,516.165,1610.99
748,0,2.75401,361.203,1165.15,78.8332,310.715,1139.49,155.62,260.333,1113.52,181.362,243.394,1106.34,,,,,,,,,,,,,-561.348,207.208,809.948,-528.57,255.652,825.433,-551.807,211.724,771.853,-518.952,260.236,787.102,-489.565,331.995,1600.08,-598.941,316.918,1597.94,-455.777,447.546,1610.42,-539.872,516.135,1611.01
749,0,2.97938,360.974,1165.41,79.0207,310.531,1139.59,155.8,260.158,1113.55,181.541,243.251,1106.31,,,,,,,,,,,,,-561.419,207.163,809.939,-528.609,255.636,825.428,-551.793,211.818,771.878,-518.98,260.226,787.109,-489.657,331.964,1600.07,-599.369,316.97,1597.87,-455.831,447.495,1610.45,-539.909,516.11,1611.04
750,0,3.2285,360.789,1165.62,79.1847,310.331,1139.67,155.976,259.994,1113.6,181.706,243.132,1106.3,,,,,,,,,,,,,-561.486,207.098,809.949,-528.656,255.644,825.405,-551.843,211.86,771.878,-519.022,260.236,787.106,-489.724,331.931,1600.1,-599.322,316.91,1597.93,-455.905,447.445,1610.47,-539.875,515.935,1611.15
751,0,3.47767,360.576,1165.87,79.37,310.106,1139.81,156.13,259.774,1113.64,181.928,242.919,1106.35,,,,,,,,,,,,,-561.346,207.699,809.578,-528.681,255.666,825.368,-552.276,211.321,772.246,-519.079,260.29,787.024,-489.782,331.888,1600.1,-599.117,316.882,1597.9,-455.973,447.399,1610.49,-539.963,516.127,1611.18
752,0,3.73001,360.356,1166.14,79.5424,309.883,1139.97,156.304,259.485,1113.78,182.093,242.732,1106.33,,,,,,,,,,,,,-561.374,207.706,809.542,-528.74,255.641,825.388,-552.039,211.656,771.943,-519.112,260.271,787.041,-489.863,331.875,1600.12,-599.579,316.864,1597.92,-456.012,447.362,1610.52,-540.005,516.125,1611.21
753,0,3.97462,360.188,1166.41,79.7067,309.68,1140.13,156.459,259.276,1113.8,182.226,242.529,1106.32,,,,,,,,,,,,,-561.723,206.749,810.193,-528.784,255.642,825.388,-552.074,211.676,771.972,-519.161,260.287,787.036,-489.929,331.841,1600.12,-599.288,316.818,1597.95,-456.05,447.342,1610.51,-540.036,516.103,1611.18
754,0,4.19023,359.999,1166.77,79.885,309.471,1140.33,156.592,259.11,1113.83,182.311,242.377,1106.26,,,,,,,,,,,,,-561.578,207.232,809.819,-528.804,255.643,825.341,-552.13,211.635,771.956,-519.192,260.296,787.016,-489.98,331.807,1600.14,-599.416,316.842,1597.94,-456.102,447.31,1610.53,-540.064,516.088,1611.2
755,0,4.44962,359.834,1167.11,80.042,309.065,1140.71,156.674,258.999,1113.79,182.354,242.171,1106.25,,,,,,,,,,,,,-561.479,207.74,809.421,-528.871,255.612,825.35,-552.184,211.36,771.95,-519.209,260.261,787.013,-490.047,331.808,1600.14,-599.613,316.805,1598,-456.158,447.282,1610.54,-540.107,516.084,1611.2
756,0,4.70939,359.691,1167.51,80.2215,308.911,1140.89,156.778,258.84,1113.85,182.483,242.025,1106.24,,,,,,,,,,,,,-561.493,207.735,809.435,-528.882,255.608,825.364,-552.455,211.32,772.213,-519.258,260.291,787.026,-490.094,331.764,1600.16,-599.751,316.864,1597.98,-456.189,447.268,1610.55,-540.155,516.077,1611.2
757,0,4.92478,359.581,1167.94,80.4044,308.791,1141.13,156.904,258.701,1113.89,182.612,241.89,1106.23,,,,,,,,,,,,,-561.535,207.742,809.425,-528.947,255.606,825.339,-552.518,211.242,772.216,-519.29,260.291,787.003,-490.141,331.761,1600.16,-599.776,316.795,1597.97,-456.247,447.245,1610.55,-540.201,516.075,1611.22
758,0,5.16974,359.501,1168.29,80.5569,308.879,1141.2,157.026,258.604,1113.93,182.702,241.765,1106.23,,,,,,,,,,,,,-561.583,207.761,809.441,-528.952,255.617,825.366,-552.538,211.283,772.256,-519.31,260.28,787.024,-490.191,331.765,1600.15,-599.957,316.82,1597.93,-456.308,447.243,1610.54,-540.251,516.075,1611.21
759,0,5.39292,359.365,1168.71,80.7172,308.781,1141.41,157.194,258.475,1114.06,182.812,241.695,1106.23,,,,,,,,,,,,,-561.601,207.771,809.43,-528.964,255.646,825.37,-552.558,211.247,772.283,-519.331,260.298,787.042,-490.244,331.767,1600.15,-599.967,316.761,1598.02,-456.375,447.238,1610.53,-540.318,516.083,1611.22
760,0,5.63391,359.252,1169.17,80.8651,308.712,1141.62,157.305,258.423,1114.11,182.901,241.788,1106.21,,,,,,,,,,,,,-561.633,207.791,809.453,-529.029,255.648,825.403,-552.412,211.653,772.196,-519.361,260.289,787.08,-490.285,331.762,1600.14,-600.076,316.793,1597.99,-456.422,447.233,1610.53,-540.339,516.072,1611.24
761,0,5.86529,359.128,1169.66,81.0277,308.61,1141.9,157.419,258.415,1114.08,182.989,241.635,1106.22,,,,,,,,,,,,,-561.641,207.795,809.461,-529.047,255.66,825.424,-552.448,211.672,772.214,-519.382,260.3,787.097,-490.328,331.751,1600.13,-600.102,316.797,1597.98,-456.474,447.233,1610.53,-540.415,516.082,1611.23
762,0,6.06997,359.014,1170.18,81.2021,308.378,1142.29,157.528,258.383,1114.14,183.062,241.608,1106.2,,,,,,,,,,,,,-561.667,207.845,809.521,-529.076,255.692,825.429,-552.583,211.355,772.282,-519.417,260.323,787.132,-490.363,331.738,1600.13,-600.14,316.847,1597.89,-456.53,447.23,1610.51,-540.45,516.085,1611.25
763,0,6.269,358.941,1170.64,81.354,308.298,1142.56,157.606,258.34,1114.21,183.125,241.589,1106.2,,,,,,,,,,,,,-561.804,207.476,809.767,-529.081,255.699,825.456,-552.425,211.798,772.227,-519.438,260.375,787.177,-490.423,331.733,1600.11,-599.855,316.774,1597.93,-456.577,447.232,1610.52,-540.525,516.088,1611.26
764,0,6.48766,358.832,1171.17,81.5046,308.221,1142.83,157.703,258.238,1114.33,183.205,241.555,1106.22,,,,,,,,,,,,,-561.822,207.521,809.81,-529.117,255.732,825.466,-552.425,211.762,772.271,-519.447,260.372,787.197,-490.457,331.737,1600.11,-600.345,316.869,1597.87,-456.635,447.232,1610.51,-540.548,516.079,1611.27
765,0,6.6945,358.738,1171.62,81.6615,308.173,1143.14,157.774,258.2,1114.42,183.26,241.522,1106.22,,,,,,,,,,,,,-561.813,207.593,809.784,-529.138,255.737,825.474,-552.634,211.355,772.34,-519.46,260.398,787.219,-490.496,331.73,1600.12,-599.935,316.784,1597.92,-456.673,447.222,1610.52,-540.586,516.082,1611.29
766,0,6.91377,358.639,1172.11,81.7823,308.112,1143.38,157.845,258.137,1114.48,183.308,241.481,1106.21,,,,,,,,,,,,,-561.747,207.953,809.627,-529.172,255.753,825.469,-552.555,211.327,772.336,-519.472,260.414,787.228,-490.55,331.736,1600.1,-600.166,316.774,1597.92,-456.703,447.219,1610.53,-540.64,516.074,1611.3
767,0,7.13152,358.566,1172.59,81.9258,308.043,1143.63,157.904,258.077,1114.54,183.364,241.437,1106.22,,,,,,,,,,,,,-561.769,207.936,809.62,-529.187,255.743,825.48,-552.539,211.343,772.319,-519.48,260.415,787.26,-490.587,331.716,1600.1,-600.022,316.829,1597.89,-456.744,447.221,1610.52,-540.684,516.076,1611.31
768,0,7.33861,358.503,1173.08,82.0593,308.012,1143.86,157.995,258.066,1114.6,183.425,241.426,1106.21,,,,,,,,,,,,,-561.766,207.95,809.628,-529.183,255.751,825.534,-552.486,211.76,772.295,-519.517,260.414,787.26,-490.627,331.716,1600.1,-600.405,316.768,1597.91,-456.788,447.214,1610.52,-540.726,516.053,1611.29
769,0,7.53695,358.423,1173.59,82.2072,307.97,1144.11,158.101,258.032,1114.67,183.498,241.405,1106.21,,,,,,,,,,,,,-561.798,207.969,809.638,-529.235,255.758,825.484,-552.559,211.35,772.311,-519.535,260.398,787.265,-490.666,331.704,1600.1,-600.329,316.801,1597.89,-456.826,447.202,1610.52,-540.764,516.044,1611.31
770,0,7.7603,358.393,1174.01,82.3662,307.966,1144.37,158.187,258.025,1114.74,183.599,241.406,1106.24,,,,,,,,,,,,,-561.935,207.545,809.918,-529.24,255.763,825.536,-552.512,211.745,772.311,-519.532,260.388,787.299,-490.722,331.683,1600.08,-600.269,316.789,1597.88,-456.868,447.191,1610.52,-540.8,516.012,1611.32
771,0,7.96689,358.349,1174.5,82.5356,307.977,1144.62,158.269,258.028,1114.81,183.656,241.4,1106.24,,,,,,,,,,,,,-561.816,207.939,809.644,-529.262,255.75,825.515,-552.699,211.368,772.353,-519.543,260.408,787.288,-490.762,331.673,1600.07,-600.294,316.76,1597.89,-456.907,447.18,1610.52,-540.836,516.009,1611.32
772,0,8.20424,358.343,1175.01,82.6777,307.979,1144.91,158.325,258.046,1114.87,183.714,241.413,1106.23,,,,,,,,,,,,,-561.817,207.933,809.614,-529.29,255.718,825.528,-552.527,211.789,772.299,-519.556,260.402,787.3,-490.81,331.656,1600.04,-600.291,316.742,1597.92,-456.933,447.173,1610.52,-540.865,516.008,1611.33
773,0,8.40993,358.271,1175.54,82.8126,307.963,1145.18,158.403,258.046,1114.92,183.773,241.425,1106.22,,,,,,,,,,,,,-561.833,207.922,809.607,-529.31,255.705,825.53,-552.521,211.824,772.293,-519.579,260.368,787.291,-490.849,331.662,1600.03,-600.665,316.784,1597.84,-456.965,447.143,1610.49,-540.897,515.997,1611.33
774,0,8.58645,358.209,1175.98,82.9171,307.927,1145.45,158.458,258.039,1114.98,183.827,241.441,1106.23,,,,,,,,,,,,,-561.879,207.93,809.662,-529.321,255.713,825.521,-552.787,211.275,772.397,-519.594,260.39,787.296,-490.875,331.641,1600.02,-600.704,316.766,1597.82,-456.994,447.117,1610.49,-540.926,515.971,1611.33
775,0,8.78594,358.156,1176.44,83.0156,307.903,1145.67,158.502,258.011,1115.03,183.87,241.449,1106.22,,,,,,,,,,,,,-562,207.459,809.952,-529.309,255.712,825.538,-552.545,211.802,772.314,-519.605,260.38,787.283,-490.92,331.633,1600,-600.448,316.735,1597.92,-457.023,447.12,1610.49,-540.946,515.954,1611.34
776,0,8.97258,358.095,1176.87,83.112,307.874,1145.89,158.543,257.994,1115.07,183.911,241.447,1106.21,,,,,,,,,,,,,-561.96,207.62,809.834,-529.322,255.689,825.548,-552.878,211.112,772.405,-519.605,260.352,787.299,-490.95,331.601,1599.98,-600.709,316.742,1597.83,-457.035,447.087,1610.49,-540.955,515.922,1611.34
777,0,9.13131,357.981,1177.32,83.2006,307.841,1146.12,158.565,257.987,1115.1,183.91,241.443,1106.19,,,,,,,,,,,,,-561.89,207.914,809.684,-529.346,255.69,825.517,-552.796,211.268,772.394,-519.622,260.337,787.29,-490.973,331.587,1599.98,-600.739,316.692,1597.91,-457.056,447.073,1610.49,-540.983,515.908,1611.34
778,0,9.40187,358.316,1177.76,83.3136,307.811,1146.35,158.622,257.98,1115.13,183.972,241.446,1106.17,,,,,,,,,,,,,-562.02,207.423,809.963,-529.326,255.671,825.595,-552.768,211.375,772.364,-519.641,260.336,787.309,-490.992,331.598,1599.95,-600.612,316.692,1597.81,-457.063,447.057,1610.48,-541,515.898,1611.35
779,0,9.47911,357.916,1178.13,83.4419,307.795,1146.57,158.684,257.981,1115.17,184.017,241.455,1106.17,,,,,,,,,,,,,-561.893,207.904,809.679,-529.362,255.65,825.529,-552.864,211.173,772.406,-519.648,260.328,787.306,-490.999,331.582,1599.92,-600.464,316.63,1597.83,-457.092,447.052,1610.47,-540.999,515.893,1611.36
780,0,9.64182,357.857,1178.55,83.5545,307.771,1146.76,158.727,257.975,1115.2,184.046,241.452,1106.17,,,,,,,,,,,,,-561.893,207.877,809.68,-529.378,255.661,825.535,-552.987,210.61,772.459,-519.646,260.326,787.295,-491.026,331.579,1599.89,-601.025,316.726,1597.73,-457.102,447.05,1610.45,-541.02,515.89,1611.38
781,0,9.79647,357.809,1178.92,83.6552,307.761,1146.94,158.777,257.961,1115.26,184.076,241.454,1106.16,,,,,,,,,,,,,-561.889,207.878,809.659,-529.355,255.632,825.557,-552.855,211.182,772.409,-519.659,260.334,787.292,-491.026,331.552,1599.88,-600.465,316.677,1597.75,-457.113,447.037,1610.44,-541.043,515.875,1611.37
782,0,9.94053,357.777,1179.3,83.7444,307.779,1147.09,158.785,257.947,1115.27,184.072,241.438,1106.15,,,,,,,,,,,,,-562.015,207.436,809.955,-529.361,255.639,825.551,-552.823,211.221,772.378,-519.679,260.339,787.301,-491.028,331.528,1599.86,-600.859,316.69,1597.72,-457.104,447.03,1610.45,-541.035,515.866,1611.39
783,0,10.0906,357.767,1179.61,83.8271,307.787,1147.27,158.821,257.943,1115.3,184.069,241.439,1106.14,,,,,,,,,,,,,-561.959,207.653,809.827,-529.371,255.658,825.553,-552.908,211.071,772.422,-519.686,260.34,787.304,-491.03,331.545,1599.84,-600.483,316.638,1597.73,-457.098,447.018,1610.44,-541.039,515.852,1611.4
784,0,10.2383,357.789,1179.9,83.904,307.781,1147.44,158.85,257.944,1115.32,184.085,241.425,1106.14,,,,,,,,,,,,,-561.858,207.856,809.674,-529.369,255.636,825.544,-552.825,211.256,772.403,-519.67,260.308,787.31,-491.017,331.522,1599.82,-600.798,316.691,1597.67,-457.087,447.002,1610.44,-541.033,515.829,1611.4
785,0,10.3914,357.814,1180.25,83.9863,307.779,1147.61,158.87,257.955,1115.34,184.086,241.443,1106.13,,,,,,,,,,,,,-561.887,207.859,809.69,-529.357,255.642,825.572,-552.835,211.242,772.384,-519.7,260.338,787.304,-491.013,331.52,1599.81,-600.451,316.616,1597.68,-457.084,447.004,1610.44,-541.038,515.835,1611.42
786,0,10.547,357.839,1180.57,84.0602,307.776,1147.76,158.904,257.96,1115.38,184.086,241.44,1106.13,,,,,,,,,,,,,-562.033,207.343,809.974,-529.368,255.65,825.551,-552.865,211.204,772.381,-519.712,260.337,787.3,-490.993,331.504,1599.81,-600.44,316.647,1597.69,-457.076,446.986,1610.42,-541.037,515.825,1611.42
787,0,10.6792,357.842,1180.88,84.1365,307.76,1147.93,158.93,257.961,1115.41,184.093,241.44,1106.13,,,,,,,,,,,,,-561.901,207.847,809.693,-529.384,255.63,825.549,-552.897,211.111,772.397,-519.697,260.334,787.309,-490.993,331.506,1599.8,-600.595,316.65,1597.64,-457.075,446.979,1610.44,-541.039,515.832,1611.42
788,0,10.8443,357.751,1181.26,84.2131,307.758,1148.09,158.978,257.955,1115.46,184.115,241.444,1106.13,,,,,,,,,,,,,-562.04,207.307,810.054,-529.375,255.641,825.574,-552.93,211.073,772.426,-519.703,260.331,787.325,-490.99,331.495,1599.78,-600.418,316.601,1597.67,-457.051,446.97,1610.43,-541.018,515.799,1611.42
789,0,11.0125,357.742,1181.58,84.388,308.118,1148.3,159.026,257.964,1115.5,184.126,241.441,1106.13,,,,,,,,,,,,,-561.99,207.496,809.948,-529.396,255.641,825.592,-552.938,210.769,772.435,-519.7,260.325,787.325,-490.966,331.491,1599.79,-600.386,316.62,1597.66,-457.04,446.964,1610.43,-540.99,515.791,1611.42
790,0,11.2648,358.118,1181.9,84.4782,308.127,1148.46,159.071,257.968,1115.54,184.148,241.447,1106.12,,,,,,,,,,,,,-562.019,207.271,810.05,-529.375,255.621,825.588,-552.896,211.119,772.393,-519.693,260.323,787.323,-490.954,331.494,1599.78,-600.382,316.593,1597.68,-457.014,446.969,1610.42,-540.985,515.795,1611.41
791,0,11.315,357.738,1182.12,84.5624,308.124,1148.59,159.08,257.955,1115.54,184.149,241.444,1106.11,,,,,,,,,,,,,-561.873,207.803,809.692,-529.379,255.638,825.568,-552.883,211.146,772.401,-519.723,260.344,787.311,-490.934,331.485,1599.77,-600.729,316.638,1597.6,-456.984,446.953,1610.43,-540.967,515.794,1611.42
792,0,11.57,358.158,1182.4,84.6454,308.128,1148.71,159.125,257.952,1115.57,184.169,241.429,1106.11,,,,,,,,,,,,,-562.024,207.192,810.108,-529.356,255.64,825.554,-552.809,211.256,772.426,-519.722,260.363,787.294,-490.899,331.505,1599.76,-600.403,316.607,1597.66,-456.961,446.951,1610.43,-540.935,515.788,1611.43
793,0,11.714,358.144,1182.62,84.7443,308.123,1148.82,159.173,257.938,1115.58,184.194,241.412,1106.1,,,,,,,,,,,,,-561.821,207.814,809.717,-529.343,255.62,825.579,-552.862,211.14,772.384,-519.701,260.325,787.296,-490.888,331.491,1599.74,-600.295,316.598,1597.62,-456.952,446.953,1610.41,-540.91,515.771,1611.39
794,0,11.742,357.757,1182.78,84.8397,308.144,1148.92,159.225,257.925,1115.59,184.212,241.394,1106.09,,,,,,,,,,,,,-561.792,207.805,809.717,-529.341,255.626,825.564,-552.559,211.763,772.326,-519.688,260.333,787.314,-490.855,331.485,1599.75,-600.26,316.554,1597.62,-456.919,446.944,1610.41,-540.896,515.787,1611.4
795,0,11.9863,358.173,1183.02,84.9538,308.154,1149.02,159.26,257.923,1115.6,184.244,241.375,1106.09,,,,,,,,,,,,,-561.767,207.791,809.733,-529.335,255.638,825.574,-552.498,211.841,772.304,-519.663,260.321,787.321,-490.81,331.481,1599.77,-600.241,316.596,1597.64,-456.895,446.936,1610.4,-540.866,515.774,1611.4
796,0,12.1541,358.197,1183.24,85.0811,308.155,1149.14,159.306,257.912,1115.62,184.262,241.352,1106.06,,,,,,,,,,,,,-561.737,207.76,809.741,-529.299,255.629,825.559,-552.677,211.37,772.335,-519.65,260.336,787.307,-490.793,331.485,1599.75,-600.192,316.551,1597.61,-456.873,446.932,1610.41,-540.837,515.756,1611.39
797,0,12.2465,357.82,1183.45,85.1908,308.168,1149.28,159.36,257.898,1115.64,184.286,241.342,1106.06,,,,,,,,,,,,,-561.716,207.752,809.734,-529.269,255.597,825.58,-552.673,211.358,772.379,-519.626,260.293,787.314,-490.762,331.478,1599.76,-600.151,316.564,1597.6,-456.855,446.937,1610.4,-540.81,515.753,1611.38
798,0,12.5026,358.161,1183.73,85.3023,308.168,1149.39,159.393,257.881,1115.65,184.311,241.314,1106.05,,,,,,,,,,,,,-561.829,207.214,810.102,-529.255,255.602,825.577,-552.627,211.353,772.395,-519.617,260.3,787.312,-490.724,331.478,1599.76,-600.139,316.571,1597.64,-456.835,446.932,1610.4,-540.775,515.737,1611.38
799,0,12.6189,358.194,1183.91,85.4078,308.171,1149.52,159.432,257.858,1115.66,184.335,241.291,1106.07,,,,,,,,,,,,,-561.643,207.696,809.721,-529.192,255.602,825.582,-552.471,211.684,772.347,-519.604,260.294,787.315,-490.694,331.488,1599.76,-600.347,316.594,1597.52,-456.805,446.938,1610.4,-540.767,515.753,1611.4
800,0,12.7638,358.214,1184.07,85.5074,308.18,1149.61,159.479,257.845,1115.67,184.367,241.279,1106.05,,,,,,,,,,,,,-561.689,207.426,809.905,-529.132,255.582,825.582,-552.57,211.399,772.394,-519.579,260.298,787.327,-490.666,331.48,1599.75,-600.359,316.575,1597.59,-456.778,446.928,1610.4,-540.733,515.766,1611.4
801,0,12.9077,358.217,1184.25,85.6012,308.191,1149.69,159.537,257.842,1115.68,184.404,241.263,1106.05,,,,,,,,,,,,,-561.561,207.64,809.767,-529.111,255.562,825.587,-552.461,211.581,772.385,-519.542,260.282,787.336,-490.623,331.469,1599.77,-600.283,316.55,1597.62,-456.753,446.934,1610.4,-540.712,515.748,1611.39
802,0,13.055,358.284,1184.4,85.6823,308.183,1149.77,159.59,257.83,1115.67,184.422,241.256,1106.04,,,,,,,,,,,,,-561.524,207.613,809.792,-529.074,255.545,825.611,-552.415,211.622,772.371,-519.518,260.284,787.333,-490.6,331.473,1599.76,-600.408,316.56,1597.56,-456.729,446.935,1610.4,-540.688,515.746,1611.38
803,0,13.1921,358.292,1184.63,85.753,308.198,1149.83,159.601,257.825,1115.68,184.433,241.244,1106.04,,,,,,,,,,,,,-561.708,206.878,810.307,-529.044,255.525,825.585,-552.379,211.589,772.376,-519.508,260.3,787.305,-490.567,331.469,1599.76,-600.286,316.543,1597.61,-456.699,446.927,1610.4,-540.653,515.735,1611.38
804,0,13.3364,358.319,1184.84,85.828,308.202,1149.93,159.636,257.816,1115.69,184.452,241.235,1106.04,,,,,,,,,,,,,-561.623,207.05,810.208,-528.982,255.522,825.606,-552.357,211.555,772.411,-519.466,260.288,787.318,-490.53,331.47,1599.78,-599.936,316.501,1597.65,-456.674,446.921,1610.42,-540.643,515.742,1611.39
805,0,13.4774,358.333,1185.08,85.8984,308.228,1150.03,159.666,257.816,1115.71,184.453,241.231,1106.03,,,,,,,,,,,,,-561.638,206.834,810.316,-528.94,255.47,825.619,-552.373,211.453,772.406,-519.435,260.284,787.291,-490.495,331.471,1599.78,-600.264,316.561,1597.59,-456.653,446.917,1610.42,-540.618,515.737,1611.4
806,0,13.5919,358.378,1185.28,85.9568,308.24,1150.15,159.684,257.832,1115.74,184.454,241.235,1106.03,,,,,,,,,,,,,-561.603,206.82,810.35,-528.914,255.44,825.613,-552.356,211.336,772.446,-519.373,260.206,787.307,-490.464,331.451,1599.8,-600.251,316.591,1597.48,-456.629,446.917,1610.43,-540.596,515.725,1611.39
807,0,13.691,358.404,1185.5,86.021,308.265,1150.29,159.693,257.838,1115.77,184.459,241.227,1106.04,,,,,,,,,,,,,-561.604,206.671,810.43,-528.837,255.425,825.644,-552.364,211.242,772.461,-519.361,260.211,787.293,-490.443,331.443,1599.81,-600.007,316.498,1597.65,-456.594,446.909,1610.44,-540.569,515.734,1611.4
808,0,13.7836,358.413,1185.73,86.0769,308.272,1150.43,159.707,257.838,1115.79,184.449,241.244,1106.04,,,,,,,,,,,,,-561.485,206.896,810.265,-528.809,255.403,825.636,-552.264,211.372,772.443,-519.308,260.207,787.304,-490.41,331.452,1599.81,-599.75,316.571,1597.59,-456.576,446.904,1610.46,-540.54,515.716,1611.43
809,0,13.7887,358.028,1185.91,86.1357,308.282,1150.56,159.731,257.85,1115.81,184.458,241.248,1106.04,,,,,,,,,,,,,-561.24,207.47,809.923,-528.766,255.405,825.633,-552.244,211.313,772.448,-519.284,260.203,787.277,-490.374,331.452,1599.83,-599.721,316.561,1597.6,-456.557,446.909,1610.45,-540.52,515.704,1611.42
810,0,13.8669,358.02,1186.1,86.1966,308.259,1150.67,159.759,257.846,1115.84,184.466,241.245,1106.03,,,,,,,,,,,,,-561.451,206.705,810.423,-528.756,255.376,825.642,-552.281,211.057,772.5,-519.232,260.173,787.301,-490.354,331.439,1599.84,-599.719,316.475,1597.67,-456.534,446.896,1610.46,-540.501,515.705,1611.4
811,0,13.9541,358.01,1186.29,86.2503,308.226,1150.79,159.777,257.842,1115.85,184.477,241.237,1106.03,,,,,,,,,,,,,-561.158,207.406,810.003,-528.695,255.379,825.652,-552.235,211.143,772.478,-519.199,260.161,787.306,-490.338,331.455,1599.85,-599.65,316.466,1597.62,-456.522,446.91,1610.46,-540.49,515.707,1611.42
812,0,14.0673,357.957,1186.51,86.3306,308.204,1150.86,159.817,257.829,1115.87,184.497,241.24,1106.02,,,,,,,,,,,,,-561.081,207.467,809.895,-528.675,255.369,825.67,-552.184,211.123,772.488,-519.161,260.15,787.32,-490.296,331.445,1599.84,-599.789,316.473,1597.64,-456.489,446.913,1610.48,-540.462,515.678,1611.42
813,0,14.1409,357.935,1186.66,86.3794,308.189,1150.92,159.853,257.816,1115.87,184.505,241.231,1106.01,,,,,,,,,,,,,-561.016,207.421,809.931,-528.633,255.332,825.7,-552.158,211.091,772.494,-519.128,260.152,787.259,-490.265,331.456,1599.85,-599.917,316.52,1597.65,-456.476,446.916,1610.47,-540.449,515.698,1611.45
814,0,14.2954,358.309,1186.78,86.4286,308.175,1150.98,159.853,257.81,1115.86,184.515,241.223,1106.01,,,,,,,,,,,,,-560.977,207.397,809.963,-528.555,255.298,825.731,-552.067,211.181,772.54,-519.083,260.149,787.243,-490.25,331.437,1599.86,-599.851,316.457,1597.68,-456.445,446.917,1610.49,-540.445,515.691,1611.44
815,0,14.3337,358.312,1186.87,86.4698,308.174,1151,159.857,257.801,1115.84,184.512,241.213,1106,,,,,,,,,,,,,-560.905,207.366,809.955,-528.522,255.273,825.747,-552.059,211.102,772.52,-519.036,260.083,787.263,-490.213,331.45,1599.86,-599.583,316.507,1597.63,-456.426,446.928,1610.51,-540.421,515.697,1611.45
816,0,14.4555,357.852,1186.9,86.4818,308.154,1151.05,159.854,257.792,1115.84,184.511,241.211,1106.01,,,,,,,,,,,,,-560.977,206.944,810.205,-528.48,255.232,825.777,-552.006,211.11,772.543,-518.991,260.068,787.27,-490.185,331.429,1599.87,-599.932,316.503,1597.6,-456.41,446.932,1610.51,-540.434,515.695,1611.48
817,0,14.5062,357.875,1186.99,86.5096,308.14,1151.11,159.863,257.785,1115.84,184.524,241.217,1106.01,,,,,,,,,,,,,-560.788,207.268,809.96,-528.44,255.205,825.801,-551.987,211.072,772.54,-518.923,260.042,787.284,-490.153,331.433,1599.88,-599.921,316.512,1597.63,-456.393,446.931,1610.52,-540.399,515.701,1611.5
818,0,14.4794,358.303,1187.18,86.5376,308.108,1151.18,159.868,257.79,1115.85,184.526,241.215,1106.01,,,,,,,,,,,,,-560.752,207.209,810.045,-528.392,255.171,825.844,-551.955,211.004,772.584,-518.84,260.03,787.286,-490.129,331.424,1599.91,-599.475,316.418,1597.74,-456.359,446.942,1610.55,-540.379,515.684,1611.51
819,0,14.6614,358.19,1187.31,86.5622,308.098,1151.27,159.873,257.794,1115.86,184.519,241.216,1106.01,,,,,,,,,,,,,-560.708,207.162,810.083,-528.323,255.136,825.858,-551.854,211.017,772.631,-518.779,260.006,787.303,-490.123,331.432,1599.92,-599.401,316.45,1597.69,-456.339,446.945,1610.57,-540.36,515.683,1611.54
820,0,14.6361,357.814,1187.36,86.5833,308.07,1151.37,159.88,257.787,1115.87,184.511,241.21,1106.01,,,,,,,,,,,,,-560.661,207.063,810.18,-528.272,255.116,825.848,-551.799,211.039,772.609,-518.691,259.953,787.331,-490.094,331.419,1599.95,-599.785,316.464,1597.71,-456.328,446.942,1610.61,-540.334,515.682,1611.57
821,0,14.6678,357.804,1187.47,86.6127,308.057,1151.44,159.881,257.796,1115.88,184.52,241.218,1106.01,,,,,,,,,,,,,-560.57,207.086,810.148,-528.224,255.084,825.879,-551.71,211.052,772.643,-518.624,259.943,787.33,-490.058,331.435,1599.99,-599.699,316.49,1597.7,-456.298,446.949,1610.63,-540.324,515.692,1611.58
822,0,14.696,357.776,1187.59,86.6351,308.041,1151.5,159.889,257.788,1115.89,184.521,241.213,1106.02,,,,,,,,,,,,,-560.901,205.607,811.218,-528.137,255.052,825.917,-551.513,211.281,772.639,-518.539,259.906,787.39,-490.036,331.434,1600.01,-599.328,316.425,1597.71,-456.288,446.956,1610.66,-540.327,515.725,1611.64
823,0,14.6452,358.147,1187.78,86.654,308.036,1151.54,159.887,257.791,1115.89,184.514,241.218,1106.02,,,,,,,,,,,,,-560.815,205.579,811.224,-528.063,255.039,825.931,-551.565,211.104,772.659,-518.472,259.875,787.408,-490.038,331.448,1600,-599.615,316.432,1597.74,-456.267,446.966,1610.68,-540.298,515.706,1611.62
824,0,14.8257,358.061,1187.85,86.6697,308.038,1151.58,159.89,257.805,1115.89,184.504,241.223,1106.02,,,,,,,,,,,,,-560.741,205.584,811.28,-527.984,254.966,825.994,-551.398,211.261,772.699,-518.381,259.832,787.473,-490.02,331.451,1600.05,-599.665,316.504,1597.72,-456.255,446.973,1610.71,-540.285,515.721,1611.66
825,0,14.7077,358.13,1187.93,86.6787,308.039,1151.61,159.881,257.816,1115.89,184.501,241.232,1106.02,,,,,,,,,,,,,-560.656,205.543,811.312,-527.869,255.014,825.96,-551.317,211.161,772.719,-518.271,259.796,787.542,-490.016,331.457,1600.07,-599.312,316.418,1597.81,-456.233,446.972,1610.75,-540.266,515.728,1611.67
826,0,14.8783,358.066,1187.96,86.6935,308.042,1151.63,159.896,257.834,1115.87,184.507,241.243,1106.02,,,,,,,,,,,,,-560.633,205.472,811.384,-527.783,254.984,825.971,-551.23,211.097,772.749,-518.185,259.767,787.575,-489.982,331.461,1600.09,-599.421,316.419,1597.8,-456.224,446.993,1610.76,-540.256,515.745,1611.69
827,0,14.8993,358.061,1188.02,86.6916,308.056,1151.64,159.89,257.844,1115.87,184.503,241.254,1106.01,,,,,,,,,,,,,-560.333,206.006,810.908,-527.696,254.943,826.015,-551.08,211.293,772.715,-518.113,259.76,787.587,-489.956,331.479,1600.12,-599.578,316.465,1597.84,-456.193,446.999,1610.78,-540.232,515.747,1611.7
828,0,14.9053,358.07,1188.08,86.6965,308.069,1151.67,159.879,257.866,1115.87,184.479,241.279,1106.03,,,,,,,,,,,,,-560.09,206.489,810.622,-527.59,254.933,826.048,-551.027,211.07,772.8,-518.06,259.777,787.617,-489.939,331.502,1600.13,-599.584,316.466,1597.9,-456.175,447.028,1610.79,-540.221,515.777,1611.73
829,0,14.936,358.082,1188.13,86.7044,308.084,1151.7,159.863,257.876,1115.86,184.48,241.29,1106.02,,,,,,,,,,,,,-560.03,206.421,810.772,-527.466,254.871,826.099,-550.979,210.973,772.842,-517.977,259.775,787.619,-489.919,331.507,1600.15,-599.246,316.477,1597.89,-456.168,447.036,1610.8,-540.193,515.786,1611.71
830,0,14.9611,358.116,1188.18,86.7089,308.106,1151.72,159.876,257.909,1115.87,184.469,241.311,1106.03,,,,,,,,,,,,,-560.306,205.341,811.599,-527.366,254.795,826.138,-551.032,210.536,772.941,-517.909,259.791,787.632,-489.903,331.524,1600.18,-599.548,316.485,1597.93,-456.138,447.053,1610.82,-540.162,515.794,1611.73
831,0,14.982,358.137,1188.24,86.7153,308.13,1151.75,159.866,257.932,1115.87,184.463,241.324,1106.03,,,,,,,,,,,,,-560.027,205.838,811.146,-527.239,254.777,826.162,-550.979,210.371,773.045,-517.834,259.82,787.635,-489.865,331.553,1600.19,-599.545,316.56,1597.91,-456.107,447.073,1610.85,-540.127,515.803,1611.73
832,0,15.0107,358.173,1188.31,86.7101,308.154,1151.78,159.843,257.957,1115.86,184.429,241.338,1106.04,,,,,,,,,,,,,-559.687,206.609,810.625,-527.166,254.765,826.17,-550.946,210.188,773.152,-517.768,259.821,787.629,-489.828,331.57,1600.2,-599.529,316.59,1597.86,-456.077,447.09,1610.86,-540.111,515.837,1611.76
833,0,15.0485,358.183,1188.39,86.7134,308.16,1151.81,159.849,257.983,1115.87,184.426,241.35,1106.04,,,,,,,,,,,,,-559.91,205.684,811.343,-527.063,254.678,826.24,-550.748,210.226,773.224,-517.706,259.81,787.652,-489.801,331.59,1600.21,-599.136,316.502,1597.92,-456.039,447.101,1610.88,-540.054,515.826,1611.76
834,0,15.0761,358.196,1188.46,86.7111,308.176,1151.85,159.827,257.993,1115.87,184.421,241.371,1106.03,,,,,,,,,,,,,-559.531,206.545,810.774,-526.978,254.647,826.277,-550.726,210.174,773.18,-517.613,259.842,787.686,-489.768,331.596,1600.22,-599.502,316.565,1597.87,-456,447.115,1610.91,-540.025,515.841,1611.77
835,0,14.9424,358.303,1188.54,86.7216,308.184,1151.88,159.827,258.011,1115.88,184.412,241.373,1106.04,,,,,,,,,,,,,-559.762,205.6,811.431,-526.851,254.64,826.314,-550.919,208.969,774.035,-517.551,259.826,787.683,-489.75,331.616,1600.21,-599.107,316.525,1597.94,-455.993,447.125,1610.92,-539.998,515.852,1611.77
836,0,15.1147,358.25,1188.58,86.7365,308.193,1151.9,159.821,258.02,1115.87,184.407,241.379,1106.03,,,,,,,,,,,,,-559.671,205.565,811.428,-526.781,254.619,826.305,-550.51,210.029,773.337,-517.483,259.799,787.695,-489.711,331.626,1600.22,-599.36,316.604,1597.91,-455.978,447.129,1610.92,-539.958,515.871,1611.78
837,0,15.152,358.259,1188.63,86.7538,308.199,1151.92,159.827,258.026,1115.88,184.409,241.387,1106.04,,,,,,,,,,,,,-559.575,205.543,811.405,-526.714,254.606,826.323,-550.588,209.709,773.446,-517.409,259.777,787.721,-489.676,331.64,1600.23,-599.264,316.625,1597.82,-455.918,447.161,1610.95,-539.905,515.879,1611.8
838,0,15.0915,357.961,1188.51,86.774,308.21,1151.94,159.831,258.043,1115.86,184.422,241.399,1106.04,,,,,,,,,,,,,-559.496,205.513,811.565,-526.633,254.568,826.358,-550.502,209.579,773.544,-517.319,259.78,787.759,-489.651,331.653,1600.26,-599.398,316.641,1597.91,-455.885,447.187,1610.95,-539.873,515.903,1611.8
839,0,15.1871,358.207,1188.68,86.7859,308.209,1151.96,159.856,258.047,1115.86,184.425,241.396,1106.03,,,,,,,,,,,,,-559.409,205.495,811.498,-526.574,254.531,826.372,-550.441,209.55,773.608,-517.264,259.754,787.746,-489.608,331.669,1600.29,-599.178,316.645,1597.91,-455.865,447.207,1610.96,-539.825,515.912,1611.8
840,0,15.2046,358.211,1188.71,86.8015,308.207,1151.97,159.839,258.051,1115.85,184.437,241.4,1106.03,,,,,,,,,,,,,-559.383,205.343,811.594,-526.491,254.509,826.412,-550.37,209.444,773.678,-517.214,259.731,787.766,-489.595,331.717,1600.29,-598.946,316.625,1597.98,-455.832,447.249,1610.98,-539.786,515.938,1611.82
841,0,15.2236,358.179,1188.76,86.8046,308.194,1151.99,159.864,258.045,1115.87,184.436,241.39,1106.03,,,,,,,,,,,,,-559.273,205.352,811.734,-526.45,254.503,826.453,-550.298,209.4,773.69,-517.117,259.683,787.814,-489.553,331.735,1600.3,-598.942,316.686,1598.04,-455.763,447.278,1611,-539.742,515.958,1611.83
842,0,15.2555,358.158,1188.81,86.8172,308.188,1152.01,159.874,258.054,1115.88,184.445,241.403,1106.04,,,,,,,,,,,,,-559.257,205.252,811.653,-526.362,254.484,826.473,-550.101,209.598,773.644,-517.023,259.659,787.876,-489.531,331.768,1600.31,-598.895,316.709,1598.03,-455.709,447.299,1611.03,-539.704,515.959,1611.82
843,0,15.2753,358.134,1188.86,86.8337,308.176,1152.03,159.888,258.048,1115.87,184.451,241.399,1106.03,,,,,,,,,,,,,-559.182,205.179,811.812,-526.308,254.487,826.497,-550.1,209.379,773.621,-516.938,259.617,787.928,-489.527,331.819,1600.31,-599.2,316.744,1597.99,-455.679,447.348,1611.04,-539.667,515.995,1611.83
844,0,15.2956,358.131,1188.9,86.8416,308.166,1152.05,159.891,258.046,1115.87,184.453,241.401,1106.04,,,,,,,,,,,,,-559.121,205.138,811.709,-526.227,254.467,826.498,-550,209.395,773.637,-516.843,259.556,787.992,-489.492,331.836,1600.36,-598.816,316.778,1598,-455.646,447.381,1611.05,-539.643,516.032,1611.81
845,0,15.3207,358.113,1188.99,86.8455,308.159,1152.08,159.879,258.049,1115.87,184.451,241.404,1106.03,,,,,,,,,,,,,-558.987,205.08,811.947,-526.094,254.477,826.561,-549.884,209.477,773.61,-516.745,259.502,788.056,-489.459,331.897,1600.37,-598.787,316.802,1598.01,-455.613,447.439,1611.04,-539.596,516.063,1611.82
846,0,15.3269,358.096,1189.02,86.8541,308.144,1152.09,159.886,258.05,1115.87,184.442,241.4,1106.04,,,,,,,,,,,,,-558.869,205.264,811.863,-526.034,254.458,826.562,-549.767,209.627,773.534,-516.66,259.485,788.07,-489.438,331.933,1600.37,-598.769,316.886,1598.04,-455.582,447.477,1611.05,-539.553,516.078,1611.8
847,0,15.3318,358.095,1189.03,86.843,308.141,1152.11,159.885,258.048,1115.87,184.448,241.403,1106.04,,,,,,,,,,,,,-558.499,206.181,811.202,-525.964,254.438,826.607,-549.635,209.688,773.525,-516.573,259.418,788.153,-489.422,331.994,1600.39,-598.783,316.848,1598.13,-455.551,447.515,1611.03,-539.522,516.094,1611.77
848,0,15.3306,358.086,1189.05,86.8318,308.146,1152.1,159.874,258.046,1115.88,184.444,241.407,1106.03,,,,,,,,,,,,,-558.671,205.431,811.842,-525.869,254.403,826.638,-549.119,210.752,773.319,-516.5,259.335,788.188,-489.395,332.037,1600.4,-598.979,316.989,1598,-455.528,447.592,1611.01,-539.499,516.157,1611.76
849,0,15.331,358.074,1189.06,86.8191,308.132,1152.11,159.869,258.053,1115.87,184.426,241.416,1106.03,,,,,,,,,,,,,-558.371,206.14,811.308,-525.795,254.393,826.661,-548.484,212.211,773.11,-516.437,259.298,788.213,-489.366,332.088,1600.41,-599.019,317.062,1598.07,-455.494,447.639,1611.04,-539.472,516.206,1611.75
850,0,15.3251,358.056,1189.08,86.821,308.127,1152.11,159.88,258.062,1115.87,184.432,241.419,1106.02,,,,,,,,,,,,,-558.32,206.118,811.33,-525.722,254.383,826.677,-548.479,212.09,773.13,-516.35,259.247,788.301,-489.329,332.164,1600.42,-598.644,317.143,1598.08,-455.462,447.703,1611.03,-539.469,516.259,1611.71
851,0,15.324,358.034,1189.12,86.8258,308.134,1152.13,159.875,258.058,1115.88,184.419,241.42,1106.03,,,,,,,,,,,,,-558.231,206.109,811.367,-525.607,254.362,826.702,-548.393,212.09,773.17,-516.272,259.189,788.327,-489.303,332.227,1600.42,-598.947,317.181,1598.1,-455.424,447.758,1611.03,-539.452,516.322,1611.73
852,0,15.325,358.018,1189.16,86.8106,308.121,1152.15,159.863,258.065,1115.87,184.419,241.425,1106.04,,,,,,,,,,,,,-558.148,206.118,811.384,-525.562,254.369,826.717,-548.257,212.212,773.164,-516.221,259.157,788.397,-489.292,332.291,1600.45,-598.871,317.243,1598.08,-455.432,447.821,1611.01,-539.446,516.375,1611.7
853,0,15.3258,358.024,1189.19,86.8095,308.115,1152.18,159.862,258.063,1115.87,184.416,241.427,1106.04,,,,,,,,,,,,,-558.08,206.109,811.412,-525.506,254.333,826.756,-548.197,212.178,773.21,-516.153,259.141,788.425,-489.261,332.354,1600.47,-598.789,317.3,1598.16,-455.419,447.87,1611.01,-539.429,516.446,1611.71
854,0,15.1282,358.093,1189.26,86.8258,308.1,1152.2,159.85,258.061,1115.87,184.413,241.43,1106.03,,,,,,,,,,,,,-558.125,205.798,811.648,-525.426,254.353,826.789,-548.144,212.123,773.242,-516.106,259.127,788.451,-489.222,332.399,1600.48,-598.65,317.343,1598.12,-455.412,447.94,1611,-539.411,516.518,1611.71
855,0,15.1325,358.065,1189.31,86.8198,308.078,1152.22,159.849,258.052,1115.87,184.427,241.425,1106.04,,,,,,,,,,,,,-557.989,206.07,811.527,-525.34,254.321,826.872,-548.205,211.819,773.316,-516.025,259.129,788.501,-489.215,332.478,1600.5,-598.546,317.383,1598.15,-455.393,447.993,1611.02,-539.392,516.575,1611.69
856,0,15.134,358.045,1189.34,86.8138,308.069,1152.24,159.837,258.042,1115.88,184.416,241.418,1106.04,,,,,,,,,,,,,-557.911,206.068,811.53,-525.291,254.321,826.906,-548.039,212.132,773.327,-515.978,259.114,788.534,-489.182,332.538,1600.51,-598.913,317.474,1598.18,-455.38,448.056,1611.03,-539.385,516.668,1611.7
857,0,15.1236,358.017,1189.36,86.8135,308.061,1152.24,159.852,258.038,1115.88,184.404,241.424,1106.04,,,,,,,,,,,,,-557.869,206.046,811.602,-525.259,254.324,826.932,-547.967,212.17,773.358,-515.908,259.086,788.578,-489.162,332.606,1600.51,-598.545,317.539,1598.15,-455.369,448.097,1611.03,-539.365,516.743,1611.71
858,0,15.0385,357.701,1189.27,86.8152,308.047,1152.26,159.833,258.036,1115.87,184.414,241.422,1106.03,,,,,,,,,,,,,-558.002,205.411,811.986,-525.207,254.267,826.995,-548.059,211.712,773.472,-515.878,259.16,788.562,-489.153,332.652,1600.53,-598.457,317.561,1598.18,-455.358,448.141,1611.04,-539.34,516.792,1611.71
859,0,15.1148,357.931,1189.4,86.8156,308.047,1152.28,159.839,258.031,1115.89,184.414,241.412,1106.05,,,,,,,,,,,,,-557.738,205.993,811.645,-525.168,254.258,827.056,-547.853,212.199,773.411,-515.827,259.162,788.552,-489.119,332.697,1600.56,-598.764,317.656,1598.22,-455.355,448.195,1611.03,-539.328,516.848,1611.71
860,0,15.1203,357.91,1189.44,86.8224,308.034,1152.29,159.833,258.018,1115.88,184.406,241.42,1106.04,,,,,,,,,,,,,-557.707,206.003,811.653,-525.13,254.237,827.105,-547.972,211.788,773.47,-515.775,259.159,788.591,-489.114,332.752,1600.54,-598.746,317.672,1598.27,-455.339,448.246,1611.02,-539.303,516.918,1611.72
861,0,15.0534,357.652,1189.37,86.821,308.018,1152.33,159.845,258.015,1115.89,184.409,241.415,1106.04,,,,,,,,,,,,,-557.86,205.302,812.095,-525.098,254.24,827.117,-547.791,212.118,773.495,-515.727,259.145,788.61,-489.097,332.78,1600.56,-598.466,317.659,1598.29,-455.333,448.272,1611.03,-539.292,516.98,1611.73
862,0,15.072,357.616,1189.42,86.8316,307.995,1152.35,159.834,258.016,1115.89,184.411,241.409,1106.04,,,,,,,,,,,,,-557.604,205.986,811.745,-525.072,254.231,827.137,-547.871,211.894,773.521,-515.696,259.127,788.6,-489.075,332.835,1600.56,-598.415,317.738,1598.31,-455.33,448.318,1611.01,-539.281,517.041,1611.72
863,0,15.1546,357.837,1189.56,86.8425,307.989,1152.38,159.858,257.998,1115.9,184.415,241.396,1106.04,,,,,,,,,,,,,-557.602,205.986,811.774,-525.015,254.24,827.15,-547.901,211.665,773.574,-515.652,259.157,788.61,-489.061,332.883,1600.56,-598.675,317.782,1598.32,-455.309,448.344,1611.01,-539.267,517.086,1611.7
864,0,15.1694,357.827,1189.61,86.8497,307.988,1152.41,159.857,257.997,1115.91,184.414,241.395,1106.03,,,,,,,,,,,,,-557.534,205.997,811.761,-524.999,254.257,827.17,-547.869,211.747,773.57,-515.621,259.149,788.643,-489.053,332.906,1600.56,-598.355,317.806,1598.27,-455.311,448.386,1611.01,-539.242,517.125,1611.71
865,0,15.1873,357.811,1189.65,86.8704,307.983,1152.43,159.863,257.988,1115.92,184.42,241.397,1106.03,,,,,,,,,,,,,-557.505,206.009,811.792,-524.975,254.26,827.178,-548.091,210.94,773.669,-515.598,259.156,788.635,-489.024,332.939,1600.58,-598.615,317.828,1598.3,-455.286,448.423,1611.01,-539.227,517.197,1611.72
866,0,15.1949,357.791,1189.7,86.8685,307.962,1152.45,159.859,257.983,1115.93,184.416,241.385,1106.03,,,,,,,,,,,,,-557.526,206.008,811.806,-524.938,254.253,827.162,-547.82,211.761,773.564,-515.566,259.116,788.652,-488.988,332.957,1600.59,-598.346,317.871,1598.31,-455.281,448.441,1611,-539.211,517.251,1611.71
867,0,15.2058,357.77,1189.74,86.8694,307.953,1152.47,159.871,257.995,1115.93,184.419,241.379,1106.03,,,,,,,,,,,,,-557.493,206.004,811.816,-524.951,254.28,827.174,-547.862,211.651,773.597,-515.557,259.136,788.675,-488.971,332.992,1600.59,-598.581,318.023,1598.29,-455.252,448.493,1610.98,-539.191,517.289,1611.71
868,0,15.206,357.761,1189.77,86.8713,307.949,1152.49,159.863,257.977,1115.93,184.42,241.385,1106.04,,,,,,,,,,,,,-557.474,206.033,811.807,-524.937,254.313,827.145,-547.98,211.216,773.689,-515.544,259.153,788.673,-488.958,333.017,1600.6,-598.331,318.027,1598.32,-455.224,448.521,1610.98,-539.162,517.335,1611.7
869,0,15.1989,357.761,1189.79,86.8642,307.944,1152.5,159.863,257.991,1115.94,184.42,241.38,1106.04,,,,,,,,,,,,,-557.481,206.023,811.869,-524.931,254.306,827.173,-547.936,211.401,773.624,-515.542,259.178,788.668,-488.927,333.053,1600.61,-598.575,318.075,1598.32,-455.197,448.559,1610.99,-539.151,517.392,1611.7
870,0,15.2084,357.772,1189.82,86.8644,307.957,1152.5,159.843,257.988,1115.92,184.4,241.385,1106.04,,,,,,,,,,,,,-557.467,206.037,811.848,-524.907,254.352,827.165,-547.984,211.279,773.632,-515.53,259.183,788.652,-488.909,333.1,1600.6,-598.536,318.102,1598.34,-455.18,448.609,1610.98,-539.122,517.403,1611.67
871,0,15.2104,357.778,1189.84,86.866,307.964,1152.51,159.842,257.982,1115.92,184.394,241.387,1106.05,,,,,,,,,,,,,-557.711,205.936,812.125,-524.916,254.391,827.117,-547.907,211.535,773.598,-515.563,259.213,788.609,-488.889,333.144,1600.6,-598.478,318.164,1598.29,-455.151,448.641,1610.99,-539.116,517.456,1611.68
872,0,15.2057,357.776,1189.89,86.8598,307.96,1152.53,159.84,258.001,1115.93,184.383,241.392,1106.05,,,,,,,,,,,,,-557.68,205.959,812.138,-524.927,254.421,827.129,-548.069,211.114,773.659,-515.582,259.251,788.58,-488.87,333.184,1600.59,-598.505,318.259,1598.24,-455.109,448.677,1611,-539.091,517.484,1611.69
873,0,15.2262,357.791,1189.92,86.8657,307.965,1152.56,159.818,258.006,1115.91,184.382,241.392,1106.05,,,,,,,,,,,,,-557.715,205.956,812.134,-524.91,254.438,827.085,-548.044,211.199,773.615,-515.608,259.281,788.571,-488.811,333.225,1600.59,-598.357,318.264,1598.29,-455.089,448.725,1610.98,-539.076,517.528,1611.66
874,0,15.2093,357.594,1190.07,86.8694,307.97,1152.59,159.818,258.018,1115.93,184.379,241.407,1106.05,,,,,,,,,,,,,-557.556,206.068,811.909,-524.915,254.455,827.083,-548.064,211.215,773.618,-515.607,259.293,788.568,-488.792,333.267,1600.58,-598.361,318.312,1598.3,-455.085,448.775,1610.97,-539.06,517.577,1611.67
875,0,15.2332,357.592,1190.13,86.8862,307.96,1152.62,159.828,258.024,1115.94,184.369,241.397,1106.04,,,,,,,,,,,,,-557.593,206.103,811.87,-524.919,254.531,827.093,-547.971,211.527,773.546,-515.612,259.331,788.562,-488.747,333.307,1600.58,-598.335,318.387,1598.23,-455.049,448.819,1610.97,-539.029,517.605,1611.67
876,0,15.1537,357.15,1190.14,86.8983,307.948,1152.65,159.829,258.023,1115.93,184.374,241.406,1106.05,,,,,,,,,,,,,-557.594,206.134,811.869,-524.94,254.535,827.083,-548.163,211.122,773.584,-515.633,259.325,788.593,-488.697,333.348,1600.58,-598.318,318.435,1598.26,-455.008,448.867,1610.97,-538.996,517.629,1611.64
877,0,15.2581,357.497,1190.26,86.9112,307.955,1152.69,159.841,258.028,1115.95,184.365,241.407,1106.04,,,,,,,,,,,,,-557.605,206.169,811.864,-524.985,254.577,827.07,-548.352,210.711,773.642,-515.677,259.396,788.573,-488.672,333.414,1600.58,-598.242,318.428,1598.3,-454.981,448.925,1610.98,-538.982,517.677,1611.65
878,0,15.2892,357.466,1190.33,86.9305,307.932,1152.72,159.847,258.016,1115.95,184.374,241.397,1106.02,,,,,,,,,,,,,-557.881,205.403,812.292,-524.957,254.61,827.071,-548.345,210.78,773.58,-515.663,259.423,788.556,-488.632,333.471,1600.55,-597.988,318.423,1598.31,-454.938,448.977,1610.96,-538.936,517.702,1611.64
879,0,15.3003,357.435,1190.38,86.9342,307.916,1152.74,159.851,258.004,1115.95,184.377,241.396,1106.03,,,,,,,,,,,,,-557.783,206.192,812.022,-524.982,254.715,826.969,-548.286,211.016,773.539,-515.698,259.506,788.537,-488.595,333.512,1600.54,-598.123,318.439,1598.35,-454.903,449.032,1610.97,-538.935,517.738,1611.63
880,0,15.3037,357.376,1190.42,86.9422,307.909,1152.76,159.847,257.995,1115.96,184.371,241.389,1106.04,,,,,,,,,,,,,-558.111,205.175,812.562,-524.977,254.771,826.979,-548.452,210.76,773.529,-515.71,259.516,788.56,-488.555,333.561,1600.55,-597.886,318.462,1598.27,-454.874,449.094,1610.96,-538.92,517.778,1611.64
881,0,15.3083,357.339,1190.47,86.9538,307.904,1152.78,159.851,257.993,1115.95,184.38,241.39,1106.03,,,,,,,,,,,,,-557.807,206.311,811.97,-524.995,254.839,826.928,-548.515,210.729,773.495,-515.732,259.617,788.512,-488.518,333.645,1600.51,-598.186,318.539,1598.31,-454.813,449.139,1610.96,-538.868,517.807,1611.62
882,0,15.3159,357.296,1190.52,86.958,307.891,1152.79,159.859,257.984,1115.96,184.378,241.392,1106.03,,,,,,,,,,,,,-557.836,206.335,811.971,-525.017,254.88,826.885,-548.328,211.258,773.401,-515.746,259.715,788.475,-488.473,333.663,1600.52,-598.009,318.566,1598.29,-454.786,449.186,1610.95,-538.864,517.844,1611.62
883,0,15.3756,357.569,1190.46,86.9686,307.881,1152.82,159.86,257.988,1115.96,184.373,241.388,1106.03,,,,,,,,,,,,,-558.156,205.446,812.415,-525.05,254.925,826.871,-548.278,211.412,773.4,-515.774,259.804,788.438,-488.432,333.719,1600.5,-598.07,318.613,1598.25,-454.752,449.235,1610.95,-538.834,517.883,1611.61
884,0,15.4059,357.551,1190.51,86.9965,307.876,1152.86,159.875,257.975,1115.97,184.384,241.384,1106.03,,,,,,,,,,,,,-558.163,205.356,812.446,-525.059,254.966,826.854,-548.425,211.204,773.375,-515.792,259.891,788.372,-488.395,333.77,1600.46,-597.717,318.603,1598.25,-454.72,449.27,1610.94,-538.795,517.897,1611.6
885,0,15.3233,356.882,1190.68,87.003,307.856,1152.9,159.866,257.969,1115.98,184.384,241.362,1106.04,,,,,,,,,,,,,-558.186,205.47,812.39,-525.068,255.018,826.857,-548.496,211.136,773.369,-515.862,260.019,788.302,-488.343,333.799,1600.46,-597.71,318.624,1598.29,-454.692,449.33,1610.93,-538.804,517.937,1611.59
886,0,15.4506,357.452,1190.65,87.0206,307.835,1152.94,159.883,257.969,1115.99,184.397,241.366,1106.04,,,,,,,,,,,,,-557.914,206.545,811.867,-525.088,255.064,826.822,-548.63,211.001,773.352,-515.871,260.065,788.273,-488.312,333.828,1600.43,-597.63,318.636,1598.2,-454.659,449.355,1610.91,-538.766,517.961,1611.58
887,0,15.4972,357.445,1190.73,87.0561,307.82,1152.98,159.902,257.953,1116,184.406,241.373,1106.02,,,,,,,,,,,,,-557.943,206.615,811.837,-525.133,255.12,826.785,-548.569,211.149,773.343,-515.9,260.201,788.221,-488.259,333.862,1600.4,-597.616,318.659,1598.22,-454.612,449.398,1610.87,-538.74,517.991,1611.58
888,0,15.5158,357.397,1190.81,87.0704,307.798,1153.04,159.914,257.936,1116.03,184.391,241.356,1106.03,,,,,,,,,,,,,-558.222,205.72,812.334,-525.164,255.184,826.74,-548.669,211.08,773.329,-515.941,260.286,788.194,-488.244,333.874,1600.4,-597.971,318.736,1598.16,-454.596,449.42,1610.87,-538.74,518.01,1611.56
889,0,15.5361,357.372,1190.86,87.0746,307.775,1153.06,159.913,257.932,1116.03,184.389,241.355,1106.02,,,,,,,,,,,,,-557.946,206.762,811.805,-525.163,255.244,826.724,-548.657,211.167,773.282,-515.943,260.323,788.175,-488.191,333.901,1600.37,-597.752,318.77,1598.11,-454.583,449.443,1610.82,-538.694,518.016,1611.55
890,0,15.5608,357.379,1190.89,87.0839,307.765,1153.08,159.906,257.924,1116.01,184.388,241.345,1106.02,,,,,,,,,,,,,-557.91,206.998,811.618,-525.198,255.29,826.705,-548.754,210.854,773.287,-515.984,260.446,788.124,-488.147,333.908,1600.33,-597.526,318.741,1598.17,-454.54,449.47,1610.83,-538.661,518.018,1611.55
891,0,15.5785,357.352,1190.94,87.0929,307.762,1153.11,159.915,257.919,1116.02,184.384,241.345,1106.03,,,,,,,,,,,,,-558.222,206.022,812.18,-525.234,255.349,826.694,-548.703,211.213,773.302,-515.983,260.502,788.108,-488.133,333.915,1600.33,-597.513,318.711,1598.18,-454.53,449.471,1610.8,-538.656,518.05,1611.54
892,0,15.6061,357.358,1190.98,87.105,307.769,1153.12,159.913,257.928,1116.01,184.386,241.349,1106.02,,,,,,,,,,,,,-557.927,207.177,811.596,-525.263,255.445,826.699,-548.708,211.301,773.303,-515.987,260.563,788.098,-488.085,333.911,1600.31,-597.501,318.667,1598.17,-454.511,449.486,1610.79,-538.631,518.038,1611.53
893,0,15.6434,357.388,1191.03,87.1218,307.784,1153.14,159.91,257.936,1116.01,184.386,241.356,1106.02,,,,,,,,,,,,,-557.942,207.246,811.576,-525.293,255.514,826.689,-548.716,211.302,773.29,-516.002,260.639,788.093,-488.048,333.938,1600.28,-597.469,318.719,1598.14,-454.489,449.491,1610.78,-538.607,518.043,1611.52
894,0,15.6654,357.39,1191.12,87.1357,307.759,1153.2,159.916,257.935,1116.02,184.386,241.36,1106.03,,,,,,,,,,,,,-557.987,207.326,811.546,-525.31,255.571,826.688,-548.748,211.375,773.271,-516.031,260.705,788.048,-488.04,333.915,1600.27,-597.461,318.694,1598.16,-454.462,449.509,1610.75,-538.609,518.056,1611.53
895,0,15.7016,357.399,1191.18,87.1543,307.761,1153.24,159.911,257.951,1116.02,184.397,241.369,1106.02,,,,,,,,,,,,,-558,207.444,811.494,-525.338,255.693,826.654,-548.738,211.461,773.248,-516.01,260.759,788.062,-488.026,333.905,1600.22,-597.523,318.699,1598.13,-454.45,449.486,1610.74,-538.58,518.057,1611.52
896,0,15.7245,357.403,1191.25,87.1695,307.767,1153.27,159.931,257.952,1116.04,184.39,241.371,1106.03,,,,,,,,,,,,,-558.001,207.574,811.413,-525.359,255.801,826.607,-548.802,211.427,773.26,-516.023,260.811,788.043,-488,333.906,1600.21,-597.531,318.733,1598.11,-454.422,449.496,1610.73,-538.555,518.035,1611.53
897,0,15.7438,357.381,1191.34,87.187,307.761,1153.32,159.936,257.959,1116.05,184.382,241.375,1106.03,,,,,,,,,,,,,-558.412,206.378,811.984,-525.409,255.874,826.597,-548.805,211.508,773.269,-516.039,260.882,788.031,-487.981,333.864,1600.21,-597.397,318.684,1598.05,-454.421,449.458,1610.74,-538.553,518.023,1611.54
898,0,15.7672,357.383,1191.39,87.2059,307.762,1153.34,159.944,257.969,1116.05,184.4,241.383,1106.02,,,,,,,,,,,,,-558.047,207.756,811.339,-525.403,255.992,826.541,-548.873,211.515,773.282,-516.044,260.918,788.011,-487.961,333.876,1600.15,-597.816,318.73,1598.05,-454.411,449.456,1610.7,-538.525,518.013,1611.51
899,0,15.9677,357.342,1191.38,87.221,307.762,1153.37,159.939,257.978,1116.06,184.397,241.385,1106.03,,,,,,,,,,,,,-558.051,207.88,811.24,-525.462,256.05,826.509,-548.92,211.472,773.281,-516.061,260.953,787.99,-487.958,333.847,1600.14,-597.426,318.656,1598.06,-454.396,449.43,1610.7,-538.523,518.001,1611.52
900,0,15.9758,357.345,1191.41,87.2255,307.769,1153.38,159.951,257.982,1116.06,184.394,241.388,1106.03,,,,,,,,,,,,,-558.394,206.85,811.679,-525.47,256.135,826.416,-548.558,212.392,772.872,-516.068,261.033,787.971,-487.95,333.815,1600.11,-597.42,318.683,1598.04,-454.388,449.417,1610.7,-538.513,517.986,1611.52
901,0,15.9862,357.362,1191.42,87.2267,307.76,1153.38,159.946,257.979,1116.05,184.386,241.398,1106.02,,,,,,,,,,,,,-558.401,206.982,811.718,-525.513,256.204,826.396,-549.024,211.497,773.278,-516.107,261.064,787.944,-487.928,333.799,1600.1,-597.656,318.706,1597.9,-454.394,449.374,1610.68,-538.495,517.969,1611.51
902,0,15.9809,357.344,1191.43,87.2238,307.754,1153.38,159.946,257.986,1116.05,184.384,241.392,1106.03,,,,,,,,,,,,,-558.1,208.151,811.021,-525.535,256.306,826.314,-549.027,211.632,773.256,-516.129,261.13,787.9,-487.956,333.789,1600.06,-597.511,318.705,1597.93,-454.385,449.347,1610.67,-538.491,517.938,1611.54
903,0,15.9984,357.347,1191.45,87.2381,307.779,1153.4,159.948,257.982,1116.05,184.395,241.397,1106.03,,,,,,,,,,,,,-558.432,207.164,811.504,-525.565,256.415,826.26,-548.58,212.752,772.765,-516.144,261.166,787.899,-487.948,333.757,1600.02,-597.415,318.623,1597.94,-454.377,449.318,1610.65,-538.468,517.911,1611.52
904,0,16.0227,357.344,1191.49,87.2502,307.767,1153.41,159.95,257.981,1116.05,184.391,241.403,1106.02,,,,,,,,,,,,,-558.428,207.225,811.571,-525.568,256.508,826.185,-548.625,212.744,772.755,-516.151,261.212,787.874,-487.938,333.716,1599.99,-597.401,318.583,1597.88,-454.374,449.272,1610.64,-538.46,517.876,1611.51
905,0,16.0417,357.332,1191.51,87.2579,307.763,1153.44,159.949,257.976,1116.06,184.386,241.396,1106.03,,,,,,,,,,,,,-558.478,207.303,811.502,-525.621,256.576,826.152,-548.853,212.337,772.763,-516.197,261.261,787.821,-487.966,333.694,1599.97,-597.41,318.586,1597.86,-454.375,449.241,1610.64,-538.467,517.879,1611.53
906,0,16.0821,357.341,1191.54,87.2772,307.756,1153.46,159.961,257.967,1116.06,184.403,241.376,1106.02,,,,,,,,,,,,,-558.499,207.394,811.372,-525.621,256.654,826.086,-548.158,214.194,772.461,-516.219,261.313,787.772,-487.943,333.64,1599.95,-597.414,318.58,1597.86,-454.354,449.204,1610.64,-538.443,517.828,1611.52
907,0,16.1006,357.333,1191.56,87.2893,307.749,1153.46,159.963,257.965,1116.07,184.394,241.377,1106.03,,,,,,,,,,,,,-558.547,207.432,811.364,-525.632,256.817,825.959,-548.399,214.063,772.675,-516.252,261.345,787.715,-487.922,333.586,1599.93,-597.427,318.496,1597.84,-454.374,449.17,1610.61,-538.44,517.802,1611.52
908,0,16.1233,357.337,1191.58,87.2959,307.757,1153.47,159.976,257.975,1116.07,184.386,241.38,1106.02,,,,,,,,,,,,,-558.593,207.402,811.412,-525.672,256.893,825.917,-548.453,214.101,772.642,-516.275,261.439,787.688,-487.936,333.549,1599.9,-597.743,318.563,1597.79,-454.369,449.125,1610.61,-538.445,517.778,1611.53
909,0,16.1471,357.347,1191.59,87.3124,307.754,1153.5,159.967,257.967,1116.07,184.404,241.376,1106.04,,,,,,,,,,,,,-558.656,207.318,811.502,-525.674,256.932,825.863,-548.444,214.166,772.616,-516.311,261.477,787.622,-487.933,333.512,1599.89,-597.354,318.526,1597.67,-454.358,449.081,1610.6,-538.435,517.732,1611.55
910,0,15.9569,357.414,1191.69,87.3232,307.778,1153.51,159.985,257.981,1116.07,184.405,241.376,1106.03,,,,,,,,,,,,,-558.677,207.414,811.372,-525.707,256.993,825.838,-548.484,214.29,772.55,-516.333,261.531,787.583,-487.939,333.478,1599.86,-597.542,318.46,1597.75,-454.367,449.03,1610.59,-538.427,517.699,1611.54
911,0,16.1554,357.38,1191.66,87.334,307.779,1153.53,159.983,257.985,1116.08,184.394,241.374,1106.04,,,,,,,,,,,,,-558.782,207.198,811.452,-525.736,257.026,825.759,-548.515,214.319,772.486,-516.373,261.577,787.513,-487.945,333.44,1599.83,-597.692,318.443,1597.67,-454.36,448.984,1610.57,-538.406,517.672,1611.55
912,0,16.1788,357.403,1191.69,87.3526,307.792,1153.56,159.98,257.996,1116.09,184.396,241.372,1106.04,,,,,,,,,,,,,-558.792,207.361,811.404,-525.753,257.067,825.756,-548.926,213.475,772.61,-516.396,261.598,787.486,-487.947,333.395,1599.82,-597.458,318.405,1597.67,-454.342,448.943,1610.57,-538.413,517.658,1611.56
913,0,16.1986,357.408,1191.73,87.364,307.801,1153.58,159.981,258.005,1116.08,184.393,241.367,1106.03,,,,,,,,,,,,,-558.903,207.1,811.481,-525.773,257.093,825.713,-548.904,213.528,772.558,-516.428,261.671,787.454,-487.943,333.37,1599.8,-597.527,318.38,1597.65,-454.362,448.904,1610.56,-538.414,517.612,1611.55
914,0,16.2277,357.429,1191.75,87.3762,307.781,1153.6,159.991,258.002,1116.08,184.391,241.376,1106.03,,,,,,,,,,,,,-558.943,207.137,811.389,-525.817,257.153,825.708,-548.962,213.6,772.514,-516.451,261.702,787.431,-487.94,333.336,1599.78,-597.404,318.364,1597.6,-454.375,448.866,1610.55,-538.411,517.571,1611.56
915,0,16.2449,357.432,1191.77,87.3876,307.791,1153.61,159.983,258.006,1116.07,184.395,241.383,1106.03,,,,,,,,,,,,,-558.991,207.085,811.436,-525.826,257.149,825.689,-548.981,213.621,772.504,-516.477,261.724,787.388,-487.953,333.303,1599.74,-597.689,318.342,1597.58,-454.358,448.828,1610.54,-538.408,517.57,1611.57
916,0,16.2532,357.438,1191.79,87.3928,307.792,1153.62,159.986,258.012,1116.08,184.389,241.385,1106.03,,,,,,,,,,,,,-559.008,207.165,811.397,-525.866,257.158,825.63,-549.014,213.669,772.453,-516.498,261.75,787.418,-487.932,333.272,1599.72,-597.453,318.26,1597.65,-454.361,448.79,1610.52,-538.418,517.518,1611.56
917,0,16.2739,357.448,1191.81,87.407,307.814,1153.63,159.985,258.002,1116.08,184.378,241.396,1106.02,,,,,,,,,,,,,-559.086,207.092,811.425,-525.888,257.183,825.601,-549.073,213.556,772.454,-516.53,261.777,787.387,-487.94,333.244,1599.7,-597.456,318.231,1597.62,-454.373,448.764,1610.5,-538.42,517.499,1611.56
918,0,16.3004,357.463,1191.84,87.4156,307.801,1153.65,159.982,258.015,1116.07,184.386,241.395,1106.02,,,,,,,,,,,,,-559.104,207.134,811.418,-525.922,257.186,825.577,-549.141,213.473,772.459,-516.539,261.803,787.359,-487.931,333.231,1599.69,-597.492,318.238,1597.56,-454.359,448.746,1610.5,-538.416,517.474,1611.58
919,0,16.3136,357.472,1191.85,87.4173,307.828,1153.65,159.995,258.022,1116.08,184.386,241.399,1106.03,,,,,,,,,,,,,-558.599,208.914,810.458,-525.931,257.203,825.596,-549.224,213.482,772.4,-516.567,261.846,787.364,-487.942,333.19,1599.67,-597.804,318.258,1597.56,-454.367,448.688,1610.51,-538.42,517.447,1611.58
920,0,16.3232,357.498,1191.86,87.4226,307.835,1153.65,159.989,258.041,1116.06,184.39,241.404,1106.03,,,,,,,,,,,,,-558.963,207.808,810.989,-525.958,257.19,825.581,-549.302,213.366,772.418,-516.633,261.928,787.268,-487.928,333.176,1599.66,-597.746,318.221,1597.5,-454.354,448.674,1610.51,-538.422,517.423,1611.59
921,0,16.3454,357.506,1191.86,87.4272,307.856,1153.66,159.982,258.06,1116.07,184.383,241.413,1106.04,,,,,,,,,,,,,-558.967,207.97,810.825,-525.995,257.236,825.543,-549.357,213.347,772.39,-516.65,261.903,787.294,-487.928,333.144,1599.66,-597.426,318.144,1597.54,-454.368,448.634,1610.53,-538.427,517.382,1611.6
922,0,16.357,357.53,1191.88,87.4483,307.878,1153.66,159.994,258.077,1116.07,184.387,241.418,1106.04,,,,,,,,,,,,,-559.045,207.838,810.94,-526.032,257.239,825.55,-549.43,213.238,772.366,-516.661,261.938,787.225,-487.943,333.126,1599.65,-597.587,318.124,1597.53,-454.376,448.603,1610.54,-538.441,517.364,1611.61
923,0,16.3932,357.535,1191.91,87.4598,307.884,1153.69,160.015,258.076,1116.08,184.391,241.427,1106.04,,,,,,,,,,,,,-559.056,207.861,810.855,-526.013,257.253,825.508,-549.513,213.129,772.363,-516.695,261.965,787.197,-487.939,333.073,1599.65,-597.42,318.098,1597.52,-454.372,448.551,1610.55,-538.424,517.32,1611.64
924,0,16.4246,357.547,1191.94,87.4763,307.885,1153.72,160.015,258.096,1116.08,184.402,241.428,1106.04,,,,,,,,,,,,,-559.113,207.906,810.792,-526.08,257.194,825.514,-549.559,213.152,772.253,-516.719,261.956,787.172,-487.942,333.039,1599.65,-597.428,317.973,1597.53,-454.384,448.502,1610.57,-538.428,517.295,1611.65
925,0,16.4552,357.544,1191.99,87.4925,307.881,1153.74,160.018,258.1,1116.09,184.397,241.439,1106.04,,,,,,,,,,,,,-559.145,207.899,810.792,-526.112,257.187,825.504,-549.507,213.401,772.19,-516.747,261.949,787.154,-487.946,333.005,1599.63,-597.596,318.013,1597.5,-454.386,448.45,1610.59,-538.411,517.24,1611.65
926,0,16.4743,357.55,1192.03,87.5088,307.881,1153.78,160.032,258.108,1116.09,184.403,241.434,1106.04,,,,,,,,,,,,,-559.19,207.865,810.813,-526.153,257.207,825.472,-549.519,213.478,772.187,-516.795,261.953,787.097,-487.949,332.96,1599.61,-597.449,317.953,1597.52,-454.373,448.404,1610.59,-538.397,517.202,1611.66
927,0,16.4915,357.546,1192.07,87.5306,307.885,1153.8,160.038,258.104,1116.1,184.41,241.429,1106.04,,,,,,,,,,,,,-559.223,207.929,810.712,-526.216,257.186,825.428,-549.564,213.419,772.228,-516.812,261.938,787.082,-487.933,332.915,1599.61,-597.751,317.933,1597.48,-454.388,448.359,1610.58,-538.378,517.134,1611.67
928,0,16.4978,357.563,1192.08,87.5254,307.886,1153.8,160.039,258.113,1116.1,184.397,241.432,1106.04,,,,,,,,,,,,,-559.312,207.868,810.752,-526.229,257.17,825.408,-549.76,213.046,772.252,-516.852,261.921,787.057,-487.928,332.856,1599.61,-597.446,317.873,1597.48,-454.387,448.326,1610.59,-538.367,517.107,1611.69
929,0,16.5012,357.556,1192.09,87.5196,307.888,1153.81,160.028,258.104,1116.1,184.4,241.433,1106.04,,,,,,,,,,,,,-559.392,207.728,810.823,-526.284,257.203,825.382,-549.897,212.936,772.242,-516.895,261.893,787.036,-487.921,332.83,1599.57,-597.681,317.843,1597.46,-454.352,448.282,1610.59,-538.359,517.056,1611.69
930,0,16.5022,357.559,1192.08,87.5168,307.885,1153.81,160.033,258.108,1116.1,184.395,241.432,1106.04,,,,,,,,,,,,,-559.452,207.729,810.811,-526.312,257.21,825.334,-549.961,212.771,772.332,-516.922,261.892,787.065,-487.919,332.767,1599.55,-597.417,317.801,1597.41,-454.361,448.238,1610.58,-538.335,517.008,1611.69
931,0,16.4898,357.551,1192.08,87.5145,307.889,1153.8,160.026,258.113,1116.09,184.389,241.43,1106.04,,,,,,,,,,,,,-559.49,207.671,810.822,-526.36,257.165,825.299,-550.111,212.538,772.357,-516.966,261.883,787.036,-487.912,332.729,1599.51,-597.445,317.704,1597.46,-454.36,448.197,1610.56,-538.324,516.954,1611.69
932,0,16.4751,357.558,1192.06,87.5036,307.911,1153.78,160.015,258.128,1116.08,184.384,241.437,1106.04,,,,,,,,,,,,,-559.586,207.578,810.846,-526.408,257.181,825.286,-550.104,212.702,772.277,-516.989,261.92,786.982,-487.909,332.695,1599.49,-597.739,317.751,1597.42,-454.329,448.16,1610.58,-538.304,516.906,1611.68
933,0,16.4624,357.568,1192.05,87.4837,307.909,1153.78,159.994,258.125,1116.08,184.368,241.435,1106.05,,,,,,,,,,,,,-559.623,207.569,810.843,-526.444,257.176,825.258,-550.184,212.639,772.286,-517.016,261.843,786.99,-487.916,332.637,1599.47,-597.863,317.729,1597.4,-454.321,448.115,1610.56,-538.289,516.886,1611.69
934,0,16.461,357.583,1192.07,87.4903,307.924,1153.77,159.994,258.14,1116.08,184.363,241.448,1106.04,,,,,,,,,,,,,-559.644,207.614,810.787,-526.496,257.17,825.27,-550.19,212.783,772.168,-517.065,261.875,786.964,-487.897,332.607,1599.45,-597.878,317.715,1597.37,-454.321,448.091,1610.54,-538.271,516.845,1611.68
935,0,16.4634,357.582,1192.09,87.488,307.935,1153.79,159.985,258.153,1116.09,184.363,241.458,1106.05,,,,,,,,,,,,,-559.709,207.51,810.839,-526.543,257.176,825.24,-550.256,212.654,772.181,-517.072,261.86,786.955,-487.887,332.553,1599.43,-597.451,317.629,1597.37,-454.294,448.024,1610.5,-538.248,516.793,1611.67
936,0,16.4611,357.587,1192.12,87.4855,307.95,1153.81,159.989,258.171,1116.09,184.357,241.47,1106.04,,,,,,,,,,,,,-559.792,207.358,810.841,-526.555,257.174,825.211,-550.261,212.657,772.177,-517.1,261.86,786.922,-487.879,332.496,1599.41,-597.905,317.671,1597.24,-454.284,447.994,1610.48,-538.232,516.74,1611.66
937,0,16.469,357.604,1192.15,87.4925,307.949,1153.83,159.986,258.185,1116.1,184.345,241.47,1106.04,,,,,,,,,,,,,-559.79,207.485,810.82,-526.576,257.177,825.192,-550.305,212.711,772.085,-517.131,261.841,786.876,-487.872,332.472,1599.39,-597.42,317.597,1597.28,-454.267,447.952,1610.44,-538.228,516.711,1611.64
938,0,16.4832,357.592,1192.17,87.4948,307.96,1153.83,159.99,258.197,1116.1,184.355,241.49,1106.04,,,,,,,,,,,,,-559.828,207.442,810.832,-526.626,257.195,825.157,-550.32,212.711,772.038,-517.161,261.838,786.887,-487.883,332.461,1599.35,-597.416,317.559,1597.27,-454.27,447.912,1610.41,-538.229,516.673,1611.61
939,0,16.4808,357.6,1192.17,87.4934,307.957,1153.83,159.998,258.201,1116.1,184.355,241.495,1106.04,,,,,,,,,,,,,-559.856,207.478,810.701,-526.641,257.167,825.128,-550.341,212.714,772.007,-517.158,261.839,786.833,-487.886,332.421,1599.32,-597.494,317.539,1597.2,-454.243,447.888,1610.39,-538.218,516.648,1611.61
940,0,16.4729,357.599,1192.15,87.4937,307.967,1153.82,160.008,258.212,1116.1,184.361,241.508,1106.04,,,,,,,,,,,,,-559.87,207.481,810.703,-526.679,257.179,825.09,-550.36,212.747,771.97,-517.182,261.828,786.826,-487.887,332.41,1599.27,-597.419,317.471,1597.25,-454.232,447.859,1610.36,-538.193,516.615,1611.58
941,0,16.465,357.608,1192.14,87.4841,307.967,1153.81,159.998,258.213,1116.1,184.355,241.505,1106.04,,,,,,,,,,,,,-559.471,208.818,809.881,-526.684,257.165,825.099,-550.32,212.872,771.928,-517.212,261.822,786.802,-487.88,332.384,1599.25,-597.812,317.477,1597.19,-454.232,447.839,1610.32,-538.209,516.607,1611.57
942,0,16.4672,357.601,1192.12,87.4798,307.985,1153.78,159.99,258.223,1116.09,184.343,241.505,1106.04,,,,,,,,,,,,,-559.786,207.907,810.37,-526.736,257.177,825.076,-550.321,212.832,771.958,-517.211,261.792,786.793,-487.881,332.359,1599.21,-597.491,317.457,1597.18,-454.248,447.812,1610.27,-538.216,516.589,1611.54
943,0,16.472,357.6,1192.12,87.4852,307.981,1153.79,160.009,258.214,1116.08,184.357,241.51,1106.04,,,,,,,,,,,,,-559.809,207.856,810.425,-526.756,257.164,825.061,-550.325,212.962,771.874,-517.22,261.851,786.733,-487.869,332.365,1599.18,-597.577,317.445,1597.14,-454.242,447.791,1610.25,-538.207,516.556,1611.53
944,0,16.468,357.619,1192.12,87.4864,307.986,1153.78,160.018,258.236,1116.09,184.376,241.524,1106.06,,,,,,,,,,,,,-559.826,207.913,810.326,-526.784,257.189,825.054,-550.322,212.963,771.881,-517.252,261.809,786.784,-487.87,332.329,1599.17,-597.667,317.411,1597.12,-454.259,447.785,1610.23,-538.242,516.539,1611.5
945,0,16.4647,357.611,1192.13,87.473,307.985,1153.8,160.003,258.24,1116.1,184.351,241.522,1106.05,,,,,,,,,,,,,-559.842,207.907,810.326,-526.795,257.166,825.046,-550.415,212.824,771.872,-517.268,261.804,786.749,-487.876,332.301,1599.15,-597.675,317.413,1597.05,-454.266,447.768,1610.22,-538.247,516.515,1611.49
946,0,16.4708,357.614,1192.16,87.4894,308,1153.81,160.019,258.252,1116.09,184.362,241.534,1106.04,,,,,,,,,,,,,-559.863,207.872,810.348,-526.839,257.201,824.99,-550.445,212.744,771.937,-517.281,261.827,786.736,-487.87,332.28,1599.14,-597.742,317.446,1597.08,-454.282,447.768,1610.19,-538.235,516.465,1611.49
947,0,16.4853,357.611,1192.18,87.498,307.985,1153.83,160.02,258.257,1116.1,184.368,241.535,1106.06,,,,,,,,,,,,,-559.909,207.771,810.406,-526.837,257.175,825.017,-550.434,212.75,771.901,-517.289,261.834,786.743,-487.871,332.272,1599.12,-597.471,317.308,1597.16,-454.298,447.743,1610.19,-538.266,516.448,1611.49
948,0,16.4939,357.608,1192.19,87.4988,307.982,1153.83,160.022,258.253,1116.09,184.36,241.534,1106.05,,,,,,,,,,,,,-559.933,207.818,810.389,-526.85,257.178,825.01,-550.299,213.13,771.839,-517.288,261.819,786.759,-487.89,332.274,1599.11,-597.883,317.325,1597.07,-454.319,447.725,1610.18,-538.283,516.44,1611.5
949,0,16.48,357.605,1192.19,87.5094,307.976,1153.83,160.019,258.249,1116.1,184.363,241.535,1106.05,,,,,,,,,,,,,-559.952,207.735,810.423,-526.873,257.191,825.011,-550.361,213.033,771.795,-517.298,261.814,786.777,-487.9,332.241,1599.11,-597.479,317.22,1597.15,-454.314,447.715,1610.2,-538.305,516.396,1611.49
950,0,16.4744,357.577,1192.18,87.4891,307.973,1153.83,160.008,258.237,1116.1,184.367,241.54,1106.04,,,,,,,,,,,,,-559.967,207.735,810.461,-526.879,257.182,825.007,-550.433,212.907,771.852,-517.321,261.829,786.755,-487.907,332.22,1599.11,-597.449,317.216,1597.08,-454.35,447.697,1610.2,-538.316,516.367,1611.51
951,0,16.467,357.576,1192.17,87.4836,307.963,1153.82,160.016,258.23,1116.09,184.358,241.534,1106.04,,,,,,,,,,,,,-559.652,208.821,809.779,-526.888,257.191,825.019,-550.36,213.073,771.842,-517.316,261.834,786.786,-487.931,332.191,1599.13,-598.004,317.285,1596.94,-454.368,447.667,1610.2,-538.339,516.361,1611.53
952,0,16.4562,357.554,1192.17,87.4763,307.95,1153.81,160.015,258.218,1116.09,184.378,241.525,1106.06,,,,,,,,,,,,,-559.929,207.948,810.344,-526.908,257.19,825.007,-550.455,212.96,771.813,-517.326,261.824,786.767,-487.956,332.154,1599.13,-597.453,317.195,1597.04,-454.398,447.655,1610.21,-538.361,516.335,1611.5
953,0,16.4363,357.542,1192.16,87.4619,307.949,1153.8,160.008,258.222,1116.09,184.359,241.53,1106.04,,,,,,,,,,,,,-559.969,207.769,810.358,-526.9,257.201,825.006,-550.436,212.954,771.828,-517.33,261.806,786.797,-487.997,332.135,1599.14,-597.653,317.187,1597.04,-454.426,447.628,1610.22,-538.391,516.314,1611.53
954,0,16.4254,357.541,1192.15,87.4542,307.951,1153.81,159.996,258.229,1116.09,184.371,241.521,1106.07,,,,,,,,,,,,,-559.977,207.861,810.33,-526.908,257.181,824.976,-550.412,213.003,771.825,-517.351,261.813,786.776,-488.027,332.119,1599.14,-597.712,317.102,1597.12,-454.447,447.604,1610.24,-538.422,516.263,1611.53
955,0,16.425,357.534,1192.15,87.4492,307.936,1153.81,159.997,258.224,1116.09,184.361,241.525,1106.05,,,,,,,,,,,,,-560.009,207.726,810.367,-526.957,257.171,824.98,-550.346,213.148,771.777,-517.379,261.816,786.732,-488.057,332.078,1599.16,-597.659,317.081,1597.1,-454.486,447.574,1610.24,-538.471,516.256,1611.55
956,0,16.4078,357.515,1192.14,87.4544,307.924,1153.82,160.008,258.228,1116.1,184.387,241.528,1106.07,,,,,,,,,,,,,-560.011,207.769,810.311,-526.956,257.159,824.953,-550.172,213.571,771.738,-517.364,261.78,786.757,-488.095,332.051,1599.14,-597.616,317.001,1597.13,-454.524,447.557,1610.24,-538.486,516.225,1611.55
957,0,16.3897,357.496,1192.16,87.4267,307.895,1153.84,159.997,258.22,1116.11,184.358,241.519,1106.05,,,,,,,,,,,,,-560.079,207.644,810.384,-526.973,257.103,824.983,-550.267,213.412,771.698,-517.367,261.738,786.76,-488.133,332.025,1599.14,-597.647,317.023,1597.13,-454.558,447.527,1610.26,-538.515,516.196,1611.58
958,0,16.3905,357.47,1192.16,87.4224,307.891,1153.84,159.999,258.225,1116.11,184.355,241.509,1106.06,,,,,,,,,,,,,-560.077,207.53,810.439,-526.953,257.086,824.973,-550.265,213.352,771.758,-517.367,261.728,786.757,-488.167,332,1599.15,-597.858,317.018,1597.1,-454.583,447.489,1610.27,-538.538,516.174,1611.58
959,0,16.3796,357.453,1192.17,87.4249,307.874,1153.85,160.007,258.222,1116.11,184.397,241.514,1106.1,,,,,,,,,,,,,-560.128,207.424,810.433,-526.959,257.077,824.968,-550.261,213.416,771.684,-517.363,261.696,786.737,-488.201,331.978,1599.14,-597.723,316.976,1597.18,-454.609,447.465,1610.27,-538.575,516.148,1611.6
960,0,16.353,357.423,1192.17,87.4127,307.848,1153.86,160.011,258.219,1116.12,184.372,241.529,1106.06,,,,,,,,,,,,,-560.081,207.554,810.43,-526.992,257.065,824.959,-550.218,213.383,771.738,-517.371,261.677,786.758,-488.24,331.942,1599.14,-597.72,316.915,1597.11,-454.646,447.44,1610.28,-538.598,516.12,1611.61
961,0,16.3355,357.404,1192.15,87.4008,307.84,1153.85,160.013,258.226,1116.12,184.374,241.531,1106.05,,,,,,,,,,,,,-560.131,207.325,810.448,-526.974,257.036,824.958,-550.22,213.36,771.762,-517.369,261.664,786.736,-488.258,331.902,1599.17,-597.739,316.913,1597.11,-454.657,447.419,1610.3,-538.621,516.075,1611.61
962,0,16.2923,357.398,1192.12,87.3776,307.824,1153.84,159.993,258.219,1116.12,184.36,241.539,1106.05,,,,,,,,,,,,,-560.07,207.462,810.459,-526.957,257.01,824.969,-549.654,214.833,771.502,-517.377,261.598,786.76,-488.291,331.881,1599.16,-597.809,316.853,1597.17,-454.677,447.386,1610.33,-538.655,516.066,1611.62
963,0,16.2664,357.384,1192.07,87.3493,307.828,1153.81,159.981,258.219,1116.11,184.368,241.55,1106.05,,,,,,,,,,,,,-560.065,207.45,810.425,-526.977,256.988,824.965,-549.665,214.811,771.502,-517.367,261.577,786.739,-488.32,331.854,1599.17,-597.778,316.842,1597.08,-454.708,447.38,1610.32,-538.684,516.041,1611.63
964,0,16.2482,357.393,1192.02,87.3499,307.847,1153.78,159.998,258.23,1116.11,184.389,241.55,1106.08,,,,,,,,,,,,,-560.12,207.167,810.597,-526.947,256.976,824.954,-549.633,214.757,771.51,-517.33,261.553,786.778,-488.323,331.825,1599.17,-597.813,316.816,1597.13,-454.723,447.332,1610.33,-538.703,516.019,1611.63
965,0,16.2337,357.41,1191.97,87.3351,307.851,1153.75,159.999,258.26,1116.11,184.4,241.555,1106.09,,,,,,,,,,,,,-560.11,207.194,810.575,-526.946,256.944,824.97,-549.64,214.782,771.512,-517.338,261.548,786.767,-488.362,331.815,1599.17,-598.267,316.851,1597.1,-454.754,447.314,1610.33,-538.754,516.006,1611.63
966,0,16.2115,357.399,1191.94,87.3161,307.867,1153.72,159.991,258.25,1116.1,184.396,241.573,1106.07,,,,,,,,,,,,,-560.076,207.236,810.657,-526.937,256.961,824.96,-549.632,214.732,771.528,-517.364,261.524,786.726,-488.375,331.79,1599.18,-597.858,316.745,1597.13,-454.767,447.32,1610.32,-538.78,515.97,1611.65
967,0,16.2103,357.409,1191.93,87.3232,307.863,1153.71,159.997,258.253,1116.1,184.398,241.571,1106.08,,,,,,,,,,,,,-560.069,207.222,810.632,-526.934,256.926,824.996,-549.632,214.641,771.554,-517.328,261.51,786.776,-488.387,331.788,1599.17,-597.876,316.727,1597.13,-454.789,447.296,1610.32,-538.822,515.963,1611.64
968,0,16.201,357.402,1191.93,87.3221,307.863,1153.72,160.021,258.249,1116.11,184.401,241.578,1106.07,,,,,,,,,,,,,-560.127,207.058,810.573,-526.913,256.93,824.975,-549.631,214.654,771.526,-517.337,261.521,786.71,-488.405,331.762,1599.17,-597.893,316.703,1597.13,-454.808,447.286,1610.32,-538.858,515.96,1611.63
969,0,16.1994,357.38,1191.93,87.3144,307.841,1153.73,160.017,258.244,1116.11,184.391,241.574,1106.06,,,,,,,,,,,,,-560.062,207.209,810.57,-526.897,256.887,824.999,-549.641,214.625,771.517,-517.33,261.479,786.764,-488.412,331.763,1599.17,-597.889,316.65,1597.1,-454.834,447.286,1610.33,-538.899,515.941,1611.65
970,0,15.9661,357.43,1192,87.3136,307.819,1153.73,160.009,258.228,1116.12,184.406,241.567,1106.08,,,,,,,,,,,,,-559.655,208.537,809.74,-526.909,256.911,824.992,-549.621,214.619,771.541,-517.327,261.448,786.751,-488.43,331.751,1599.18,-597.945,316.684,1597.13,-454.857,447.276,1610.33,-538.929,515.924,1611.66
971,0,16.1357,357.336,1191.95,87.3084,307.802,1153.74,160,258.214,1116.11,184.388,241.582,1106.04,,,,,,,,,,,,,-559.664,208.54,809.713,-526.909,256.89,824.966,-549.631,214.635,771.492,-517.327,261.458,786.708,-488.434,331.757,1599.18,-597.934,316.656,1597.15,-454.878,447.276,1610.35,-538.955,515.919,1611.68
972,0,16.1254,357.293,1191.96,87.3094,307.78,1153.75,160.011,258.204,1116.1,184.399,241.566,1106.06,,,,,,,,,,,,,-559.999,207.436,810.309,-526.929,256.838,825,-549.621,214.61,771.491,-517.348,261.471,786.703,-488.456,331.717,1599.18,-597.926,316.645,1597.14,-454.887,447.274,1610.35,-539.004,515.902,1611.69
973,0,16.1094,357.251,1191.97,87.2967,307.763,1153.75,160.001,258.188,1116.11,184.397,241.564,1106.05,,,,,,,,,,,,,-559.935,207.549,810.283,-526.914,256.881,824.98,-549.617,214.578,771.513,-517.347,261.481,786.691,-488.456,331.723,1599.19,-597.917,316.638,1597.1,-454.918,447.28,1610.36,-539.042,515.91,1611.7
974,0,16.0962,357.229,1191.98,87.2875,307.748,1153.76,160.003,258.181,1116.11,184.403,241.555,1106.06,,,,,,,,,,,,,-559.982,207.454,810.279,-526.951,256.856,824.955,-549.629,214.623,771.455,-517.35,261.413,786.71,-488.475,331.722,1599.19,-598.062,316.601,1597.1,-454.939,447.266,1610.38,-539.042,515.875,1611.72
975,0,15.9179,357.269,1192.05,87.2906,307.722,1153.77,159.989,258.158,1116.1,184.389,241.549,1106.05,,,,,,,,,,,,,-559.982,207.457,810.301,-526.937,256.837,824.97,-549.646,214.589,771.479,-517.372,261.428,786.707,-488.47,331.72,1599.21,-597.983,316.623,1597.12,-454.948,447.256,1610.41,-539.068,515.883,1611.73
976,0,16.1091,357.203,1192.02,87.2967,307.714,1153.79,159.991,258.162,1116.1,184.388,241.546,1106.05,,,,,,,,,,,,,-559.96,207.542,810.269,-526.969,256.859,824.966,-549.654,214.552,771.476,-517.369,261.459,786.705,-488.483,331.697,1599.23,-597.952,316.59,1597.12,-454.986,447.256,1610.4,-539.101,515.854,1611.74
977,0,16.1183,357.194,1192.04,87.3022,307.713,1153.79,160.003,258.155,1116.11,184.413,241.535,1106.07,,,,,,,,,,,,,-560.019,207.412,810.287,-526.988,256.851,824.93,-549.668,214.544,771.495,-517.38,261.465,786.715,-488.506,331.686,1599.24,-597.983,316.539,1597.16,-454.997,447.263,1610.43,-539.118,515.855,1611.78
978,0,15.9369,357.246,1192.1,87.3038,307.712,1153.81,159.987,258.157,1116.11,184.398,241.544,1106.05,,,,,,,,,,,,,-560.035,207.326,810.296,-526.984,256.819,824.95,-549.662,214.568,771.482,-517.39,261.428,786.719,-488.501,331.691,1599.26,-597.97,316.52,1597.14,-455.029,447.256,1610.45,-539.131,515.821,1611.77
979,0,15.9374,357.254,1192.13,87.3065,307.708,1153.81,159.989,258.159,1116.11,184.384,241.536,1106.05,,,,,,,,,,,,,-560.064,207.306,810.256,-527.024,256.847,824.938,-549.648,214.638,771.456,-517.407,261.44,786.707,-488.534,331.672,1599.27,-598,316.545,1597.09,-455.047,447.25,1610.46,-539.167,515.83,1611.8
980,0,16.1479,357.158,1192.11,87.3117,307.695,1153.84,159.996,258.152,1116.12,184.398,241.537,1106.06,,,,,,,,,,,,,-560.082,207.28,810.359,-527.032,256.842,824.944,-549.667,214.63,771.459,-517.416,261.428,786.7,-488.54,331.659,1599.27,-598.016,316.526,1597.16,-455.056,447.241,1610.46,-539.177,515.814,1611.8
981,0,16.1454,357.164,1192.13,87.3195,307.681,1153.85,160.014,258.169,1116.11,184.403,241.544,1106.06,,,,,,,,,,,,,-560.116,207.177,810.429,-527.051,256.834,824.914,-549.68,214.58,771.465,-517.434,261.43,786.707,-488.549,331.633,1599.31,-598.376,316.517,1597.09,-455.071,447.218,1610.47,-539.188,515.805,1611.81
982,0,16.1371,357.178,1192.15,87.3147,307.691,1153.86,160,258.167,1116.13,184.394,241.546,1106.06,,,,,,,,,,,,,-560.124,207.19,810.474,-527.076,256.842,824.928,-549.686,214.619,771.441,-517.453,261.425,786.692,-488.581,331.625,1599.32,-598.058,316.446,1597.21,-455.093,447.196,1610.49,-539.225,515.79,1611.81
983,0,16.142,357.156,1192.17,87.3211,307.698,1153.86,160.004,258.169,1116.14,184.399,241.553,1106.05,,,,,,,,,,,,,-559.736,208.459,809.648,-527.07,256.838,824.912,-549.685,214.578,771.454,-517.478,261.43,786.684,-488.586,331.606,1599.32,-598.081,316.414,1597.22,-455.108,447.205,1610.49,-539.226,515.778,1611.82
984,0,16.1445,357.147,1192.18,87.321,307.683,1153.88,160.007,258.175,1116.12,184.406,241.56,1106.05,,,,,,,,,,,,,-560.04,207.497,810.201,-527.104,256.829,824.905,-549.714,214.554,771.447,-517.455,261.413,786.707,-488.605,331.583,1599.35,-598.196,316.449,1597.18,-455.125,447.18,1610.51,-539.241,515.771,1611.83
985,0,16.1627,357.151,1192.2,87.3159,307.695,1153.88,160.004,258.196,1116.13,184.39,241.571,1106.04,,,,,,,,,,,,,-560.087,207.364,810.253,-527.099,256.785,824.93,-549.724,214.468,771.463,-517.464,261.39,786.702,-488.623,331.566,1599.36,-598.117,316.361,1597.25,-455.162,447.16,1610.52,-539.258,515.744,1611.84
986,0,15.9736,357.208,1192.25,87.3249,307.698,1153.88,159.998,258.197,1116.12,184.391,241.575,1106.05,,,,,,,,,,,,,-560.088,207.348,810.202,-527.109,256.804,824.927,-549.723,214.466,771.452,-517.486,261.403,786.692,-488.631,331.55,1599.35,-598.162,316.355,1597.18,-455.157,447.142,1610.54,-539.268,515.734,1611.84
987,0,16.1497,357.179,1192.2,87.3233,307.712,1153.88,160.016,258.2,1116.13,184.396,241.574,1106.05,,,,,,,,,,,,,-560.091,207.349,810.218,-527.116,256.777,824.911,-549.737,214.486,771.453,-517.505,261.373,786.643,-488.647,331.535,1599.37,-598.166,316.338,1597.2,-455.167,447.131,1610.52,-539.257,515.709,1611.87
988,0,16.1549,357.183,1192.19,87.323,307.716,1153.87,160.013,258.207,1116.14,184.41,241.582,1106.07,,,,,,,,,,,,,-560.101,207.339,810.259,-527.14,256.763,824.891,-549.769,214.497,771.437,-517.513,261.343,786.649,-488.65,331.5,1599.4,-598.176,316.347,1597.2,-455.17,447.118,1610.53,-539.284,515.716,1611.85
989,0,16.1701,357.194,1192.18,87.3313,307.726,1153.86,160.01,258.229,1116.12,184.406,241.59,1106.06,,,,,,,,,,,,,-559.797,208.382,809.634,-527.119,256.738,824.908,-549.761,214.488,771.421,-517.504,261.32,786.667,-488.662,331.484,1599.39,-598.112,316.353,1597.2,-455.18,447.095,1610.54,-539.286,515.686,1611.85
990,0,16.173,357.214,1192.19,87.34,307.75,1153.86,160.015,258.237,1116.12,184.398,241.588,1106.04,,,,,,,,,,,,,-560.095,207.347,810.224,-527.136,256.732,824.899,-549.77,214.44,771.452,-517.503,261.299,786.672,-488.659,331.473,1599.4,-598.102,316.385,1597.18,-455.195,447.084,1610.54,-539.284,515.672,1611.87
991,0,15.994,357.293,1192.24,87.3332,307.748,1153.86,160.014,258.239,1116.12,184.406,241.598,1106.07,,,,,,,,,,,,,-560.111,207.328,810.27,-527.165,256.724,824.874,-549.774,214.43,771.422,-517.527,261.307,786.641,-488.675,331.462,1599.4,-598.144,316.273,1597.23,-455.198,447.064,1610.54,-539.298,515.662,1611.88
992,0,16.1967,357.225,1192.2,87.3494,307.759,1153.86,160.027,258.24,1116.12,184.409,241.594,1106.04,,,,,,,,,,,,,-560.12,207.299,810.234,-527.15,256.676,824.908,-549.916,213.99,771.523,-517.522,261.266,786.645,-488.672,331.431,1599.41,-598.14,316.248,1597.24,-455.199,447.034,1610.55,-539.297,515.649,1611.89
993,0,16.1959,357.237,1192.2,87.3509,307.757,1153.87,160.022,258.245,1116.12,184.425,241.596,1106.08,,,,,,,,,,,,,-560.149,207.285,810.213,-527.155,256.705,824.874,-549.778,214.451,771.4,-517.523,261.267,786.65,-488.672,331.425,1599.41,-598.141,316.235,1597.22,-455.205,447.023,1610.57,-539.303,515.622,1611.91
994,0,16.2026,357.243,1192.22,87.3563,307.754,1153.88,160.028,258.253,1116.12,184.441,241.591,1106.1,,,,,,,,,,,,,-560.144,207.286,810.199,-527.188,256.661,824.863,-549.799,214.416,771.404,-517.548,261.256,786.634,-488.681,331.408,1599.43,-598.148,316.251,1597.22,-455.233,446.992,1610.57,-539.294,515.591,1611.93
995,0,16.2148,357.246,1192.22,87.3581,307.754,1153.88,160.035,258.25,1116.12,184.408,241.597,1106.06,,,,,,,,,,,,,-560.158,207.228,810.188,-527.159,256.665,824.872,-549.8,214.397,771.398,-517.55,261.246,786.635,-488.674,331.376,1599.42,-598.122,316.261,1597.18,-455.231,446.98,1610.57,-539.302,515.578,1611.93
996,0,16.2242,357.264,1192.22,87.3712,307.762,1153.88,160.036,258.243,1116.11,184.409,241.595,1106.05,,,,,,,,,,,,,-560.189,207.185,810.282,-527.178,256.657,824.867,-550.031,213.768,771.513,-517.544,261.235,786.64,-488.684,331.364,1599.44,-598.264,316.218,1597.21,-455.241,446.975,1610.58,-539.3,515.575,1611.96
997,0,16.2401,357.272,1192.22,87.3766,307.765,1153.88,160.045,258.246,1116.11,184.405,241.577,1106.05,,,,,,,,,,,,,-560.198,207.159,810.275,-527.191,256.632,824.873,-549.825,214.388,771.394,-517.549,261.24,786.629,-488.677,331.357,1599.44,-598.164,316.123,1597.25,-455.228,446.946,1610.61,-539.304,515.55,1611.96
998,0,16.2507,357.268,1192.2,87.3828,307.76,1153.88,160.05,258.247,1116.11,184.426,241.587,1106.08,,,,,,,,,,,,,-560.2,207.118,810.304,-527.19,256.644,824.836,-549.773,214.204,771.231,-517.577,261.24,786.615,-488.668,331.341,1599.44,-598.317,316.19,1597.15,-455.262,446.934,1610.6,-539.303,515.527,1611.96
999,0,16.2554,357.258,1192.19,87.3745,307.758,1153.87,160.031,258.237,1116.11,184.404,241.572,1106.06,,,,,,,,,,,,,-560.277,206.913,810.324,-527.239,256.641,824.832,-549.99,213.946,771.422,-517.576,261.235,786.59,-488.676,331.317,1599.44,-598.2,316.16,1597.22,-455.264,446.91,1610.62,-539.296,515.503,1611.98
1000,0,16.2534,357.258,1192.21,87.3784,307.761,1153.87,160.028,258.224,1116.11,184.407,241.574,1106.05,,,,,,,,,,,,,-560.307,206.914,810.381,-527.217,256.618,824.831,-550.016,213.878,771.431,-517.602,261.239,786.568,-488.668,331.305,1599.45,-598.199,316.118,1597.22,-455.265,446.881,1610.62,-539.277,515.479,1611.99
1001,0,16.2619,357.244,1192.21,87.3809,307.751,1153.87,160.04,258.226,1116.11,184.408,241.567,1106.05,,,,,,,,,,,,,-560.306,206.998,810.211,-527.233,256.614,824.804,-550.073,213.806,771.423,-517.604,261.215,786.558,-488.659,331.273,1599.44,-598.129,316.091,1597.22,-455.261,446.876,1610.62,-539.284,515.448,1611.96
1002,0,16.2673,357.229,1192.23,87.3885,307.742,1153.88,160.049,258.224,1116.1,184.404,241.572,1106.06,,,,,,,,,,,,,-560.248,207.047,810.296,-527.251,256.607,824.824,-549.966,214.172,771.331,-517.614,261.226,786.548,-488.657,331.251,1599.44,-598.391,316.135,1597.14,-455.258,446.854,1610.61,-539.289,515.442,1611.98
1003,0,16.277,357.222,1192.24,87.3947,307.738,1153.89,160.045,258.222,1116.11,184.409,241.571,1106.05,,,,,,,,,,,,,-560.326,206.882,810.398,-527.247,256.621,824.809,-550.051,214.001,771.343,-517.639,261.237,786.526,-488.648,331.226,1599.43,-598.096,316.048,1597.19,-455.238,446.835,1610.62,-539.241,515.395,1611.97
1004,0,16.2973,357.205,1192.24,87.3896,307.741,1153.9,160.051,258.223,1116.12,184.405,241.573,1106.04,,,,,,,,,,,,,-560.459,206.498,810.497,-527.28,256.602,824.813,-549.975,214.158,771.324,-517.661,261.229,786.51,-488.64,331.222,1599.41,-598.161,316.008,1597.23,-455.237,446.817,1610.61,-539.255,515.392,1611.96
1005,0,16.2787,357.208,1192.25,87.3949,307.737,1153.9,160.063,258.228,1116.12,184.409,241.58,1106.05,,,,,,,,,,,,,-559.931,208.275,809.512,-527.268,256.609,824.775,-550.268,213.306,771.493,-517.661,261.231,786.51,-488.645,331.187,1599.42,-598.106,315.998,1597.2,-455.228,446.789,1610.6,-539.244,515.36,1611.98
1006,0,16.0735,357.3,1192.29,87.3984,307.748,1153.89,160.06,258.236,1116.11,184.429,241.577,1106.08,,,,,,,,,,,,,-560.232,207.31,810.089,-527.277,256.6,824.768,-549.975,213.891,771.139,-517.685,261.225,786.473,-488.625,331.18,1599.4,-598.201,316.046,1597.17,-455.208,446.767,1610.6,-539.22,515.33,1611.97
1007,0,16.2453,357.237,1192.24,87.392,307.756,1153.89,160.062,258.246,1116.11,184.416,241.586,1106.05,,,,,,,,,,,,,-560.291,207.208,810.043,-527.281,256.609,824.763,-550.353,213.268,771.424,-517.67,261.213,786.484,-488.611,331.153,1599.41,-598.07,316.016,1597.17,-455.203,446.744,1610.6,-539.219,515.304,1611.95
1008,0,16.2392,357.249,1192.24,87.3796,307.762,1153.88,160.057,258.259,1116.1,184.405,241.598,1106.05,,,,,,,,,,,,,-560.293,207.204,810.061,-527.29,256.62,824.742,-550.347,213.309,771.381,-517.706,261.24,786.459,-488.618,331.12,1599.39,-598.063,315.984,1597.15,-455.192,446.714,1610.58,-539.214,515.276,1611.95
1009,0,16.0604,357.327,1192.27,87.3817,307.767,1153.88,160.042,258.259,1116.11,184.411,241.602,1106.06,,,,,,,,,,,,,-560.293,207.212,810.065,-527.294,256.633,824.751,-550.334,213.397,771.361,-517.708,261.259,786.444,-488.606,331.123,1599.35,-598.077,315.9,1597.21,-455.161,446.688,1610.59,-539.176,515.266,1611.96
1010,0,16.0477,357.342,1192.28,87.3733,307.784,1153.89,160.034,258.272,1116.09,184.422,241.606,1106.08,,,,,,,,,,,,,-560.287,207.273,810.063,-527.296,256.629,824.757,-550.53,212.902,771.409,-517.719,261.279,786.428,-488.59,331.096,1599.38,-598.298,315.92,1597.22,-455.152,446.668,1610.58,-539.178,515.236,1611.94
1011,0,16.2248,357.293,1192.24,87.3686,307.822,1153.88,160.048,258.306,1116.11,184.439,241.646,1106.1,,,,,,,,,,,,,-560.309,207.221,810.052,-527.31,256.642,824.728,-550.761,212.33,771.505,-517.722,261.286,786.401,-488.599,331.086,1599.35,-598.036,315.901,1597.16,-455.131,446.647,1610.57,-539.166,515.219,1611.97
1012,0,16.0402,357.371,1192.29,87.3612,307.819,1153.89,160.034,258.324,1116.11,184.419,241.661,1106.07,,,,,,,,,,,,,-560.338,207.147,810.108,-527.312,256.675,824.72,-550.861,212.079,771.56,-517.723,261.298,786.423,-488.571,331.041,1599.36,-598.05,315.855,1597.2,-455.114,446.617,1610.55,-539.134,515.194,1611.93
1013,0,16.204,357.329,1192.29,87.3371,307.847,1153.91,160.011,258.349,1116.12,184.416,241.678,1106.11,,,,,,,,,,,,,-560.407,207.001,810.239,-527.313,256.663,824.728,-550.869,212.137,771.528,-517.744,261.305,786.402,-488.549,331.013,1599.37,-598.03,315.851,1597.18,-455.101,446.603,1610.55,-539.131,515.166,1611.94
1014,0,16.2016,357.356,1192.31,87.322,307.863,1153.94,159.994,258.369,1116.13,184.402,241.692,1106.11,,,,,,,,,,,,,-560.359,207.171,810.108,-527.341,256.692,824.767,-550.823,212.279,771.449,-517.736,261.344,786.363,-488.543,330.992,1599.35,-597.986,315.848,1597.13,-455.081,446.574,1610.54,-539.108,515.114,1611.94
1015,0,16.1893,357.374,1192.35,87.2971,307.9,1153.96,159.948,258.394,1116.14,184.372,241.723,1106.11,,,,,,,,,,,,,-560.38,207.125,810.101,-527.332,256.669,824.689,-550.648,212.799,771.312,-517.765,261.344,786.343,-488.531,330.959,1599.34,-598.045,315.776,1597.12,-455.062,446.531,1610.55,-539.062,515.094,1611.95
1016,0,16.1487,357.436,1192.37,87.2522,307.94,1153.98,159.901,258.436,1116.14,184.347,241.801,1106.11,,,,,,,,,,,,,-560.44,206.911,810.283,-527.328,256.667,824.687,-550.719,212.659,771.348,-517.762,261.35,786.348,-488.527,330.959,1599.31,-598.254,315.852,1597.05,-455.046,446.502,1610.54,-539.052,515.048,1611.94
1017,0,15.9565,357.533,1192.42,87.234,308.007,1153.99,159.883,258.486,1116.16,184.338,241.854,1106.12,,,,,,,,,,,,,-560.398,207.134,810.102,-527.343,256.69,824.745,-550.848,212.311,771.387,-517.751,261.317,786.346,-488.506,330.923,1599.29,-597.955,315.705,1597.1,-455.014,446.457,1610.53,-539.03,515.014,1611.93
1018,0,15.9231,357.587,1192.42,87.204,308.043,1153.99,159.824,258.528,1116.15,184.271,241.9,1106.08,,,,,,,,,,,,,-560.42,207.143,810.092,-527.342,256.704,824.738,-550.77,212.575,771.292,-517.78,261.344,786.312,-488.513,330.883,1599.27,-598.157,315.761,1597.05,-454.99,446.414,1610.55,-538.991,514.971,1611.95
1019,0,15.9014,357.622,1192.44,87.1688,308.11,1154.01,159.806,258.584,1116.17,184.24,241.947,1106.07,,,,,,,,,,,,,-560.464,207.039,810.154,-527.344,256.653,824.681,-550.867,212.3,771.354,-517.786,261.336,786.292,-488.498,330.862,1599.27,-597.912,315.674,1597.06,-454.969,446.366,1610.55,-538.955,514.943,1611.96
1020,0,15.8692,357.666,1192.44,87.1339,308.154,1154,159.761,258.6,1116.16,184.192,241.981,1106.09,,,,,,,,,,,,,-560.502,206.94,810.177,-527.368,256.673,824.717,-550.638,212.946,771.211,-517.794,261.352,786.249,-488.495,330.811,1599.24,-597.92,315.664,1597.08,-454.927,446.315,1610.55,-538.937,514.881,1611.93
1021,0,15.8274,357.715,1192.42,87.0929,308.17,1154.01,159.723,258.639,1116.16,184.164,242.024,1106.09,,,,,,,,,,,,,-560.597,206.719,810.191,-527.368,256.666,824.705,-550.822,212.535,771.287,-517.791,261.284,786.269,-488.494,330.767,1599.23,-598.103,315.626,1597.03,-454.896,446.256,1610.56,-538.912,514.868,1611.96
1022,0,15.8058,357.767,1192.43,87.0657,308.246,1153.99,159.705,258.698,1116.15,184.118,242.08,1106.09,,,,,,,,,,,,,-560.591,206.759,810.202,-527.38,256.66,824.696,-550.609,213.11,771.135,-517.813,261.306,786.236,-488.485,330.728,1599.23,-597.922,315.535,1597.08,-454.859,446.215,1610.56,-538.861,514.816,1611.95
1023,0,15.7721,357.788,1192.44,87.0479,308.286,1154,159.694,258.715,1116.13,184.102,242.1,1106.09,,,,,,,,,,,,,-560.577,206.777,810.198,-527.383,256.687,824.657,-550.744,212.802,771.202,-517.825,261.308,786.19,-488.493,330.705,1599.2,-597.885,315.572,1597.04,-454.824,446.168,1610.55,-538.838,514.673,1611.79
1024,0,15.7435,357.807,1192.44,87.0145,308.324,1154,159.661,258.747,1116.13,184.089,242.148,1106.09,,,,,,,,,,,,,-560.524,207.012,810.115,-527.392,256.625,824.673,-550.751,212.761,771.183,-517.818,261.309,786.222,-488.492,330.671,1599.2,-597.879,315.515,1597.03,-454.811,446.147,1610.54,-538.826,514.646,1611.81
1025,0,15.7219,357.805,1192.48,86.9997,308.327,1154.02,159.641,258.779,1116.13,184.071,242.175,1106.08,,,,,,,,,,,,,-560.548,206.962,810.114,-527.396,256.653,824.643,-550.656,212.961,771.149,-517.799,261.317,786.201,-488.475,330.639,1599.21,-597.885,315.496,1597.05,-454.777,446.12,1610.55,-538.799,514.641,1611.8
1026,0,15.715,357.789,1192.52,86.9835,308.35,1154.03,159.633,258.795,1116.13,184.061,242.192,1106.09,,,,,,,,,,,,,-560.496,207.104,810.057,-527.364,256.664,824.619,-550.572,213.247,771.078,-517.801,261.319,786.194,-488.484,330.61,1599.2,-597.85,315.544,1597.01,-454.756,446.086,1610.54,-538.782,514.615,1611.81
1027,0,15.6873,357.761,1192.56,86.9789,308.353,1154.05,159.616,258.803,1116.15,184.061,242.219,1106.09,,,,,,,,,,,,,-560.552,206.853,810.175,-527.37,256.665,824.62,-550.358,213.843,770.969,-517.802,261.311,786.174,-488.464,330.58,1599.21,-597.864,315.517,1597.03,-454.728,446.06,1610.54,-538.762,514.598,1611.8
1028,0,15.6803,357.746,1192.58,86.9662,308.361,1154.06,159.614,258.826,1116.15,184.02,242.255,1106.06,,,,,,,,,,,,,-560.506,206.983,810.113,-527.362,256.682,824.583,-550.484,213.445,771.042,-517.79,261.337,786.148,-488.475,330.571,1599.19,-597.839,315.485,1596.94,-454.69,446.042,1610.54,-538.739,514.655,1611.9
1029,0,15.6648,357.727,1192.59,86.9536,308.356,1154.07,159.611,258.846,1116.16,184.026,242.253,1106.06,,,,,,,,,,,,,-560.5,206.951,810.174,-527.334,256.66,824.594,-550.744,212.645,771.173,-517.756,261.337,786.141,-488.461,330.571,1599.18,-598.069,315.478,1596.97,-454.666,446.009,1610.52,-538.716,514.647,1611.86
1030,0,15.635,357.703,1192.6,86.927,308.347,1154.07,159.594,258.848,1116.16,184.012,242.274,1106.06,,,,,,,,,,,,,-560.556,206.779,810.178,-527.324,256.643,824.523,-550.341,213.767,770.969,-517.755,261.354,786.111,-488.457,330.566,1599.17,-597.808,315.496,1596.95,-454.647,446.015,1610.51,-538.707,514.635,1611.86
1031,0,15.5061,357.404,1192.77,86.9158,308.334,1154.07,159.578,258.867,1116.14,184.007,242.285,1106.06,,,,,,,,,,,,,-560.572,206.701,810.187,-527.299,256.658,824.513,-550.469,213.328,771.062,-517.763,261.367,786.076,-488.435,330.566,1599.15,-598.184,315.504,1596.93,-454.634,446.02,1610.48,-538.672,514.615,1611.84
1032,0,15.4813,357.386,1192.78,86.9001,308.327,1154.08,159.581,258.886,1116.14,184.018,242.305,1106.06,,,,,,,,,,,,,-560.445,207.012,810.064,-527.288,256.674,824.497,-550.653,212.792,771.139,-517.753,261.413,786.082,-488.421,330.566,1599.15,-598.137,315.494,1596.93,-454.622,446.022,1610.47,-538.676,514.626,1611.85
1033,0,15.4541,357.341,1192.82,86.8763,308.302,1154.09,159.568,258.884,1116.14,183.989,242.306,1106.05,,,,,,,,,,,,,-560.472,206.874,810.123,-527.315,256.684,824.498,-550.805,212.46,771.205,-517.701,261.371,786.097,-488.396,330.572,1599.14,-597.799,315.471,1596.97,-454.613,446.027,1610.46,-538.685,514.636,1611.86
1034,0,15.4428,357.315,1192.85,86.8756,308.289,1154.11,159.567,258.867,1116.15,183.993,242.318,1106.06,,,,,,,,,,,,,-560.448,206.919,810.127,-527.275,256.677,824.52,-550.509,213.098,771.098,-517.718,261.409,786.08,-488.379,330.601,1599.12,-597.868,315.544,1596.92,-454.622,446.071,1610.43,-538.687,514.644,1611.85
1035,0,15.4422,357.275,1192.91,86.8749,308.251,1154.15,159.552,258.862,1116.15,183.989,242.301,1106.06,,,,,,,,,,,,,-560.415,206.999,810.152,-527.242,256.718,824.535,-550.876,212.091,771.298,-517.691,261.432,786.08,-488.369,330.607,1599.11,-597.742,315.551,1596.95,-454.619,446.081,1610.44,-538.685,514.65,1611.86
1036,0,15.4214,357.21,1192.95,86.8611,308.237,1154.17,159.54,258.864,1116.16,183.993,242.301,1106.07,,,,,,,,,,,,,-560.425,206.924,810.138,-527.216,256.729,824.497,-550.796,212.284,771.245,-517.668,261.469,786.076,-488.35,330.637,1599.12,-597.718,315.456,1596.92,-454.628,446.096,1610.45,-538.706,514.659,1611.87
1037,0,15.3992,357.184,1192.97,86.8395,308.209,1154.17,159.552,258.841,1116.17,183.971,242.294,1106.06,,,,,,,,,,,,,-560.403,206.908,810.147,-527.199,256.767,824.513,-550.795,212.221,771.28,-517.65,261.494,786.072,-488.347,330.643,1599.12,-597.723,315.489,1596.96,-454.636,446.12,1610.46,-538.712,514.677,1611.87
1038,0,15.3636,357.157,1192.95,86.8133,308.203,1154.15,159.539,258.836,1116.17,183.96,242.293,1106.06,,,,,,,,,,,,,-560.308,207.143,810.057,-527.188,256.786,824.514,-550.774,212.299,771.275,-517.626,261.453,786.125,-488.335,330.669,1599.13,-597.96,315.504,1596.91,-454.657,446.143,1610.48,-538.765,514.632,1611.79
1039,0,15.3341,357.141,1192.91,86.7769,308.185,1154.12,159.5,258.846,1116.14,183.94,242.294,1106.07,,,,,,,,,,,,,-560.34,206.991,810.247,-527.172,256.793,824.546,-550.755,212.251,771.313,-517.615,261.491,786.14,-488.339,330.675,1599.15,-597.92,315.472,1596.95,-454.67,446.156,1610.49,-538.773,514.642,1611.81
1040,0,15.3109,357.133,1192.88,86.7549,308.178,1154.09,159.496,258.84,1116.12,183.958,242.29,1106.06,,,,,,,,,,,,,-560.295,207.051,810.109,-527.146,256.815,824.552,-549.824,214.686,770.924,-517.575,261.509,786.154,-488.331,330.683,1599.17,-597.661,315.542,1596.86,-454.686,446.179,1610.49,-538.752,514.71,1611.9
1041,0,15.2771,357.108,1192.87,86.7252,308.144,1154.07,159.494,258.832,1116.13,183.932,242.275,1106.06,,,,,,,,,,,,,-560.275,207.023,810.214,-527.139,256.82,824.568,-549.814,214.656,770.936,-517.546,261.492,786.147,-488.346,330.688,1599.19,-597.908,315.62,1596.92,-454.69,446.186,1610.52,-538.77,514.656,1611.81
1042,0,15.2579,357.09,1192.87,86.7144,308.146,1154.08,159.489,258.838,1116.12,183.92,242.284,1106.07,,,,,,,,,,,,,-560.254,207.101,810.113,-527.105,256.861,824.565,-549.763,214.64,770.96,-517.544,261.542,786.145,-488.375,330.725,1599.2,-597.724,315.518,1596.99,-454.722,446.207,1610.54,-538.785,514.738,1611.92
1043,0,15.2423,357.074,1192.89,86.7129,308.149,1154.09,159.47,258.821,1116.12,183.908,242.276,1106.06,,,,,,,,,,,,,-560.195,207.174,810.078,-527.071,256.891,824.575,-549.75,214.668,770.965,-517.491,261.552,786.163,-488.371,330.717,1599.23,-597.756,315.513,1597.03,-454.726,446.203,1610.55,-538.805,514.746,1611.94
1044,0,15.2304,357.038,1192.92,86.7075,308.113,1154.11,159.463,258.82,1116.13,183.922,242.283,1106.06,,,,,,,,,,,,,-560.225,207.016,810.157,-527.047,256.861,824.601,-549.744,214.637,770.976,-517.493,261.597,786.136,-488.397,330.738,1599.24,-598.2,315.556,1597,-454.758,446.207,1610.58,-538.818,514.76,1611.95
1045,0,15.2179,356.995,1192.94,86.6926,308.066,1154.14,159.467,258.805,1116.13,183.934,242.281,1106.06,,,,,,,,,,,,,-560.216,207.013,810.211,-527.056,256.891,824.577,-549.702,214.676,770.99,-517.468,261.572,786.144,-488.404,330.731,1599.27,-597.817,315.526,1597.1,-454.76,446.191,1610.62,-538.812,514.771,1611.95
1046,0,15.1913,356.95,1192.95,86.6787,308.034,1154.14,159.46,258.796,1116.12,183.925,242.266,1106.06,,,,,,,,,,,,,-560.184,207.011,810.159,-527.015,256.872,824.608,-549.688,214.652,770.992,-517.44,261.566,786.181,-488.413,330.725,1599.3,-597.849,315.567,1597.14,-454.78,446.195,1610.63,-538.828,514.776,1611.96
1047,0,15.0618,356.383,1192.92,86.6604,308.007,1154.14,159.466,258.782,1116.13,183.912,242.26,1106.06,,,,,,,,,,,,,-560.146,207.124,810.112,-527,256.87,824.59,-549.681,214.594,771.033,-517.428,261.54,786.176,-488.448,330.729,1599.33,-598.151,315.6,1597.11,-454.803,446.202,1610.65,-538.854,514.787,1611.98
1048,0,15.0545,356.369,1192.89,86.6631,307.979,1154.12,159.479,258.763,1116.14,183.916,242.252,1106.05,,,,,,,,,,,,,-560.12,207.039,810.243,-526.999,256.875,824.598,-549.53,214.578,770.889,-517.401,261.525,786.185,-488.45,330.737,1599.34,-598.166,315.6,1597.15,-454.814,446.202,1610.68,-538.85,514.79,1611.99
1049,0,15.1399,356.791,1192.88,86.666,307.959,1154.1,159.467,258.758,1116.1,183.94,242.255,1106.05,,,,,,,,,,,,,-560.125,207.071,810.156,-526.96,256.891,824.617,-549.54,214.518,770.901,-517.395,261.541,786.165,-488.468,330.737,1599.36,-598.313,315.607,1597.15,-454.838,446.211,1610.7,-538.88,514.812,1612.01
1050,0,15.1119,356.757,1192.89,86.6491,307.939,1154.09,159.481,258.757,1116.11,183.937,242.253,1106.05,,,,,,,,,,,,,-560.135,206.973,810.341,-526.958,256.828,824.608,-549.512,214.559,770.927,-517.373,261.517,786.205,-488.497,330.721,1599.37,-598.16,315.645,1597.07,-454.883,446.218,1610.73,-538.895,514.813,1612.03
1051,0,15.1012,356.718,1192.87,86.6507,307.897,1154.08,159.49,258.711,1116.11,183.942,242.243,1106.04,,,,,,,,,,,,,-560.135,206.893,810.315,-526.928,256.806,824.646,-549.627,214.605,771.053,-517.345,261.496,786.203,-488.512,330.744,1599.37,-597.965,315.576,1597.19,-454.889,446.224,1610.76,-538.899,514.83,1612.06
1052,0,15.0987,356.666,1192.84,86.6557,307.866,1154.08,159.513,258.7,1116.12,183.977,242.219,1106.04,,,,,,,,,,,,,-560.086,206.985,810.195,-526.909,256.788,824.639,-549.668,214.026,770.989,-517.342,261.487,786.213,-488.539,330.729,1599.42,-597.959,315.582,1597.15,-454.893,446.222,1610.79,-538.893,514.827,1612.05
1053,0,15.0683,356.609,1192.84,86.6563,307.826,1154.08,159.509,258.672,1116.14,183.97,242.213,1106.03,,,,,,,,,,,,,-560.088,206.949,810.233,-526.899,256.792,824.682,-549.513,214.468,770.991,-517.321,261.451,786.236,-488.544,330.756,1599.43,-598.163,315.669,1597.17,-454.92,446.23,1610.83,-538.917,514.829,1612.08
1054,0,15.0504,356.548,1192.83,86.6535,307.766,1154.09,159.52,258.649,1116.12,184.009,242.173,1106.07,,,,,,,,,,,,,-560.065,206.923,810.258,-526.872,256.766,824.701,-549.502,214.447,771.03,-517.319,261.419,786.242,-488.547,330.774,1599.46,-598.065,315.69,1597.09,-454.94,446.238,1610.87,-538.916,514.852,1612.1
1055,0,15.0129,356.446,1192.83,86.6479,307.691,1154.08,159.538,258.575,1116.17,184.017,242.128,1106.08,,,,,,,,,,,,,-560.069,206.947,810.248,-526.861,256.755,824.693,-549.515,214.407,771.038,-517.31,261.397,786.262,-488.561,330.756,1599.48,-598.013,315.645,1597.21,-454.965,446.25,1610.87,-538.942,514.881,1612.11
1056,0,15.0052,356.341,1192.82,86.6575,307.607,1154.08,159.558,258.525,1116.14,184.045,242.043,1106.07,,,,,,,,,,,,,-560.048,206.923,810.277,-526.848,256.711,824.728,-549.508,214.388,771.06,-517.307,261.39,786.248,-488.568,330.778,1599.49,-598.008,315.66,1597.19,-454.978,446.273,1610.9,-538.952,514.886,1612.12
1057,0,14.9879,356.246,1192.79,86.6707,307.518,1154.06,159.573,258.425,1116.14,184.073,241.97,1106.07,,,,,,,,,,,,,-560.044,206.91,810.277,-526.828,256.714,824.729,-549.492,214.355,771.055,-517.313,261.393,786.249,-488.586,330.801,1599.5,-598.024,315.697,1597.21,-454.975,446.288,1610.91,-538.957,514.929,1612.14
1058,0,14.9687,356.121,1192.76,86.67,307.403,1154.07,159.596,258.28,1116.2,184.064,241.843,1106.08,,,,,,,,,,,,,-560.068,206.859,810.289,-526.818,256.674,824.729,-549.482,214.357,771.046,-517.308,261.358,786.283,-488.585,330.815,1599.53,-598.195,315.757,1597.18,-454.997,446.31,1610.92,-538.982,514.963,1612.16
1059,0,14.9322,355.981,1192.75,86.6768,307.292,1154.09,159.567,258.14,1116.22,184.049,241.686,1106.09,,,,,,,,,,,,,-560.013,207.028,810.155,-526.821,256.679,824.719,-549.485,214.276,771.069,-517.305,261.331,786.27,-488.571,330.827,1599.55,-597.999,315.778,1597.17,-455.024,446.347,1610.92,-538.991,514.984,1612.16
1060,0,14.9131,355.863,1192.77,86.6792,307.182,1154.12,159.542,258.019,1116.25,184.04,241.561,1106.1,,,,,,,,,,,,,-560.038,206.903,810.335,-526.795,256.672,824.729,-549.482,214.232,771.072,-517.301,261.321,786.285,-488.57,330.867,1599.56,-598.053,315.732,1597.26,-455.033,446.383,1610.94,-538.98,515.013,1612.16
1061,0,14.8854,355.749,1192.86,86.6725,307.071,1154.21,159.516,257.923,1116.32,184.017,241.464,1106.11,,,,,,,,,,,,,-560.032,206.909,810.376,-526.801,256.617,824.784,-549.496,214.213,771.051,-517.302,261.292,786.295,-488.585,330.88,1599.58,-598.213,315.725,1597.28,-455.052,446.409,1610.94,-539.013,515.041,1612.19
1062,0,14.8637,355.673,1193,86.6749,306.983,1154.34,159.489,257.836,1116.43,184.036,241.341,1106.16,,,,,,,,,,,,,-560.03,206.908,810.31,-526.796,256.613,824.78,-549.51,214.163,771.091,-517.301,261.277,786.302,-488.577,330.894,1599.6,-598.053,315.8,1597.26,-455.068,446.437,1610.95,-539.034,515.075,1612.18
1063,0,14.7397,355.057,1193.18,86.6927,306.846,1154.57,159.442,257.722,1116.56,184.008,241.252,1106.19,,,,,,,,,,,,,-560.072,206.817,810.372,-526.79,256.593,824.775,-549.505,214.161,771.098,-517.287,261.275,786.291,-488.568,330.953,1599.61,-598.222,315.838,1597.27,-455.069,446.478,1610.95,-539.034,515.1,1612.18
1064,0,15.0075,355.327,1193.43,86.694,306.737,1154.82,159.38,257.651,1116.67,183.962,241.136,1106.23,,,,,,,,,,,,,-560.077,206.76,810.434,-526.824,256.558,824.772,-549.525,214.095,771.097,-517.309,261.234,786.32,-488.572,330.978,1599.63,-598.314,315.897,1597.27,-455.081,446.507,1610.98,-539.064,515.127,1612.2
1065,0,14.7885,354.776,1193.74,86.7188,306.607,1155.05,159.39,257.447,1116.91,183.885,240.92,1106.25,,,,,,,,,,,,,-560.117,206.672,810.5,-526.757,256.599,824.723,-549.528,214.042,771.083,-517.307,261.217,786.324,-488.568,330.978,1599.65,-598.1,315.839,1597.33,-455.102,446.554,1610.97,-539.081,515.182,1612.21
1066,0,15.1232,355.006,1193.98,86.7603,306.484,1155.31,159.401,257.304,1117.11,183.87,240.75,1106.33,,,,,,,,,,,,,-560.103,206.743,810.395,-526.816,256.548,824.789,-549.698,213.593,771.103,-517.328,261.203,786.34,-488.562,331.043,1599.66,-598.276,315.906,1597.31,-455.105,446.597,1610.99,-539.105,515.22,1612.22
1067,0,15.0279,354.443,1194.22,86.8258,306.42,1155.71,159.53,257.294,1117.5,183.839,240.592,1106.55,,,,,,,,,,,,,-560.098,206.781,810.254,-526.827,256.557,824.77,-549.523,214.002,771.088,-517.346,261.207,786.336,-488.572,331.084,1599.67,-598.09,315.948,1597.34,-455.115,446.639,1611.03,-539.109,515.235,1612.23
1068,0,14.9073,354.285,1194.56,86.8986,306.274,1156.34,159.746,257.269,1118.3,184.068,240.57,1107.38,,,,,,,,,,,,,-560.119,206.731,810.404,-526.854,256.514,824.763,-549.729,213.505,771.094,-517.34,261.173,786.341,-488.562,331.121,1599.7,-598.319,315.999,1597.29,-455.125,446.675,1611.04,-539.14,515.293,1612.25
1069,0,14.7439,354.163,1194.97,86.9834,306.137,1157.19,160.07,257.2,1119.55,184.358,240.485,1108.69,,,,,,,,,,,,,-560.07,206.951,810.255,-526.858,256.522,824.773,-549.563,213.927,771.076,-517.359,261.2,786.329,-488.554,331.148,1599.72,-598.067,315.977,1597.33,-455.12,446.712,1611.06,-539.143,515.32,1612.25
1070,0,14.5635,354.027,1195.58,87.0479,306.053,1158.27,160.364,257.008,1121.21,184.741,240.261,1110.5,,,,,,,,,,,,,-560.188,206.617,810.413,-526.866,256.487,824.795,-549.697,213.494,771.075,-517.344,261.174,786.362,-488.562,331.183,1599.75,-598.238,316.084,1597.26,-455.145,446.757,1611.07,-539.181,515.4,1612.29
1071,0,14.1754,353.923,1196.44,87.0977,305.873,1159.64,160.676,256.793,1123.11,185.052,239.883,1112.8,,,,,,,,,,,,,-560.118,206.856,810.379,-526.879,256.525,824.804,-549.742,213.373,771.09,-517.369,261.16,786.39,-488.559,331.23,1599.78,-598.354,316.125,1597.3,-455.163,446.807,1611.08,-539.189,515.419,1612.28
1072,0,14.0633,353.866,1197.22,87.1508,305.714,1161.25,161.001,256.53,1125.47,185.446,239.517,1115.34,,,,,,,,,,,,,-560.087,206.997,810.258,-526.894,256.54,824.777,-549.814,213.408,771.256,-517.366,261.15,786.4,-488.565,331.26,1599.81,-598.013,316.124,1597.26,-455.171,446.849,1611.13,-539.21,515.449,1612.29
1073,0,13.7986,353.823,1198.22,87.18,305.446,1163.19,161.167,256.104,1128.12,185.696,239.128,1118.22,,,,,,,,,,,,,-560.127,206.865,810.327,-526.892,256.567,824.804,-549.851,213.341,771.235,-517.352,261.119,786.432,-488.591,331.314,1599.83,-598.082,316.159,1597.35,-455.181,446.898,1611.16,-539.234,515.491,1612.31
1074,0,13.2547,353.848,1199.5,87.1261,305.176,1165.29,161.461,255.826,1131.13,185.952,238.636,1121.52,,,,,,,,,,,,,-560.145,206.906,810.35,-526.909,256.555,824.8,-549.849,213.369,771.243,-517.353,261.143,786.42,-488.607,331.335,1599.87,-598.082,316.168,1597.37,-455.188,446.942,1611.19,-539.249,515.528,1612.31
1075,0,12.7614,353.929,1200.68,86.955,304.988,1167.5,161.567,255.468,1134.28,186.222,238.056,1125.11,,,,,,,,,,,,,-560.139,206.926,810.324,-526.905,256.581,824.796,-549.669,213.872,771.2,-517.376,261.122,786.439,-488.623,331.398,1599.9,-598.063,316.242,1597.34,-455.206,446.989,1611.22,-539.268,515.555,1612.32
1076,0,12.2018,354.067,1201.96,86.6702,304.961,1169.74,161.68,255.144,1137.6,186.218,237.579,1128.75,,,,,,,,,,,,,-560.202,206.754,810.427,-526.924,256.589,824.787,-549.868,213.314,771.249,-517.386,261.167,786.423,-488.645,331.418,1599.96,-598.108,316.243,1597.41,-455.235,447.029,1611.27,-539.274,515.589,1612.33
1077,0,11.5665,354.203,1203.29,86.329,304.954,1172.08,161.652,254.926,1140.94,186.143,237.211,1132.45,,,,,,,,,,,,,-560.174,206.917,810.373,-526.951,256.589,824.778,-549.852,213.361,771.247,-517.398,261.163,786.427,-488.662,331.461,1600,-598.13,316.282,1597.46,-455.248,447.079,1611.3,-539.303,515.643,1612.34
1078,0,10.7863,354.278,1204.74,85.78,304.957,1174.44,161.483,254.729,1144.26,185.868,237.036,1136.05,,,,,,,,,,,,,-560.197,206.874,810.374,-526.976,256.624,824.786,-549.857,213.348,771.267,-517.399,261.153,786.444,-488.7,331.524,1600.06,-598.124,316.416,1597.45,-455.267,447.134,1611.36,-539.327,515.664,1612.35
1079,0,9.86723,354.479,1206.09,85.1231,305.056,1176.74,161.205,254.696,1147.48,185.585,236.783,1139.62,,,,,,,,,,,,,-560.251,206.708,810.554,-526.967,256.616,824.816,-549.661,213.908,771.211,-517.412,261.186,786.445,-488.749,331.548,1600.11,-598.128,316.436,1597.48,-455.286,447.203,1611.38,-539.363,515.709,1612.37
1080,0,8.81847,354.783,1207.32,84.273,304.793,1178.93,160.791,254.611,1150.66,185.112,236.625,1143.25,,,,,,,,,,,,,-560.23,206.874,810.384,-526.982,256.618,824.791,-549.7,213.912,771.21,-517.401,261.166,786.453,-488.804,331.632,1600.18,-598.174,316.528,1597.48,-455.306,447.257,1611.45,-539.39,515.75,1612.4
1081,0,7.62477,355.142,1208.52,83.3907,305.243,1181.13,159.888,254.651,1153.91,184.434,236.486,1146.7,,,,,,,,,,,,,-560.185,207.058,810.364,-526.997,256.677,824.769,-549.676,213.922,771.238,-517.416,261.18,786.455,-488.826,331.693,1600.25,-598.196,316.565,1597.59,-455.34,447.32,1611.53,-539.45,515.82,1612.43
1082,0,6.26553,355.381,1209.63,82.2711,305.337,1183.14,159.007,254.558,1156.89,183.432,236.35,1149.91,,,,,,,,,,,,,-560.273,206.838,810.455,-527.045,256.623,824.793,-549.682,213.911,771.233,-517.416,261.168,786.501,-488.85,331.769,1600.32,-598.248,316.59,1597.61,-455.372,447.374,1611.6,-539.517,515.876,1612.5
1083,0,4.66148,355.607,1210.64,80.6646,304.983,1184.99,157.604,254.243,1159.74,182.269,236.117,1153.09,,,,,,,,,,,,,-560.265,206.916,810.354,-527.025,256.627,824.797,-549.692,213.912,771.242,-517.438,261.179,786.476,-488.903,331.85,1600.42,-598.22,316.643,1597.67,-455.414,447.45,1611.71,-539.581,515.937,1612.54
1084,0,2.8732,355.797,1211.42,79.0174,305.148,1186.76,155.92,253.791,1162.34,180.674,235.544,1156.02,,,,,,,,,,,,,-560.248,207.073,810.322,-527.056,256.659,824.787,-549.721,213.895,771.221,-517.449,261.169,786.471,-488.919,331.947,1600.55,-598.333,316.733,1597.72,-455.46,447.52,1611.83,-539.675,515.996,1612.61
1085,0,0.80692,355.98,1212.08,76.9982,304.586,1188.24,153.812,253.034,1164.65,178.457,234.705,1158.47,,,,,,,,,,,,,-560.276,206.97,810.511,-527.074,256.656,824.789,-549.723,213.952,771.224,-517.446,261.175,786.474,-488.989,332.12,1600.64,-598.257,316.823,1597.77,-455.501,447.592,1612,-539.789,516.098,1612.69
1086,0,-1.42376,356.081,1212.51,74.8967,304.586,1189.5,151.32,252.143,1166.5,175.893,233.557,1160.58,,,,,,,,,,,,,-560.307,206.955,810.354,-527.064,256.643,824.782,-549.744,213.966,771.206,-517.463,261.182,786.446,-489.021,332.238,1600.8,-598.685,316.902,1597.78,-455.562,447.709,1612.18,-539.879,516.171,1612.78
1087,0,-3.90741,356.109,1212.83,71.9266,304.036,1190.44,148.455,251.052,1168.09,173.009,232.299,1162.27,,,,,,,,,,,,,-560.34,206.881,810.432,-527.103,256.657,824.76,-549.748,213.956,771.198,-517.471,261.159,786.459,-489.075,332.365,1600.95,-598.327,316.957,1597.9,-455.673,447.827,1612.38,-540.022,516.284,1612.9
1088,0,-6.50936,356.125,1212.95,69.0689,303.147,1191.02,145.272,249.81,1169.4,169.759,230.773,1163.51,,,,,,,,,,,,,-560.363,206.922,810.406,-527.093,256.666,824.765,-549.776,213.976,771.187,-517.498,261.161,786.442,-489.07,332.489,1601.12,-598.579,317.03,1597.96,-455.791,447.948,1612.59,-540.135,516.379,1612.99
1089,0,-9.32695,356.096,1212.88,66.0619,302.84,1191.45,141.852,248.523,1170.29,165.883,229.132,1164.58,,,,,,,,,,,,,-560.332,207.073,810.286,-527.136,256.635,824.747,-550.009,213.454,771.189,-517.523,261.167,786.429,-489.061,332.62,1601.36,-598.546,317.066,1598.09,-455.948,448.107,1612.77,-540.247,516.478,1613.09
1090,0,-12.2137,356.079,1212.83,62.8385,302.084,1191.77,138.196,247.131,1171.18,161.955,227.352,1165.38,,,,,,,,,,,,,-560.446,206.789,810.469,-527.125,256.65,824.746,-550.022,213.478,771.161,-517.529,261.164,786.389,-489.094,332.782,1601.59,-598.407,317.181,1598.2,-456.116,448.339,1613.01,-540.377,516.575,1613.19
1091,0,-15.2975,356.003,1212.72,59.4264,301.414,1192.07,134.374,245.676,1171.84,157.973,225.708,1166.1,,,,,,,,,,,,,-560.391,207.045,810.256,-527.157,256.632,824.724,-550.068,213.502,771.095,-517.547,261.151,786.363,-489.137,332.936,1601.82,-598.432,317.257,1598.29,-456.279,448.611,1613.26,-540.532,516.704,1613.31
1092,0,-18.3927,355.96,1212.6,55.8548,300.375,1192.38,130.457,244.264,1172.64,153.896,224.014,1166.95,,,,,,,,,,,,,-560.415,206.938,810.353,-527.166,256.648,824.661,-550.111,213.458,771.091,-517.582,261.153,786.327,-489.184,333.093,1602.1,-598.455,317.406,1598.43,-456.422,448.854,1613.53,-540.765,516.874,1613.45
1093,0,-21.5001,356.032,1212.5,52.5062,300.053,1192.74,126.647,242.956,1173.46,149.801,222.361,1167.86,,,,,,,,,,,,,-560.437,206.984,810.258,-527.151,256.649,824.639,-550.119,213.493,771.04,-517.588,261.172,786.3,-489.247,333.324,1602.39,-598.759,317.593,1598.55,-456.597,449.089,1613.8,-541.038,517.08,1613.63
1094,0,-24.5975,356.176,1212.43,49.0157,299.353,1193.29,122.675,241.697,1174.69,145.931,221.191,1168.98,,,,,,,,,,,,,-560.458,206.983,810.239,-527.157,256.608,824.626,-550.193,213.471,770.994,-517.622,261.201,786.218,-489.22,333.577,1602.7,-598.605,317.667,1598.76,-456.724,449.361,1614.08,-541.311,517.324,1613.82
1095,0,-27.6908,356.504,1212.42,45.8295,299.371,1194.02,118.936,240.835,1176.15,142.09,220.031,1170.49,,,,,,,,,,,,,-560.469,206.892,810.391,-527.155,256.618,824.614,-550.225,213.401,770.978,-517.612,261.199,786.185,-489.202,333.851,1603.03,-598.467,317.785,1598.95,-456.882,449.633,1614.4,-541.606,517.581,1614.01
1096,0,-30.6835,357.121,1212.42,42.6809,298.998,1195.09,115.655,240.238,1177.86,138.775,219.495,1172.34,,,,,,,,,,,,,-560.524,206.716,810.455,-527.141,256.584,824.569,-550.275,213.307,770.937,-517.618,261.191,786.168,-489.208,334.17,1603.35,-598.416,317.985,1599.06,-457.163,450.016,1614.73,-541.879,517.826,1614.18
1097,0,-33.5437,357.742,1212.67,39.7034,299.229,1196.31,112.572,239.993,1179.96,135.596,219.082,1174.62,,,,,,,,,,,,,-560.433,207.039,810.159,-527.126,256.584,824.526,-550.364,213.133,770.911,-517.632,261.222,786.116,-489.235,334.524,1603.71,-598.433,318.117,1599.25,-457.446,450.514,1615.14,-542.178,518.081,1614.32
1098,0,-36.2506,358.316,1213.27,36.8554,299.588,1197.81,109.656,239.98,1182.54,132.618,218.966,1177.32,,,,,,,,,,,,,-560.451,206.946,810.193,-527.095,256.611,824.504,-550.37,213.066,770.881,-517.619,261.236,786.068,-489.37,334.93,1604.08,-598.283,318.378,1599.48,-457.646,450.939,1615.49,-542.528,518.355,1614.51
1099,0,-38.9463,359.113,1213.99,33.8861,300.152,1199.42,106.826,240.127,1185.52,129.858,219.109,1180.45,,,,,,,,,,,,,-560.397,207.093,810.098,-527.087,256.605,824.487,-550.362,213.089,770.854,-517.602,261.267,786.033,-489.474,335.375,1604.55,-598.27,318.582,1599.69,-457.886,451.368,1615.88,-542.928,518.673,1614.73
1100,0,-41.6406,359.965,1214.83,31.2123,301.144,1201.44,104.085,240.48,1188.92,127.003,219.422,1184.24,,,,,,,,,,,,,-560.39,207.092,810.104,-527.043,256.642,824.475,-550.446,212.884,770.858,-517.584,261.3,785.999,-489.418,335.861,1604.99,-598.22,318.827,1599.94,-458.185,451.926,1616.25,-543.295,519.02,1614.89
1101,0,-44.2251,361.178,1215.81,28.5668,301.896,1203.77,101.299,240.938,1192.67,124.189,219.622,1188.31,,,,,,,,,,,,,-560.393,206.936,810.288,-527.047,256.632,824.448,-550.486,212.833,770.833,-517.577,261.352,785.971,-489.359,336.323,1605.34,-598.264,319.014,1600.02,-458.518,452.484,1616.73,-543.787,519.44,1615.15
1102,0,-46.9158,362.307,1216.84,26.0402,302.767,1206.37,98.4824,241.468,1196.82,121.424,219.977,1192.85,,,,,,,,,,,,,-560.334,207.138,810.09,-527.004,256.673,824.457,-550.511,212.744,770.839,-517.553,261.357,785.957,-489.306,336.743,1605.8,-598.437,319.211,1600.34,-458.842,453.034,1617.21,-544.261,519.779,1615.4
1103,0,-49.4149,363.677,1218.1,23.3251,303.644,1209.26,95.6191,241.984,1201.25,118.561,220.374,1197.74,,,,,,,,,,,,,-560.346,207.104,810.1,-527.015,256.69,824.424,-550.466,212.616,770.689,-517.549,261.388,785.952,-489.361,337.327,1606.31,-598.129,319.551,1600.64,-459.123,453.607,1617.69,-544.784,520.163,1615.64
1104,0,-51.9066,365.089,1219.47,20.7189,304.637,1212.28,92.721,242.595,1205.84,115.763,220.85,1202.79,,,,,,,,,,,,,-560.325,207.136,810.09,-526.977,256.726,824.448,-550.578,212.584,770.805,-517.539,261.448,785.919,-489.437,337.866,1606.89,-598.426,319.807,1600.74,-459.446,454.209,1618.16,-545.269,520.53,1615.87
1105,0,-54.3311,366.602,1221.08,18.1798,305.73,1215.51,89.9779,243.318,1210.45,112.676,221.34,1208.03,,,,,,,,,,,,,-560.351,207.007,810.154,-526.977,256.743,824.421,-550.475,212.559,770.688,-517.526,261.459,785.918,-489.497,338.364,1607.4,-598.175,320.008,1601.07,-459.874,454.804,1618.69,-545.766,520.929,1616.13
1106,0,-56.6408,368.309,1222.87,15.4393,306.84,1219.02,87.0598,243.975,1215.53,109.464,221.84,1213.71,,,,,,,,,,,,,-560.448,206.974,810.264,-526.971,256.736,824.44,-550.478,212.577,770.633,-517.549,261.459,785.905,-489.445,338.921,1607.91,-598.065,320.233,1601.35,-460.25,455.514,1619.27,-546.259,521.306,1616.41
1107,0,-58.7993,370.122,1225,12.8588,308.125,1222.9,84.0383,244.643,1221.04,106.503,222.431,1219.6,,,,,,,,,,,,,-560.498,206.9,810.359,-526.979,256.776,824.428,-550.457,212.659,770.626,-517.536,261.485,785.918,-489.407,339.497,1608.48,-598.337,320.575,1601.54,-460.489,456.082,1619.77,-546.817,521.688,1616.58
1108,0,-60.9636,372.119,1227.34,10.2063,309.419,1227.13,80.8657,245.383,1227.02,103.21,222.961,1226.07,,,,,,,,,,,,,-560.192,207.204,809.928,-526.94,256.769,824.43,-550.468,212.656,770.661,-517.524,261.515,785.873,-489.406,340.036,1609.02,-597.904,320.923,1601.85,-460.921,456.734,1620.38,-547.454,522.296,1617.02
1109,0,-63.0333,374.156,1230.06,7.47233,310.946,1231.74,77.6278,246.219,1233.6,99.7954,223.653,1233.19,,,,,,,,,,,,,-560.207,207.158,809.951,-526.977,256.769,824.403,-550.461,212.634,770.571,-517.512,261.518,785.893,-489.467,340.621,1609.65,-598.233,321.231,1602.13,-461.349,457.493,1621,-548.007,522.688,1617.29
1110,0,-65.1795,376.331,1233.01,4.62817,312.452,1236.84,74.2785,247.061,1240.72,96.0476,224.278,1240.91,,,,,,,,,,,,,-560.22,207.092,810.025,-526.971,256.76,824.406,-550.444,212.695,770.599,-517.526,261.518,785.867,-489.584,341.185,1610.21,-597.871,321.458,1602.38,-461.592,458.084,1621.49,-548.435,522.991,1617.48
1111,0,-67.2992,378.549,1236.28,1.69315,314.054,1242.21,71.0308,248.108,1248.31,92.1491,225.12,1249.07,,,,,,,,,,,,,-560.183,207.252,809.903,-526.98,256.738,824.363,-550.447,212.711,770.575,-517.522,261.479,785.87,-489.662,341.811,1610.8,-598.212,321.757,1602.8,-462.057,458.647,1622.15,-549.1,523.534,1617.82
1112,0,-69.3813,381.261,1239.5,-1.34527,315.76,1247.8,66.87,249.05,1256.4,87.9857,226.008,1257.58,,,,,,,,,,,,,-560.186,207.232,809.887,-526.982,256.707,824.383,-549.876,214.077,770.615,-517.529,261.506,785.837,-489.624,342.367,1611.34,-597.932,322.024,1602.98,-462.57,459.374,1622.76,-549.702,524.085,1618.13
1113,0,-71.5712,383.74,1243.01,-4.59417,317.55,1253.54,62.6502,250.095,1264.61,83.1346,226.857,1266.55,,,,,,,,,,,,,-560.227,207.117,809.939,-526.974,256.709,824.369,-550.109,213.433,770.604,-517.53,261.446,785.849,-489.641,342.8,1611.9,-597.645,322.252,1603.29,-462.872,459.969,1623.25,-550.248,524.523,1618.39
1114,0,-73.7919,386.457,1246.38,-7.90995,319.422,1259.42,58.0126,251.229,1273.09,78.2686,227.866,1275.49,,,,,,,,,,,,,-560.182,207.187,809.876,-526.979,256.655,824.374,-550.099,213.502,770.638,-517.522,261.445,785.852,-489.771,343.423,1612.56,-598.184,322.683,1603.67,-463.284,460.575,1623.81,-550.861,524.934,1618.68
1115,0,-75.9514,389.304,1249.9,-11.5598,321.652,1265.2,53.4352,252.669,1281.15,73.327,229.065,1284.27,,,,,,,,,,,,,-560.199,207.063,810.016,-526.993,256.639,824.381,-550.118,213.58,770.735,-517.53,261.405,785.889,-489.908,344.034,1613.14,-598.109,322.947,1603.95,-463.778,461.249,1624.4,-551.409,525.309,1618.93
1116,0,-78.051,392.611,1253.19,-14.982,323.947,1270.8,48.64,254.27,1289,68.5522,230.403,1293.08,,,,,,,,,,,,,-560.152,207.182,809.863,-526.972,256.602,824.36,-550.122,213.504,770.718,-517.515,261.348,785.883,-489.973,344.509,1613.68,-597.964,323.206,1604.27,-464.105,461.844,1624.91,-552.011,525.758,1619.23
1117,0,-80.0697,395.597,1256.57,-18.3301,326.386,1276.24,43.8299,256.052,1296.55,63.2011,231.896,1301.48,,,,,,,,,,,,,-560.208,206.915,809.962,-526.951,256.574,824.413,-550.105,213.488,770.751,-517.488,261.333,785.873,-490.038,345.062,1614.26,-597.653,323.458,1604.5,-464.593,462.501,1625.45,-552.617,526.158,1619.49
1118,0,-81.9757,399.125,1259.65,-21.6482,328.959,1281.42,39.1059,258.007,1303.62,58.0011,233.762,1309.1,,,,,,,,,,,,,-560.121,207.001,809.793,-526.959,256.469,824.397,-550.123,213.375,770.723,-517.482,261.278,785.887,-490.12,345.618,1614.84,-598.003,323.741,1604.74,-465.008,463.065,1626.01,-553.194,526.584,1619.78
1119,0,-83.7761,402.52,1262.69,-24.9102,331.642,1286.38,34.558,260.108,1310.32,53.1037,235.651,1316.36,,,,,,,,,,,,,-560.066,207.087,809.831,-526.934,256.449,824.397,-550.132,213.184,770.75,-517.465,261.233,785.903,-490.292,346.133,1615.42,-598.089,324.03,1605.12,-465.441,463.716,1626.6,-553.797,527.055,1620.09
1120,0,-85.576,405.815,1265.86,-28.0919,334.508,1291.06,29.5589,262.237,1316.62,48.2007,237.659,1323.2,,,,,,,,,,,,,-560.02,207.078,809.783,-526.887,256.46,824.362,-550.124,213.085,770.745,-517.466,261.239,785.843,-490.413,346.684,1616.02,-598.208,324.347,1605.4,-465.853,464.283,1627.14,-554.414,527.516,1620.41
1121,0,-87.1758,409.404,1268.87,-31.1515,337.38,1295.5,25.142,264.465,1322.5,43.0316,239.805,1329.56,,,,,,,,,,,,,-559.982,207.031,809.821,-526.885,256.414,824.38,-550.128,212.828,770.798,-517.425,261.219,785.857,-490.621,347.24,1616.59,-598.253,324.563,1605.65,-466.33,464.822,1627.72,-554.973,527.843,1620.65
1122,0,-88.5732,413.022,1271.71,-34.0982,340.308,1299.77,20.5583,266.874,1327.92,38.0153,241.876,1335.56,,,,,,,,,,,,,-559.981,206.907,809.855,-526.822,256.405,824.404,-550.095,212.809,770.799,-517.383,261.137,785.913,-490.754,347.656,1617.23,-597.91,324.8,1605.99,-466.876,465.446,1628.33,-555.43,528.132,1620.87
1123,0,-90.0283,416.489,1274.59,-37.0783,343.465,1303.69,16.2103,269.251,1333.04,32.8055,243.995,1341.09,,,,,,,,,,,,,-559.905,206.977,809.772,-526.792,256.375,824.452,-550.058,212.699,770.847,-517.353,261.112,785.911,-490.87,348.149,1617.78,-598.06,325.131,1606.25,-467.245,465.902,1628.89,-555.954,528.481,1621.07
1124,0,-91.2557,420.197,1277.32,-39.8173,346.48,1307.46,11.9599,271.647,1337.77,28.1917,246.305,1346.07,,,,,,,,,,,,,-559.872,206.876,809.791,-526.726,256.333,824.436,-550.031,212.621,770.805,-517.322,261.094,785.941,-491.052,348.663,1618.41,-598.65,325.442,1606.55,-467.667,466.448,1629.43,-556.64,529.002,1621.38
1125,0,-92.3551,423.857,1279.96,-42.3189,349.556,1310.93,7.91464,274.151,1342.09,23.9392,248.564,1350.61,,,,,,,,,,,,,-559.662,207.071,809.662,-526.657,256.319,824.466,-550.074,212.342,770.842,-517.282,261.072,785.952,-491.378,349.118,1619.06,-598.254,325.619,1606.82,-468.306,467.112,1630.03,-557.167,529.334,1621.61
1126,0,-93.4814,427.659,1282.51,-44.6823,352.771,1314.17,4.04157,276.806,1345.88,19.6247,251.04,1354.77,,,,,,,,,,,,,-559.79,206.725,809.882,-526.611,256.292,824.458,-550.036,212.289,770.799,-517.228,261.058,786.009,-491.539,349.67,1619.61,-598.71,325.971,1607.06,-468.663,467.595,1630.57,-557.807,529.727,1621.9
1127,0,-94.4233,431.599,1284.99,-46.9614,356.027,1317.17,0.573992,279.482,1349.37,15.9846,253.524,1358.48,,,,,,,,,,,,,-559.947,206.37,810.251,-526.513,256.29,824.456,-549.982,212.2,770.794,-517.193,261.049,786.011,-491.643,350.156,1620.13,-598.47,326.161,1607.44,-469.114,468.058,1631.23,-558.374,530.05,1622.14
1128,0,-95.2998,435.417,1287.36,-49.0103,359.292,1320,-2.7421,282.309,1352.71,12.2477,256.233,1361.9,,,,,,,,,,,,,-559.763,206.461,810.179,-526.426,256.302,824.498,-549.884,212.219,770.855,-517.124,260.989,786.093,-491.929,350.645,1620.79,-598.85,326.46,1607.71,-469.693,468.696,1631.83,-558.89,530.357,1622.37
1129,0,-96.1159,439.168,1289.59,-50.8831,362.505,1322.63,-5.71782,285.156,1355.65,9.11319,258.971,1364.98,,,,,,,,,,,,,-559.659,206.486,810.162,-526.314,256.339,824.539,-549.739,212.262,770.921,-517.041,260.979,786.146,-492.241,351.186,1621.45,-598.767,326.716,1607.96,-470.158,469.176,1632.41,-559.463,530.726,1622.69
1130,0,-96.9386,442.865,1291.79,-52.7462,365.845,1325.3,-8.36337,288.07,1358.43,6.31591,261.719,1367.84,,,,,,,,,,,,,-559.429,206.931,809.977,-526.245,256.315,824.558,-549.571,212.367,770.893,-516.968,260.946,786.169,-492.338,351.565,1622.04,-599.309,326.988,1608.24,-470.64,469.685,1632.99,-560.124,531.144,1622.99
1131,0,-97.6831,446.557,1293.97,-54.3491,369.103,1327.68,-10.8731,291.042,1360.88,3.41149,264.559,1370.5,,,,,,,,,,,,,-559.473,206.485,810.199,-526.132,256.367,824.658,-549.41,212.425,770.962,-516.885,260.898,786.278,-492.623,352.051,1622.66,-599.503,327.24,1608.64,-471.19,470.219,1633.58,-560.642,531.469,1623.23
1132,0,-98.3774,450.34,1296.07,-55.9964,372.438,1329.87,-13.3409,293.81,1363.2,1.03514,267.16,1372.89,,,,,,,,,,,,,-559.293,206.671,810.289,-526.026,256.393,824.713,-549.23,212.621,770.993,-516.802,260.947,786.282,-492.905,352.463,1623.3,-599.173,327.478,1608.88,-471.647,470.662,1634.15,-561.162,531.782,1623.46
1133,0,-98.9863,454.147,1298.02,-57.7166,375.662,1331.89,-16.1785,296.544,1365.17,-1.98905,269.751,1374.91,,,,,,,,,,,,,-559.186,206.613,810.24,-525.955,256.417,824.775,-549.157,212.52,770.99,-516.717,260.982,786.26,-493.084,352.872,1623.9,-599.75,327.82,1609.07,-472.132,471.203,1634.68,-561.791,532.138,1623.76
1134,0,-99.7221,457.936,1299.73,-59.6348,378.686,1333.78,-19.2486,298.993,1367.07,-5.31971,272.03,1376.81,,,,,,,,,,,,,-559.011,206.614,810.619,-525.862,256.467,824.848,-549.101,212.4,771,-516.618,260.933,786.366,-493.452,353.457,1624.46,-599.95,328.132,1609.37,-472.655,471.731,1635.23,-562.378,532.431,1624
1135,0,-100.721,460.86,1301.35,-61.7767,381.563,1335.52,-22.578,301.102,1368.95,-9.16386,274.148,1378.62,,,,,,,,,,,,,-558.951,206.414,810.696,-525.764,256.429,824.938,-548.972,212.342,771.141,-516.509,260.938,786.435,-493.706,353.864,1625.08,-600.095,328.296,1609.69,-473.208,472.266,1635.92,-562.929,532.74,1624.24
1136,0,-101.616,464.489,1303.13,-64.1861,384.306,1337.14,-26.5589,303.256,1370.63,-13.6722,275.966,1380.34,,,,,,,,,,,,,-558.662,206.974,810.402,-525.636,256.466,824.969,-548.854,212.39,771.147,-516.385,260.945,786.535,-493.876,354.269,1625.58,-600.265,328.574,1609.91,-473.667,472.625,1636.43,-563.499,533.071,1624.49
1137,0,-102.655,467.83,1304.64,-66.8405,386.903,1338.69,-30.8509,305.093,1372.17,-18.1563,277.551,1381.83,,,,,,,,,,,,,-558.713,206.405,810.761,-525.556,256.445,824.924,-548.674,212.42,771.232,-516.218,260.948,786.633,-494.159,354.728,1626.19,-600.106,328.707,1610.26,-474.083,473.111,1637.15,-564.023,533.342,1624.72
1138,0,-103.74,471.21,1306.1,-69.8735,389.428,1340.21,-35.5858,306.787,1373.59,-23.3343,279.066,1383.21,,,,,,,,,,,,,-558.4,206.926,810.508,-525.425,256.435,825.006,-548.444,212.583,771.33,-516.088,260.972,786.718,-494.591,355.195,1626.78,-600.634,329.002,1610.46,-474.602,473.579,1637.73,-564.528,533.634,1624.99
1139,0,-104.92,474.421,1307.49,-72.8968,391.961,1341.49,-40.4718,308.465,1374.77,-28.9726,280.555,1384.35,,,,,,,,,,,,,-557.849,208.267,809.723,-525.311,256.446,825.049,-548.254,212.718,771.449,-515.98,260.963,786.791,-494.803,355.507,1627.38,-600.724,329.189,1610.82,-475.062,474.07,1638.27,-565.052,533.91,1625.22
1140,0,-106.093,477.706,1308.79,-75.9907,394.452,1342.54,-45.6299,310.14,1375.66,-34.5117,281.937,1385.25,,,,,,,,,,,,,-557.715,208.258,809.788,-525.168,256.441,825.112,-548.167,212.706,771.56,-515.844,260.955,786.858,-494.991,355.893,1627.87,-601.03,329.539,1610.93,-475.456,474.462,1638.78,-565.528,534.189,1625.44
1141,0,-107.422,480.86,1309.96,-79.1613,396.825,1343.57,-50.7754,311.734,1376.52,-40.3231,283.272,1386.07,,,,,,,,,,,,,-557.539,208.239,809.834,-525.048,256.371,825.224,-548.134,212.488,771.643,-515.706,260.936,786.916,-495.161,356.23,1628.44,-600.759,329.701,1611.21,-475.972,474.875,1639.3,-566.046,534.527,1625.66
1142,0,-108.659,483.993,1311.11,-82.2434,399.189,1344.42,-55.9731,313.387,1377.19,-46.0539,284.686,1386.69,,,,,,,,,,,,,-557.359,208.224,809.905,-524.908,256.362,825.29,-548.413,211.257,772.32,-515.594,260.96,786.945,-495.516,356.611,1628.94,-601.411,330,1611.4,-476.494,475.327,1639.79,-566.596,534.815,1625.88
1143,0,-109.985,486.953,1312.14,-85.5167,401.485,1345.29,-60.9951,314.964,1377.84,-51.7695,285.997,1387.3,,,,,,,,,,,,,-557.178,208.178,809.977,-524.766,256.36,825.381,-547.971,212.06,771.925,-515.473,260.998,786.992,-495.87,357.034,1629.41,-601.215,330.249,1611.57,-476.929,475.674,1640.26,-567.075,535.047,1626.09
1144,0,-111.189,489.805,1313.16,-88.4964,403.768,1346.08,-65.9367,316.706,1378.38,-57.4095,287.547,1387.79,,,,,,,,,,,,,-556.999,208.135,810.025,-524.627,256.331,825.412,-547.784,212.188,772.012,-515.37,261.093,786.985,-496.102,357.411,1629.83,-601.673,330.352,1611.8,-477.33,476.041,1640.68,-567.523,535.265,1626.28
1145,0,-112.36,492.614,1314.15,-91.4021,406.046,1346.89,-70.5534,318.517,1378.98,-62.65,289.132,1388.34,,,,,,,,,,,,,-556.809,208.155,809.999,-524.504,256.301,825.469,-547.527,212.465,772.083,-515.256,261.087,787.019,-496.251,357.779,1630.25,-601.856,330.566,1611.92,-477.778,476.415,1641.09,-567.966,535.502,1626.48
1146,0,-113.305,495.43,1315,-94.0687,408.38,1347.64,-74.7445,320.451,1379.9,-67.6248,290.815,1389,,,,,,,,,,,,,-556.659,208.103,810.031,-524.354,256.328,825.546,-547.525,212.124,772.177,-515.135,261.107,787.047,-496.468,358.076,1630.7,-601.966,330.785,1612.17,-478.226,476.89,1641.53,-568.377,535.74,1626.62
1147,0,-114.09,498.19,1315.86,-96.3955,410.589,1348.38,-78.508,322.444,1380.63,-71.6605,292.738,1389.54,,,,,,,,,,,,,-556.517,208.077,810.099,-524.233,256.341,825.63,-547.451,212.061,772.307,-515.019,261.102,787.091,-496.758,358.381,1631.15,-602.113,330.947,1612.34,-478.591,477.214,1641.9,-568.826,535.974,1626.81
1148,0,-114.747,500.843,1316.68,-98.3692,412.81,1349.09,-81.7887,324.565,1381.26,-75.5851,294.786,1390.23,,,,,,,,,,,,,-556.619,207.319,810.728,-524.103,256.314,825.695,-546.76,213.384,772.265,-514.855,261.066,787.187,-497.099,358.733,1631.52,-602.193,331.155,1612.45,-478.881,477.496,1642.25,-569.271,536.193,1627.01
1149,0,-115.219,503.475,1317.46,-99.8676,415.04,1349.69,-84.283,326.715,1381.77,-78.4242,296.777,1390.8,,,,,,,,,,,,,-556.202,208.083,810.255,-523.987,256.307,825.718,-546.596,213.414,772.346,-514.722,261.121,787.201,-497.272,358.989,1631.83,-602.016,331.374,1612.59,-479.263,477.829,1642.64,-569.618,536.368,1627.14
1150,0,-115.424,506.026,1318.08,-100.78,417.685,1350.06,-85.9305,328.884,1382.04,-79.9684,298.886,1390.9,,,,,,,,,,,,,-556.052,207.989,810.386,-523.871,256.308,825.767,-546.629,212.928,772.464,-514.596,261.084,787.283,-497.425,359.292,1632.17,-602.587,331.605,1612.71,-479.647,478.193,1643.09,-570.062,536.613,1627.33
1151,0,-115.372,508.453,1318.54,-101.149,419.96,1350.21,-86.6937,331.09,1382.09,-80.8793,300.959,1390.78,,,,,,,,,,,,,-556.21,207.048,811.033,-523.731,256.313,825.799,-546.426,213.001,772.43,-514.435,261.048,787.363,-497.629,359.645,1632.52,-602.334,331.707,1612.95,-480.02,478.499,1643.4,-570.462,536.854,1627.5
1152,0,-115.076,511.24,1319.08,-101.082,422.274,1350.33,-86.7526,333.234,1381.84,-81.0874,303.077,1390.48,,,,,,,,,,,,,-555.714,207.988,810.562,-523.581,256.351,825.822,-546.247,213.115,772.471,-514.297,261.034,787.44,-497.789,359.901,1632.83,-602.907,331.981,1613.04,-480.31,478.722,1643.68,-570.776,537.059,1627.62
1153,0,-114.614,513.566,1319.3,-100.536,424.568,1350.18,-86.1155,335.437,1381.42,-80.737,305.314,1390.01,,,,,,,,,,,,,-555.566,208.011,810.656,-523.431,256.342,825.95,-546.079,213.179,772.539,-514.122,260.979,787.606,-497.98,360.124,1633.12,-603.143,332.173,1613.08,-480.571,478.977,1643.97,-571.074,537.238,1627.73
1154,0,-113.877,515.933,1319.49,-99.5927,426.902,1349.96,-84.9294,337.69,1380.85,-79.2554,307.478,1389.32,,,,,,,,,,,,,-555.378,208.033,810.726,-523.268,256.333,826.011,-545.908,213.238,772.613,-513.972,261,787.686,-498.167,360.394,1633.4,-602.819,332.242,1613.23,-480.849,479.229,1644.3,-571.37,537.388,1627.83
1155,0,-113.105,518.375,1319.64,-98.4112,429.28,1349.87,-83.3311,340.055,1380.35,-77.586,309.994,1388.65,,,,,,,,,,,,,-555.236,208.012,810.788,-523.103,256.32,826.083,-545.786,213.192,772.677,-513.846,260.996,787.769,-498.397,360.685,1633.63,-603.189,332.332,1613.28,-481.245,479.555,1644.59,-571.73,537.589,1627.96
1156,0,-112.1,520.752,1319.72,-96.9447,431.763,1349.7,-81.3479,342.501,1380,-75.3302,312.309,1388.28,,,,,,,,,,,,,-555.074,208.027,810.793,-522.959,256.267,826.197,-545.638,213.24,772.676,-513.704,261.05,787.842,-498.583,360.936,1633.91,-603.027,332.454,1613.58,-481.633,479.86,1644.85,-572.089,537.773,1628.09
1157,0,-111.018,523.179,1319.82,-95.2948,434.272,1349.72,-79.1627,345.13,1379.93,-72.9861,315.104,1387.98,,,,,,,,,,,,,-554.956,208.003,810.913,-522.795,256.3,826.254,-545.451,213.308,772.755,-513.595,261.065,787.873,-498.73,361.193,1634.21,-603.578,332.719,1613.57,-481.862,480.109,1645.11,-572.399,537.961,1628.23
1158,0,-109.829,525.581,1319.93,-93.5168,436.851,1349.79,-76.7433,347.833,1379.96,-70.4632,317.762,1388.13,,,,,,,,,,,,,-554.839,207.972,811.043,-522.672,256.289,826.365,-545.373,213.175,772.815,-513.456,261.038,787.94,-498.882,361.418,1634.45,-603.245,332.742,1613.79,-482.039,480.305,1645.32,-572.72,538.146,1628.35
1159,0,-108.716,528.049,1320.04,-91.6674,439.517,1350.01,-74.1331,350.586,1380.22,-67.4392,320.53,1388.46,,,,,,,,,,,,,-554.723,207.964,811.141,-522.548,256.309,826.428,-545.319,212.955,772.874,-513.332,261.053,788.019,-499.023,361.574,1634.68,-603.327,332.939,1613.85,-482.229,480.46,1645.54,-572.998,538.314,1628.43
1160,0,-107.527,530.523,1320.17,-89.7686,442.167,1350.27,-71.5735,353.447,1380.71,-64.4923,323.54,1388.84,,,,,,,,,,,,,-554.737,207.599,811.614,-522.415,256.338,826.532,-544.913,213.61,772.927,-513.202,261.046,788.099,-499.134,361.751,1634.9,-603.837,333.146,1613.84,-482.494,480.7,1645.79,-573.245,538.477,1628.54
1161,0,-106.35,532.969,1320.39,-87.954,444.845,1350.73,-69.0643,356.477,1381.43,-61.8758,326.533,1389.69,,,,,,,,,,,,,-554.457,207.907,811.398,-522.31,256.365,826.599,-544.731,213.708,772.99,-513.059,261.073,788.132,-499.266,361.96,1635.13,-603.93,333.243,1613.94,-482.813,480.977,1646.06,-573.477,538.632,1628.62
1162,0,-105.238,535.491,1320.6,-86.2294,447.594,1351.3,-66.7486,359.428,1382.42,-59.2502,329.717,1390.75,,,,,,,,,,,,,-554.334,207.897,811.435,-522.225,256.354,826.759,-544.607,213.708,773.066,-512.95,261.14,788.206,-499.418,362.132,1635.34,-603.594,333.344,1614.09,-483.089,481.231,1646.25,-573.718,538.799,1628.69
1163,0,-104.103,538.025,1320.88,-84.5427,450.398,1352,-64.4884,362.546,1383.7,-56.9582,332.774,1392.18,,,,,,,,,,,,,-554.219,207.887,811.524,-522.104,256.369,826.781,-544.619,213.363,773.166,-512.813,261.144,788.251,-499.531,362.316,1635.54,-603.728,333.55,1614.1,-483.275,481.433,1646.43,-573.924,538.936,1628.77
1164,0,-103.044,540.507,1321.15,-82.861,453.246,1352.73,-62.3962,365.618,1384.92,-54.6368,335.966,1393.59,,,,,,,,,,,,,-554.195,207.653,811.868,-522.012,256.401,826.871,-544.45,213.437,773.247,-512.71,261.169,788.353,-499.723,362.571,1635.71,-604.255,333.74,1614.23,-483.442,481.609,1646.55,-574.15,539.092,1628.86
1165,0,-101.888,542.99,1321.3,-81.3873,455.919,1353.26,-60.2377,368.826,1386.23,-52.4108,339.209,1395.01,,,,,,,,,,,,,-553.963,207.921,811.67,-521.895,256.398,826.983,-544.3,213.465,773.333,-512.612,261.223,788.423,-499.847,362.76,1635.92,-604.27,333.837,1614.28,-483.621,481.786,1646.7,-574.363,539.248,1628.97
1166,0,-100.816,545.416,1321.49,-79.6669,458.693,1354.21,-58.1671,371.838,1387.42,-50.1565,342.345,1396.4,,,,,,,,,,,,,-553.822,207.911,811.769,-521.758,256.406,827.076,-544.145,213.548,773.371,-512.48,261.284,788.503,-499.978,362.992,1636.07,-603.95,333.872,1614.42,-483.804,481.941,1646.87,-574.536,539.361,1629.04
1167,0,-99.7724,547.762,1321.59,-78.0768,461.379,1354.8,-55.9553,374.887,1388.25,-47.9382,345.564,1397.67,,,,,,,,,,,,,-553.735,207.919,811.868,-521.659,256.444,827.175,-544.031,213.511,773.428,-512.371,261.321,788.581,-500.135,363.153,1636.25,-604.373,334.028,1614.46,-483.95,482.112,1647.05,-574.721,539.498,1629.12
1168,0,-98.7052,549.98,1321.59,-76.4208,463.962,1355.17,-53.7833,377.708,1389.04,-45.5465,348.444,1398.77,,,,,,,,,,,,,-553.609,207.95,811.888,-521.578,256.458,827.26,-543.899,213.546,773.501,-512.254,261.352,788.676,-500.233,363.292,1636.37,-604.576,334.111,1614.45,-484.136,482.256,1647.16,-574.876,539.604,1629.17
1169,0,-97.7203,552.17,1321.5,-74.7564,466.422,1355.54,-51.4503,380.557,1389.66,-42.9736,351.322,1399.49,,,,,,,,,,,,,-553.499,207.989,811.941,-521.459,256.481,827.329,-543.652,213.863,773.517,-512.157,261.402,788.737,-500.309,363.43,1636.49,-604.596,334.195,1614.56,-484.284,482.43,1647.31,-575.039,539.712,1629.24
1170,0,-96.6817,554.299,1321.36,-73.1889,468.841,1355.66,-49.2919,383.181,1390.1,-40.3943,354.062,1400.19,,,,,,,,,,,,,-553.392,208,812.055,-521.363,256.489,827.407,-543.527,213.902,773.551,-512.071,261.488,788.792,-500.4,363.542,1636.62,-604.663,334.294,1614.62,-484.444,482.583,1647.44,-575.207,539.816,1629.29
1171,0,-95.7002,556.339,1321.2,-71.6091,471.143,1355.72,-47.0779,385.864,1390.35,-38.0082,356.698,1400.69,,,,,,,,,,,,,-553.316,208.016,812.058,-521.253,256.505,827.471,-543.42,213.944,773.617,-511.977,261.515,788.846,-500.445,363.623,1636.74,-604.708,334.413,1614.63,-484.577,482.735,1647.56,-575.339,539.917,1629.31
1172,0,-94.6641,558.278,1320.86,-69.9509,473.411,1355.7,-44.8982,388.361,1390.54,-35.6505,359.362,1401.07,,,,,,,,,,,,,-553.219,208.073,812.091,-521.176,256.538,827.521,-543.326,213.966,773.686,-511.917,261.587,788.867,-500.49,363.755,1636.83,-604.377,334.445,1614.79,-484.707,482.871,1647.67,-575.47,540.026,1629.34
1173,0,-93.6623,560.193,1320.52,-68.3754,475.489,1355.52,-42.7346,390.75,1390.59,-33.1382,361.867,1401.11,,,,,,,,,,,,,-553.151,208.109,812.148,-521.061,256.593,827.554,-543.245,214.043,773.731,-511.851,261.637,788.916,-500.554,363.849,1636.92,-604.841,334.604,1614.75,-484.814,482.976,1647.77,-575.605,540.135,1629.41
1174,0,-92.6519,561.931,1320.13,-66.7012,477.51,1355.29,-40.3718,392.993,1390.42,-30.6481,364.232,1400.96,,,,,,,,,,,,,-553.08,208.174,812.155,-520.996,256.637,827.569,-543.339,213.648,773.78,-511.763,261.692,788.965,-500.609,363.977,1637,-604.82,334.654,1614.8,-484.933,483.09,1647.84,-575.704,540.228,1629.42
1175,0,-91.6314,563.575,1319.66,-65.0749,479.434,1354.93,-38.0684,395.066,1390.07,-28.2502,366.393,1400.7,,,,,,,,,,,,,-553.018,208.214,812.177,-520.938,256.656,827.618,-543.311,213.656,773.819,-511.704,261.727,789.021,-500.68,364.092,1637.06,-604.946,334.719,1614.85,-485.006,483.196,1647.92,-575.809,540.338,1629.46
1176,0,-90.771,565.146,1319.24,-63.5063,481.135,1354.53,-35.909,397.065,1389.62,-25.782,368.434,1400.35,,,,,,,,,,,,,-552.934,208.26,812.227,-520.874,256.678,827.629,-543.176,213.749,773.856,-511.65,261.766,789.048,-500.732,364.209,1637.11,-604.755,334.767,1614.9,-485.077,483.281,1647.98,-575.88,540.419,1629.48
1177,0,-89.845,566.568,1318.74,-62.0423,482.811,1353.99,-33.8128,398.922,1389.16,-23.4971,370.377,1399.92,,,,,,,,,,,,,-552.876,208.326,812.266,-520.816,256.737,827.683,-543.151,213.766,773.916,-511.604,261.83,789.073,-500.77,364.274,1637.17,-605.065,334.856,1615.01,-485.144,483.376,1648.02,-575.951,540.504,1629.48
1178,0,-89.067,567.874,1318.35,-60.7279,484.37,1353.65,-31.9298,400.677,1388.73,-21.4029,372.167,1399.46,,,,,,,,,,,,,-552.814,208.359,812.284,-520.75,256.751,827.712,-543.14,213.742,773.939,-511.556,261.852,789.105,-500.807,364.351,1637.22,-604.637,334.868,1615.05,-485.201,483.433,1648.05,-576.011,540.577,1629.5
1179,0,-88.3132,569.206,1317.92,-59.4785,485.783,1353.24,-30.2316,402.276,1388.31,-19.4359,373.883,1399,,,,,,,,,,,,,-552.796,208.394,812.328,-520.722,256.805,827.756,-543.06,213.751,773.917,-511.517,261.895,789.122,-500.853,364.421,1637.27,-604.69,334.969,1615.07,-485.231,483.494,1648.08,-576.051,540.652,1629.52
1180,0,-87.6688,570.434,1317.57,-58.3281,487.182,1352.79,-28.6792,403.792,1387.95,-17.7395,375.524,1398.6,,,,,,,,,,,,,-552.764,208.419,812.385,-520.694,256.847,827.81,-543.052,213.731,773.989,-511.507,261.92,789.136,-500.87,364.492,1637.31,-604.701,335.047,1615.06,-485.276,483.562,1648.11,-576.093,540.716,1629.52
1181,0,-86.9763,571.581,1317.16,-57.2981,488.461,1352.54,-27.2387,405.26,1387.71,-16.1781,376.979,1398.44,,,,,,,,,,,,,-552.712,208.448,812.394,-520.66,256.882,827.83,-543.042,213.749,774.01,-511.484,261.928,789.209,-500.902,364.554,1637.35,-605.149,335.169,1615.02,-485.304,483.606,1648.12,-576.122,540.776,1629.54
1182,0,-86.3776,572.728,1316.87,-56.2937,489.742,1352.42,-25.9201,406.562,1387.58,-14.7833,378.471,1398.39,,,,,,,,,,,,,-552.701,208.473,812.46,-520.643,256.899,827.857,-543.099,213.62,774.01,-511.44,261.956,789.228,-500.931,364.61,1637.35,-604.737,335.143,1615.06,-485.338,483.67,1648.12,-576.124,540.828,1629.54
1183,0,-85.7406,573.839,1316.63,-55.3031,491.033,1352.28,-24.6985,407.759,1387.54,-13.3402,379.931,1398.46,,,,,,,,,,,,,-552.696,208.498,812.5,-520.629,256.93,827.87,-543.127,213.555,774.065,-511.433,261.99,789.251,-500.96,364.679,1637.35,-604.761,335.203,1615.03,-485.336,483.706,1648.14,-576.127,540.86,1629.54
1184,0,-85.171,574.87,1316.42,-54.4215,492.143,1352.22,-23.4592,408.902,1387.62,-11.953,381.369,1398.48,,,,,,,,,,,,,-552.659,208.515,812.511,-520.629,256.947,827.896,-543.108,213.55,774.047,-511.441,262.012,789.266,-500.979,364.716,1637.34,-604.793,335.257,1615.04,-485.335,483.757,1648.13,-576.142,540.907,1629.52
1185,0,-84.6079,575.818,1316.27,-53.4972,493.298,1352.32,-22.2421,410.08,1387.77,-10.5987,382.858,1398.73,,,,,,,,,,,,,-552.644,208.532,812.556,-520.623,256.946,827.896,-543.15,213.464,774.073,-511.446,262.036,789.276,-501.02,364.781,1637.31,-605.126,335.359,1614.93,-485.342,483.788,1648.1,-576.117,540.954,1629.53
1186,0,-84.0731,576.7,1316.17,-52.6488,494.384,1352.46,-21.0045,411.722,1388.08,-9.36101,384.196,1399.04,,,,,,,,,,,,,-552.641,208.575,812.58,-520.615,256.98,827.898,-543.182,213.407,774.062,-511.443,262.069,789.299,-501.023,364.825,1637.28,-605.152,335.388,1614.96,-485.335,483.831,1648.06,-576.106,540.976,1629.51
1187,0,-83.5642,577.647,1316.22,-51.8451,495.454,1352.7,-19.9566,412.991,1388.48,-8.42084,385.613,1399.55,,,,,,,,,,,,,-552.653,208.576,812.646,-520.638,256.984,827.944,-543.262,213.313,774.07,-511.446,262.085,789.313,-501.043,364.865,1637.26,-605.233,335.45,1615.01,-485.325,483.867,1648.04,-576.099,541.032,1629.5
1188,0,-83.0854,578.502,1316.28,-51.0288,496.518,1353.03,-18.8552,414.289,1389.06,-7.05169,386.918,1400.05,,,,,,,,,,,,,-552.648,208.596,812.668,-520.647,256.991,827.888,-543.292,213.263,774.076,-511.438,262.101,789.335,-501.035,364.919,1637.23,-604.793,335.441,1615.02,-485.288,483.912,1648.02,-576.067,541.071,1629.49
1189,0,-82.5554,579.344,1316.37,-50.2867,497.57,1353.37,-17.8615,415.619,1389.74,-5.97155,388.297,1400.75,,,,,,,,,,,,,-552.657,208.583,812.667,-520.663,256.987,827.94,-543.268,213.379,774.124,-511.468,262.122,789.352,-501.03,364.951,1637.22,-604.81,335.505,1615.04,-485.273,483.947,1647.99,-576.046,541.115,1629.47
1190,0,-82.0576,580.102,1316.51,-49.4735,498.744,1353.83,-16.8995,416.82,1390.43,-4.90365,389.623,1401.64,,,,,,,,,,,,,-552.684,208.614,812.699,-520.696,257.018,827.957,-543.307,213.334,774.125,-511.485,262.094,789.339,-501.029,364.983,1637.21,-604.792,335.675,1614.87,-485.273,484.006,1647.96,-576.048,541.164,1629.45
1191,0,-81.5563,580.961,1316.71,-48.644,499.891,1354.31,-15.8183,418.139,1391.22,-3.89089,391.035,1402.58,,,,,,,,,,,,,-552.696,208.606,812.692,-520.691,257.019,827.962,-543.376,213.278,774.19,-511.492,262.117,789.374,-501.024,365.034,1637.21,-605.155,335.776,1614.87,-485.261,484.058,1647.93,-576.031,541.214,1629.44
1192,0,-81.0036,581.738,1316.89,-47.8048,501,1354.8,-14.71,419.441,1392.02,-2.55804,392.415,1403.38,,,,,,,,,,,,,-552.755,208.61,812.731,-520.72,257,827.964,-543.39,213.233,774.117,-511.536,262.112,789.361,-500.997,365.084,1637.18,-604.762,335.728,1614.87,-485.241,484.103,1647.92,-576.007,541.25,1629.43
1193,0,-80.4809,582.517,1317.12,-47.0007,502.046,1355.33,-13.5972,420.662,1392.7,-1.38235,393.737,1404.21,,,,,,,,,,,,,-552.76,208.604,812.736,-520.773,257,827.979,-543.382,213.381,774.17,-511.56,262.096,789.374,-500.985,365.133,1637.16,-605.145,335.899,1614.75,-485.244,484.161,1647.91,-576.026,541.297,1629.41
1194,0,-79.9586,583.206,1317.32,-46.1612,503.038,1355.78,-12.4401,421.859,1393.39,-0.215044,395.019,1404.98,,,,,,,,,,,,,-552.798,208.617,812.758,-520.794,256.993,828,-543.41,213.437,774.259,-511.584,262.102,789.394,-500.975,365.19,1637.14,-604.741,335.848,1614.86,-485.242,484.194,1647.9,-576.026,541.346,1629.39
1195,0,-79.4539,583.917,1317.6,-45.2799,503.975,1356.25,-11.206,423.163,1394.09,1.16902,396.074,1405.77,,,,,,,,,,,,,-552.822,208.618,812.718,-520.83,256.971,827.984,-543.45,213.447,774.224,-511.611,262.086,789.388,-500.971,365.24,1637.14,-604.74,335.847,1614.86,-485.235,484.245,1647.91,-576.021,541.375,1629.41
1196,0,-78.9535,584.672,1317.94,-44.4121,504.938,1356.73,-9.98264,424.343,1394.7,2.43669,397.043,1406.63,,,,,,,,,,,,,-552.886,208.588,812.75,-520.883,256.946,828.019,-543.491,213.421,774.242,-511.664,262.07,789.384,-500.951,365.298,1637.12,-604.725,335.889,1614.85,-485.252,484.302,1647.9,-576.055,541.44,1629.39
1197,0,-78.4418,585.372,1318.14,-43.5662,505.863,1357.19,-8.77883,425.432,1395.39,3.73755,398.371,1407.44,,,,,,,,,,,,,-552.919,208.597,812.722,-520.926,256.965,827.971,-543.423,213.698,774.288,-511.712,262.063,789.376,-500.945,365.342,1637.13,-604.726,335.96,1614.84,-485.249,484.35,1647.9,-576.047,541.472,1629.38
1198,0,-77.9074,586.031,1318.42,-42.7112,506.754,1357.63,-7.58145,426.597,1396.04,5.06916,399.672,1408.09,,,,,,,,,,,,,-552.983,208.585,812.731,-520.983,256.944,827.974,-543.646,213.405,774.296,-511.751,262.02,789.398,-500.959,365.413,1637.13,-605.07,336.097,1614.66,-485.252,484.395,1647.93,-576.089,541.526,1629.39
1199,0,-77.3708,586.685,1318.63,-41.8521,507.611,1358.03,-6.40627,427.708,1396.57,6.32508,400.802,1408.63,,,,,,,,,,,,,-553.02,208.582,812.718,-521.047,256.935,827.953,-543.718,213.373,774.274,-511.8,261.995,789.388,-500.96,365.459,1637.12,-605.091,336.084,1614.68,-485.267,484.44,1647.93,-576.117,541.573,1629.39
1200,0,-76.8497,587.344,1318.87,-41.0395,508.391,1358.32,-5.29288,428.688,1396.97,7.63982,401.854,1409.13,,,,,,,,,,,,,-553.077,208.561,812.714,-521.114,256.909,827.962,-543.876,213.202,774.257,-511.842,261.967,789.37,-500.951,365.485,1637.15,-605.094,336.111,1614.7,-485.282,484.49,1647.93,-576.146,541.602,1629.38
1201,0,-76.357,587.97,1319.07,-40.1871,509.247,1358.58,-4.1846,429.697,1397.37,8.84932,403.09,1409.47,,,,,,,,,,,,,-553.126,208.554,812.678,-521.142,256.903,827.949,-543.949,213.165,774.246,-511.907,261.933,789.357,-500.978,365.518,1637.17,-605.016,336.196,1614.6,-485.304,484.525,1647.97,-576.172,541.64,1629.41
1202,0,-75.8317,588.6,1319.2,-39.3929,510.004,1358.85,-3.05868,430.686,1397.73,9.99008,403.971,1409.97,,,,,,,,,,,,,-553.194,208.507,812.667,-521.225,256.942,827.953,-544.077,213.022,774.181,-511.951,261.88,789.335,-500.979,365.547,1637.19,-605.103,336.156,1614.77,-485.322,484.565,1647.99,-576.21,541.682,1629.43
1203,0,-75.2906,589.236,1319.39,-38.6073,510.804,1359.12,-1.98814,431.654,1398.01,11.1129,405.086,1410.33,,,,,,,,,,,,,-553.261,208.491,812.664,-521.292,256.903,827.932,-544.369,212.312,774.672,-512.033,261.871,789.312,-501.023,365.578,1637.2,-604.698,336.148,1614.78,-485.349,484.592,1648.01,-576.248,541.719,1629.45
1204,0,-74.7831,589.842,1319.51,-37.7788,511.59,1359.38,-0.83545,432.674,1398.34,12.4163,406.2,1410.56,,,,,,,,,,,,,-553.319,208.475,812.662,-521.315,256.917,827.953,-544.262,212.853,774.248,-512.082,261.821,789.314,-501.035,365.609,1637.23,-605.038,336.255,1614.63,-485.359,484.628,1648.03,-576.282,541.75,1629.47
1205,0,-74.2052,590.477,1319.62,-36.8988,512.363,1359.58,0.316582,433.669,1398.59,13.7312,407.252,1410.9,,,,,,,,,,,,,-553.412,208.433,812.67,-521.424,256.889,827.913,-544.538,212.162,774.754,-512.165,261.769,789.295,-501.079,365.653,1637.22,-604.779,336.094,1614.86,-485.381,484.642,1648.07,-576.301,541.769,1629.49
1206,0,-73.6424,591.059,1319.71,-35.9987,513.171,1359.71,1.53988,434.635,1398.92,15.1287,408.288,1411.16,,,,,,,,,,,,,-553.473,208.415,812.669,-521.505,256.933,827.896,-544.371,212.846,774.346,-512.237,261.738,789.293,-501.082,365.639,1637.26,-604.766,336.172,1614.82,-485.417,484.65,1648.1,-576.318,541.787,1629.5
1207,0,-72.9806,591.671,1319.75,-35.0283,513.94,1359.82,2.9012,435.679,1399.06,16.4707,409.232,1411.52,,,,,,,,,,,,,-553.546,208.382,812.7,-521.57,256.911,827.884,-544.388,213.052,774.401,-512.312,261.713,789.251,-501.122,365.651,1637.28,-605.193,336.213,1614.75,-485.434,484.675,1648.14,-576.341,541.803,1629.53
1208,0,-72.3813,592.193,1319.77,-34.0663,514.734,1359.85,4.18912,436.595,1399.08,17.8435,410.197,1411.63,,,,,,,,,,,,,-553.61,208.387,812.698,-521.628,256.916,827.878,-544.475,213.018,774.456,-512.393,261.693,789.258,-501.158,365.67,1637.31,-605.116,336.344,1614.63,-485.475,484.712,1648.15,-576.358,541.826,1629.54
1209,0,-71.8017,592.754,1319.76,-33.1398,515.466,1359.8,5.44557,437.469,1399.14,19.1662,411.222,1411.73,,,,,,,,,,,,,-553.678,208.325,812.703,-521.721,256.909,827.829,-544.527,213.048,774.471,-512.508,261.668,789.213,-501.188,365.666,1637.34,-604.85,336.205,1614.81,-485.495,484.685,1648.19,-576.387,541.845,1629.56
1210,0,-71.1746,593.319,1319.72,-32.2152,516.141,1359.72,6.71542,438.345,1399.01,20.5308,412.051,1411.67,,,,,,,,,,,,,-553.717,208.349,812.678,-521.796,256.875,827.824,-544.573,213.166,774.425,-512.557,261.654,789.203,-501.226,365.67,1637.38,-605.348,336.297,1614.75,-485.517,484.697,1648.23,-576.399,541.844,1629.57
1211,0,-70.6488,593.739,1319.57,-31.3625,516.816,1359.61,7.84547,439.06,1398.95,21.5563,412.757,1411.77,,,,,,,,,,,,,-553.79,208.306,812.672,-521.842,256.852,827.795,-544.24,214.068,774.375,-512.632,261.634,789.197,-501.272,365.69,1637.4,-604.926,336.307,1614.81,-485.531,484.714,1648.27,-576.413,541.866,1629.59
1212,0,-70.1218,594.196,1319.46,-30.5662,517.354,1359.5,9.01851,439.803,1398.75,22.7124,413.585,1411.82,,,,,,,,,,,,,-553.839,208.295,812.659,-521.912,256.837,827.794,-544.311,214.044,774.353,-512.701,261.621,789.189,-501.313,365.706,1637.42,-605.325,336.327,1614.78,-485.564,484.703,1648.29,-576.445,541.896,1629.59
1213,0,-69.6309,594.64,1319.34,-29.7564,517.89,1359.33,10.0254,440.377,1398.6,23.634,414.011,1411.92,,,,,,,,,,,,,-553.883,208.276,812.646,-521.983,256.834,827.771,-544.378,214.043,774.358,-512.778,261.624,789.193,-501.324,365.73,1637.46,-605.023,336.278,1614.88,-485.598,484.74,1648.31,-576.478,541.92,1629.61
1214,0,-69.172,595.048,1319.18,-29.0539,518.317,1359.14,10.9806,440.929,1398.43,24.4951,414.67,1411.81,,,,,,,,,,,,,-553.952,208.236,812.656,-522.009,256.84,827.831,-544.438,214.095,774.333,-512.836,261.618,789.175,-501.369,365.752,1637.47,-605.04,336.257,1614.88,-485.628,484.745,1648.32,-576.495,541.943,1629.61
1215,0,-68.7542,595.337,1318.98,-28.4622,518.705,1358.92,11.79,441.358,1398.07,25.2628,415.044,1411.49,,,,,,,,,,,,,-553.995,208.23,812.601,-522.06,256.837,827.802,-544.47,214.032,774.358,-512.892,261.617,789.158,-501.401,365.754,1637.48,-605.443,336.354,1614.94,-485.665,484.779,1648.3,-576.534,541.968,1629.61
1216,0,-68.3974,595.581,1318.81,-27.9365,519.017,1358.67,12.479,441.697,1397.72,25.7107,415.291,1411.3,,,,,,,,,,,,,-554.046,208.208,812.635,-522.089,256.84,827.8,-544.545,214.06,774.337,-512.941,261.587,789.166,-501.423,365.784,1637.49,-605.109,336.363,1614.9,-485.69,484.802,1648.32,-576.569,541.987,1629.6
1217,0,-68.0395,595.834,1318.61,-27.4515,519.282,1358.35,13.1513,441.91,1397.31,26.1938,415.043,1411.1,,,,,,,,,,,,,-554.091,208.192,812.629,-522.114,256.815,827.779,-544.569,214.086,774.296,-512.99,261.58,789.163,-501.435,365.801,1637.5,-605.109,336.401,1614.86,-485.715,484.825,1648.34,-576.583,542.013,1629.61
1218,0,-67.802,595.903,1318.38,-27.0599,519.493,1358.09,13.6297,442.138,1396.94,26.9595,415.246,1410.58,,,,,,,,,,,,,-554.172,208.143,812.715,-522.177,256.794,827.794,-544.746,213.773,774.31,-513.023,261.557,789.144,-501.459,365.827,1637.51,-605.442,336.485,1614.81,-485.737,484.874,1648.34,-576.623,542.033,1629.6
1219,0,-67.5081,596.067,1318.17,-26.7047,519.664,1357.87,14.0706,442.293,1396.59,27.3852,415.718,1410.16,,,,,,,,,,,,,-554.222,208.14,812.714,-522.196,256.776,827.776,-544.643,214.074,774.292,-513.053,261.531,789.18,-501.485,365.851,1637.52,-605.131,336.437,1614.86,-485.771,484.895,1648.36,-576.66,542.058,1629.6
1220,0,-67.2198,596.205,1317.97,-26.3017,519.819,1357.59,14.4838,442.42,1396.27,27.7946,415.821,1409.92,,,,,,,,,,,,,-554.231,208.124,812.716,-522.198,256.773,827.76,-544.755,213.891,774.278,-513.081,261.535,789.161,-501.49,365.888,1637.52,-605.692,336.497,1614.9,-485.798,484.94,1648.37,-576.672,542.089,1629.6
1221,0,-66.9503,596.318,1317.77,-25.9101,519.922,1357.34,14.9741,442.609,1395.91,28.2674,415.931,1409.57,,,,,,,,,,,,,-554.25,208.119,812.704,-522.233,256.752,827.786,-544.69,214.063,774.29,-513.109,261.502,789.196,-501.527,365.907,1637.55,-605.267,336.51,1615.01,-485.844,484.981,1648.39,-576.722,542.114,1629.6
1222,0,-66.6956,596.398,1317.61,-25.5223,520.029,1357.1,15.491,442.762,1395.59,28.6777,416.156,1409.09,,,,,,,,,,,,,-554.262,208.106,812.716,-522.279,256.739,827.784,-544.828,213.783,774.311,-513.14,261.483,789.201,-501.513,365.917,1637.57,-605.265,336.533,1614.98,-485.876,485.013,1648.38,-576.754,542.149,1629.59
1223,0,-66.4327,596.475,1317.44,-25.1723,520.099,1356.86,16.0202,442.858,1395.19,29.4503,416.03,1408.72,,,,,,,,,,,,,-554.282,208.092,812.722,-522.26,256.752,827.769,-544.843,213.802,774.316,-513.143,261.487,789.181,-501.543,365.988,1637.57,-605.635,336.578,1615.05,-485.912,485.056,1648.4,-576.784,542.157,1629.59
1224,0,-66.23,596.489,1317.28,-24.8778,520.152,1356.58,16.4713,442.883,1394.88,29.7193,416.128,1408.6,,,,,,,,,,,,,-554.29,208.086,812.74,-522.285,256.731,827.817,-544.84,213.842,774.336,-513.165,261.471,789.225,-501.572,365.986,1637.61,-605.27,336.481,1615.08,-485.976,485.09,1648.44,-576.822,542.179,1629.6
1225,0,-66.0285,596.483,1317.1,-24.6043,520.16,1356.29,16.8496,442.896,1394.51,30.3346,416.046,1407.97,,,,,,,,,,,,,-554.3,208.08,812.732,-522.294,256.723,827.829,-544.878,213.798,774.338,-513.175,261.484,789.221,-501.577,366.02,1637.61,-605.58,336.543,1615,-486.001,485.14,1648.44,-576.85,542.209,1629.59
1226,0,-65.8314,596.536,1317.07,-24.4002,520.174,1356.18,17.0845,442.921,1394.4,30.5821,416.06,1407.88,,,,,,,,,,,,,-554.303,208.085,812.758,-522.283,256.741,827.816,-544.887,213.758,774.356,-513.163,261.485,789.238,-501.576,366.046,1637.65,-605.766,336.636,1615.07,-486.06,485.174,1648.45,-576.896,542.22,1629.59
1227,0,-65.7359,596.544,1317.07,-24.3068,520.198,1356.25,17.1585,442.963,1394.5,30.6883,416.112,1408.02,,,,,,,,,,,,,-554.303,208.094,812.779,-522.28,256.745,827.85,-544.9,213.771,774.374,-513.17,261.479,789.256,-501.604,366.071,1637.7,-605.336,336.596,1615.14,-486.132,485.239,1648.48,-576.937,542.257,1629.59
1228,0,-65.6549,596.52,1317.07,-24.2302,520.179,1356.29,17.2076,442.951,1394.56,30.7393,416.087,1408.12,,,,,,,,,,,,,-554.29,208.117,812.791,-522.289,256.737,827.85,-544.891,213.717,774.369,-513.165,261.498,789.275,-501.629,366.115,1637.71,-605.673,336.649,1615.02,-486.183,485.282,1648.49,-576.97,542.276,1629.58
1229,0,-65.5661,596.495,1317.08,-24.149,520.141,1356.32,17.2679,442.926,1394.58,30.8121,416.041,1408.18,,,,,,,,,,,,,-554.277,208.109,812.794,-522.258,256.761,827.86,-544.968,213.553,774.393,-513.144,261.488,789.293,-501.641,366.173,1637.72,-605.656,336.644,1615.19,-486.228,485.323,1648.52,-577.006,542.294,1629.58
1230,0,-65.4994,596.44,1317.1,-24.0412,520.093,1356.34,17.3868,442.886,1394.6,30.9873,416.003,1408.21,,,,,,,,,,,,,-554.263,208.149,812.764,-522.276,256.761,827.908,-544.904,213.735,774.369,-513.137,261.514,789.299,-501.661,366.191,1637.78,-605.384,336.64,1615.18,-486.278,485.356,1648.55,-577.052,542.309,1629.58
1231,0,-65.3875,596.386,1317.12,-23.8918,520.041,1356.34,17.5544,442.874,1394.61,31.0226,415.982,1408.41,,,,,,,,,,,,,-554.281,208.148,812.796,-522.228,256.77,827.881,-544.969,213.534,774.389,-513.106,261.532,789.301,-501.665,366.232,1637.79,-605.406,336.664,1615.19,-486.313,485.385,1648.55,-577.088,542.34,1629.57
1232,0,-65.2792,596.341,1317.16,-23.7409,520.014,1356.38,17.7799,442.863,1394.63,31.3361,416.017,1408.3,,,,,,,,,,,,,-554.227,208.184,812.717,-522.238,256.791,827.868,-544.734,214.075,774.364,-513.108,261.543,789.271,-501.689,366.26,1637.82,-605.432,336.657,1615.21,-486.36,485.418,1648.58,-577.135,542.366,1629.58
1233,0,-65.1418,596.3,1317.2,-23.5192,519.985,1356.4,18.0644,442.876,1394.68,31.693,416.25,1408.02,,,,,,,,,,,,,-554.205,208.199,812.733,-522.226,256.791,827.871,-544.707,214.144,774.361,-513.091,261.544,789.315,-501.72,366.282,1637.86,-605.777,336.723,1615.17,-486.411,485.458,1648.6,-577.164,542.38,1629.59
1234,0,-64.9782,596.269,1317.25,-23.2816,519.972,1356.42,18.3566,442.929,1394.71,32.1148,416.086,1408.23,,,,,,,,,,,,,-554.204,208.207,812.725,-522.201,256.802,827.846,-544.686,214.138,774.342,-513.066,261.578,789.237,-501.721,366.32,1637.86,-605.799,336.769,1615.21,-486.438,485.5,1648.61,-577.192,542.399,1629.58
1235,0,-64.8168,596.256,1317.31,-23.0528,520,1356.51,18.667,443,1394.76,32.3727,416.234,1408.26,,,,,,,,,,,,,-554.173,208.22,812.699,-522.207,256.832,827.859,-544.676,214.147,774.337,-513.066,261.581,789.259,-501.75,366.332,1637.92,-605.477,336.682,1615.24,-486.521,485.544,1648.62,-577.25,542.428,1629.6
1236,0,-64.6659,596.292,1317.36,-22.8403,520.018,1356.6,18.9877,443.124,1394.88,32.6851,416.305,1408.43,,,,,,,,,,,,,-554.188,208.266,812.7,-522.196,256.828,827.832,-544.669,214.178,774.34,-513.052,261.604,789.277,-501.776,366.36,1637.94,-605.849,336.783,1615.18,-486.568,485.596,1648.66,-577.266,542.445,1629.6
1237,0,-64.5405,596.282,1317.44,-22.6541,520.06,1356.69,19.2069,443.216,1395.04,32.7047,416.419,1408.72,,,,,,,,,,,,,-554.172,208.283,812.683,-522.174,256.885,827.835,-544.656,214.209,774.307,-513.024,261.629,789.232,-501.778,366.38,1637.98,-605.817,336.698,1615.36,-486.6,485.618,1648.68,-577.303,542.469,1629.6
1238,0,-64.4137,596.215,1317.47,-22.5136,520.063,1356.78,19.3464,443.251,1395.16,32.7978,416.479,1408.88,,,,,,,,,,,,,-554.167,208.297,812.667,-522.184,256.894,827.809,-544.656,214.211,774.306,-513.005,261.634,789.216,-501.818,366.397,1638.03,-606.01,336.77,1615.3,-486.65,485.646,1648.71,-577.356,542.489,1629.62
1239,0,-64.3485,596.018,1317.42,-22.4029,520.039,1356.85,19.4458,443.239,1395.25,32.8693,416.48,1409.01,,,,,,,,,,,,,-554.155,208.317,812.64,-522.175,256.908,827.81,-544.868,213.779,774.255,-512.999,261.659,789.262,-501.846,366.423,1638.06,-605.977,336.84,1615.22,-486.673,485.67,1648.74,-577.392,542.496,1629.63
1240,0,-64.2691,595.973,1317.43,-22.321,520.007,1356.88,19.5226,443.19,1395.34,32.9515,416.435,1409.08,,,,,,,,,,,,,-554.176,208.374,812.651,-522.165,256.938,827.782,-544.648,214.263,774.279,-512.998,261.685,789.197,-501.868,366.492,1638.09,-605.503,336.803,1615.32,-486.703,485.704,1648.77,-577.411,542.51,1629.64
1241,0,-64.2022,595.928,1317.43,-22.2548,519.96,1356.88,19.5915,443.136,1395.36,33.0539,416.393,1409.11,,,,,,,,,,,,,-554.183,208.4,812.617,-522.174,256.98,827.766,-544.664,214.289,774.23,-513.021,261.692,789.208,-501.901,366.5,1638.15,-605.831,336.794,1615.29,-486.743,485.729,1648.79,-577.461,542.514,1629.65
1242,0,-64.1249,595.893,1317.42,-22.1608,519.927,1356.88,19.672,443.09,1395.37,33.281,416.294,1408.99,,,,,,,,,,,,,-554.196,208.444,812.583,-522.185,257.003,827.722,-544.916,213.782,774.161,-513.023,261.74,789.191,-501.905,366.557,1638.15,-605.901,336.891,1615.23,-486.759,485.751,1648.83,-577.475,542.537,1629.66
1243,0,-64.0394,595.872,1317.43,-22.0799,519.919,1356.87,19.7607,443.072,1395.37,33.3677,416.238,1409,,,,,,,,,,,,,-554.203,208.478,812.582,-522.193,257.051,827.703,-544.927,213.819,774.129,-513.031,261.787,789.159,-501.918,366.575,1638.2,-605.984,336.813,1615.35,-486.784,485.761,1648.84,-577.497,542.536,1629.67
1244,0,-63.9876,595.857,1317.45,-22.0196,519.898,1356.87,19.8404,443.049,1395.34,33.4413,416.22,1409.01,,,,,,,,,,,,,-554.203,208.523,812.559,-522.244,257.099,827.686,-544.974,213.855,774.115,-513.067,261.823,789.137,-501.929,366.598,1638.24,-605.902,336.898,1615.25,-486.81,485.786,1648.87,-577.557,542.554,1629.7
1245,0,-63.8949,595.829,1317.43,-21.9488,519.86,1356.86,19.932,443.001,1395.29,33.533,416.131,1409.03,,,,,,,,,,,,,-554.242,208.559,812.541,-522.218,257.122,827.673,-544.965,213.86,774.112,-513.073,261.853,789.14,-501.931,366.625,1638.24,-605.922,336.901,1615.3,-486.802,485.801,1648.89,-577.555,542.552,1629.69
1246,0,-63.8442,595.804,1317.42,-21.9123,519.832,1356.8,19.9895,442.935,1395.2,33.5952,416.058,1408.96,,,,,,,,,,,,,-554.258,208.603,812.495,-522.273,257.182,827.637,-544.984,213.858,774.099,-513.1,261.924,789.132,-501.924,366.659,1638.26,-605.965,336.854,1615.31,-486.818,485.829,1648.89,-577.582,542.555,1629.71
1247,0,-63.7969,595.782,1317.4,-21.8717,519.774,1356.73,20.0307,442.833,1395.05,33.5813,415.997,1408.75,,,,,,,,,,,,,-554.296,208.667,812.493,-522.293,257.2,827.652,-545.027,213.879,774.054,-513.118,261.96,789.102,-501.923,366.677,1638.27,-605.983,336.9,1615.26,-486.836,485.839,1648.9,-577.617,542.577,1629.73
1248,0,-63.7373,595.754,1317.35,-21.8344,519.705,1356.6,20.0514,442.723,1394.84,33.6048,415.854,1408.6,,,,,,,,,,,,,-554.325,208.711,812.426,-522.328,257.238,827.615,-545.074,213.819,774.028,-513.16,261.992,789.075,-501.895,366.709,1638.27,-605.482,336.802,1615.37,-486.84,485.862,1648.91,-577.616,542.57,1629.72
1249,0,-63.7111,595.739,1317.31,-21.8096,519.649,1356.49,20.0734,442.627,1394.67,33.46,415.856,1408.42,,,,,,,,,,,,,-554.364,208.767,812.456,-522.351,257.273,827.601,-545.13,213.782,774.036,-513.185,262.036,789.052,-501.903,366.722,1638.3,-605.907,336.882,1615.3,-486.854,485.887,1648.94,-577.653,542.584,1629.73
1250,0,-63.6825,595.733,1317.28,-21.7652,519.602,1356.41,20.1138,442.558,1394.5,33.5991,415.755,1408.19,,,,,,,,,,,,,-554.497,208.555,812.682,-522.358,257.332,827.582,-545.164,213.844,774.013,-513.214,262.115,789.033,-501.9,366.732,1638.32,-605.492,336.778,1615.47,-486.866,485.928,1648.93,-577.687,542.596,1629.75
1251,0,-63.6521,595.706,1317.32,-21.7464,519.594,1356.42,20.121,442.536,1394.52,33.5946,415.73,1408.21,,,,,,,,,,,,,-554.541,208.599,812.632,-522.394,257.392,827.54,-545.203,213.769,773.971,-513.234,262.165,788.997,-501.886,366.775,1638.32,-605.72,336.91,1615.31,-486.85,485.926,1648.97,-577.676,542.585,1629.73
1252,0,-63.6643,595.712,1317.39,-21.7469,519.59,1356.48,20.1343,442.538,1394.57,33.6142,415.743,1408.25,,,,,,,,,,,,,-554.592,208.629,812.618,-522.441,257.416,827.453,-545.32,213.735,773.983,-513.293,262.21,788.96,-501.883,366.776,1638.38,-605.869,336.861,1615.38,-486.865,485.957,1648.99,-577.706,542.594,1629.75
1253,0,-63.6483,595.705,1317.41,-21.7319,519.586,1356.49,20.1521,442.527,1394.56,33.6596,415.7,1408.24,,,,,,,,,,,,,-554.521,208.938,812.322,-522.491,257.436,827.443,-545.394,213.733,773.929,-513.341,262.252,788.913,-501.87,366.804,1638.4,-605.74,336.801,1615.5,-486.875,485.97,1649.01,-577.738,542.615,1629.76
1254,0,-63.6334,595.693,1317.47,-21.7358,519.584,1356.52,20.1478,442.507,1394.58,33.6144,415.668,1408.31,,,,,,,,,,,,,-554.653,208.7,812.494,-522.48,257.548,827.38,-545.414,213.696,773.898,-513.337,262.276,788.876,-501.83,366.821,1638.43,-605.336,336.832,1615.43,-486.875,485.998,1649.03,-577.747,542.611,1629.76
1255,0,-63.6521,595.71,1317.52,-21.7565,519.575,1356.57,20.1289,442.492,1394.6,33.557,415.664,1408.33,,,,,,,,,,,,,-554.607,209.029,812.146,-522.498,257.575,827.33,-545.524,213.666,773.825,-513.398,262.319,788.832,-501.838,366.852,1638.44,-605.371,336.772,1615.5,-486.879,486.006,1649.07,-577.778,542.613,1629.78
1256,0,-63.6512,595.737,1317.55,-21.7682,519.585,1356.59,20.1116,442.488,1394.61,33.5175,415.64,1408.39,,,,,,,,,,,,,-554.557,209.13,811.978,-522.545,257.639,827.238,-545.66,213.485,773.802,-513.421,262.397,788.794,-501.802,366.866,1638.46,-605.302,336.803,1615.47,-486.89,486.02,1649.06,-577.784,542.603,1629.77
1257,0,-63.6345,595.779,1317.59,-21.7479,519.613,1356.61,20.1146,442.507,1394.6,33.4995,415.675,1408.4,,,,,,,,,,,,,-554.687,209.141,812.094,-522.573,257.733,827.162,-545.659,213.573,773.755,-513.459,262.441,788.731,-501.773,366.865,1638.46,-605.607,336.754,1615.48,-486.888,486.053,1649.07,-577.789,542.59,1629.76
1258,0,-63.6117,595.852,1317.63,-21.7356,519.655,1356.65,20.1454,442.546,1394.63,33.5057,415.713,1408.42,,,,,,,,,,,,,-554.695,209.151,812.053,-522.615,257.776,827.157,-545.589,213.71,773.757,-513.486,262.485,788.696,-501.761,366.879,1638.49,-605.232,336.779,1615.44,-486.883,486.055,1649.08,-577.813,542.593,1629.78
1259,0,-63.5753,595.901,1317.67,-21.6934,519.694,1356.66,20.1881,442.59,1394.64,33.5308,415.774,1408.39,,,,,,,,,,,,,-554.684,209.18,811.983,-522.607,257.811,827.095,-545.626,213.709,773.783,-513.482,262.533,788.669,-501.719,366.889,1638.48,-605.166,336.739,1615.4,-486.872,486.07,1649.08,-577.792,542.573,1629.76
1260,0,-63.5721,595.947,1317.7,-21.6787,519.735,1356.69,20.2128,442.626,1394.66,33.5133,415.842,1408.43,,,,,,,,,,,,,-554.673,209.254,811.925,-522.627,257.864,827.078,-545.593,213.788,773.76,-513.49,262.569,788.639,-501.68,366.897,1638.48,-605.21,336.724,1615.53,-486.98,485.979,1648.96,-577.808,542.568,1629.76
1261,0,-63.5874,595.964,1317.72,-21.6815,519.75,1356.71,20.2171,442.651,1394.67,33.5163,415.855,1408.47,,,,,,,,,,,,,-554.685,209.293,811.887,-522.666,257.854,827.059,-545.622,213.742,773.734,-513.509,262.592,788.59,-501.658,366.893,1638.48,-605.498,336.804,1615.5,-486.889,486.063,1649.07,-577.828,542.567,1629.79
1262,0,-63.5808,595.972,1317.75,-21.6938,519.752,1356.71,20.1986,442.629,1394.66,33.4299,415.777,1408.65,,,,,,,,,,,,,-554.812,208.962,812.201,-522.643,257.915,827.002,-545.607,213.77,773.706,-513.519,262.617,788.515,-501.608,366.89,1638.48,-605.517,336.761,1615.42,-486.956,485.992,1648.97,-577.798,542.533,1629.76
1263,0,-63.5934,595.99,1317.76,-21.7112,519.749,1356.72,20.1761,442.61,1394.64,33.4321,415.84,1408.48,,,,,,,,,,,,,-554.79,208.975,812.14,-522.649,257.93,826.977,-545.609,213.723,773.7,-513.506,262.624,788.521,-501.587,366.882,1638.48,-605.048,336.624,1615.45,-486.961,485.986,1648.98,-577.818,542.513,1629.76
1264,0,-63.5961,596.015,1317.79,-21.7169,519.77,1356.72,20.1685,442.633,1394.64,33.4242,415.808,1408.52,,,,,,,,,,,,,-554.786,208.971,812.08,-522.656,257.922,826.953,-545.606,213.761,773.652,-513.501,262.622,788.463,-501.558,366.867,1638.48,-605.381,336.649,1615.45,-486.957,485.968,1648.99,-577.831,542.499,1629.78
1265,0,-63.5668,596.068,1317.79,-21.6858,519.821,1356.72,20.1897,442.661,1394.65,33.4139,415.835,1408.57,,,,,,,,,,,,,-554.665,209.318,811.695,-522.643,257.924,826.906,-545.664,213.63,773.677,-513.496,262.691,788.358,-501.526,366.852,1638.48,-605.375,336.667,1615.33,-486.938,485.964,1648.99,-577.815,542.469,1629.78
1266,0,-63.5433,596.129,1317.82,-21.6441,519.881,1356.74,20.2185,442.722,1394.65,33.4373,415.94,1408.48,,,,,,,,,,,,,-554.677,209.331,811.642,-522.625,257.922,826.873,-545.621,213.761,773.611,-513.464,262.633,788.34,-501.511,366.842,1638.48,-604.924,336.568,1615.43,-486.839,486.004,1649.1,-577.828,542.442,1629.79
1267,0,-63.4971,596.209,1317.83,-21.5976,519.959,1356.75,20.2806,442.78,1394.67,33.4825,415.998,1408.49,,,,,,,,,,,,,-554.66,209.351,811.581,-522.6,257.887,826.872,-545.612,213.743,773.607,-513.439,262.624,788.298,-501.475,366.814,1638.49,-604.901,336.536,1615.43,-486.933,485.918,1649,-577.828,542.411,1629.79
1268,0,-63.4669,596.283,1317.85,-21.5374,520.036,1356.77,20.3473,442.855,1394.66,33.589,416.057,1408.5,,,,,,,,,,,,,-554.627,209.351,811.536,-522.574,257.883,826.846,-545.597,213.8,773.59,-513.423,262.655,788.255,-501.445,366.785,1638.48,-604.849,336.516,1615.39,-486.913,485.886,1649,-577.819,542.394,1629.79
1269,0,-63.4376,596.355,1317.88,-21.5066,520.102,1356.8,20.4001,442.943,1394.71,33.7104,416.104,1408.44,,,,,,,,,,,,,-554.63,209.346,811.534,-522.529,257.856,826.827,-545.533,213.854,773.559,-513.391,262.662,788.214,-501.43,366.745,1638.48,-604.859,336.604,1615.29,-486.918,485.859,1648.99,-577.805,542.344,1629.79
1270,0,-63.4077,596.388,1317.89,-21.4678,520.159,1356.83,20.4605,443.019,1394.74,33.9343,416.116,1408.32,,,,,,,,,,,,,-554.611,209.346,811.494,-522.487,257.863,826.793,-545.557,213.8,773.508,-513.354,262.643,788.185,-501.387,366.71,1638.48,-605.185,336.46,1615.33,-486.901,485.823,1649,-577.794,542.309,1629.8
1271,0,-63.3805,596.408,1317.89,-21.4444,520.192,1356.86,20.4777,443.064,1394.79,33.8352,416.164,1408.53,,,,,,,,,,,,,-554.569,209.349,811.464,-522.454,257.834,826.751,-545.508,213.804,773.435,-513.312,262.641,788.158,-501.366,366.66,1638.46,-605.151,336.503,1615.23,-486.874,485.776,1649,-577.765,542.263,1629.8
1272,0,-63.4285,596.408,1317.94,-21.4724,520.19,1356.87,20.4534,443.055,1394.79,33.8472,416.162,1408.53,,,,,,,,,,,,,-554.547,209.355,811.414,-522.4,257.809,826.736,-545.416,213.856,773.389,-513.25,262.568,788.185,-501.355,366.621,1638.44,-604.747,336.441,1615.26,-486.855,485.726,1649,-577.747,542.217,1629.79
1273,0,-63.4511,596.404,1317.94,-21.4949,520.182,1356.88,20.4305,443.062,1394.82,33.9413,416.11,1408.41,,,,,,,,,,,,,-554.503,209.377,811.413,-522.374,257.803,826.695,-545.399,213.801,773.357,-513.212,262.556,788.169,-501.329,366.593,1638.42,-605.135,336.406,1615.24,-486.852,485.691,1648.99,-577.739,542.173,1629.79
1274,0,-63.4566,596.389,1317.93,-21.4948,520.17,1356.88,20.4215,443.051,1394.82,33.8974,416.123,1408.44,,,,,,,,,,,,,-554.473,209.369,811.401,-522.306,257.824,826.696,-545.386,213.729,773.313,-513.163,262.539,788.124,-501.285,366.544,1638.4,-604.782,336.285,1615.42,-486.836,485.647,1648.98,-577.721,542.133,1629.8
1275,0,-63.459,596.391,1317.94,-21.501,520.172,1356.88,20.4248,443.048,1394.81,33.9161,416.163,1408.36,,,,,,,,,,,,,-554.458,209.375,811.379,-522.265,257.803,826.671,-545.411,213.61,773.3,-513.107,262.508,788.134,-501.277,366.487,1638.4,-604.674,336.285,1615.21,-486.821,485.582,1648.98,-577.719,542.09,1629.82
1276,0,-63.4697,596.393,1317.94,-21.5044,520.169,1356.87,20.4329,443.043,1394.81,33.8816,416.128,1408.42,,,,,,,,,,,,,-554.426,209.399,811.317,-522.212,257.812,826.655,-545.296,213.755,773.248,-513.064,262.49,788.103,-501.28,366.434,1638.37,-604.691,336.216,1615.25,-486.798,485.546,1648.97,-577.702,542.051,1629.82
1277,0,-63.4793,596.399,1317.93,-21.5093,520.173,1356.87,20.4266,443.059,1394.81,33.7642,416.194,1408.53,,,,,,,,,,,,,-554.595,209.271,811.625,-522.178,257.792,826.628,-545.222,213.975,773.074,-513.032,262.484,788.089,-501.295,366.372,1638.35,-604.609,336.096,1615.26,-486.786,485.478,1648.97,-577.655,541.988,1629.81
1278,0,-63.5045,596.406,1317.93,-21.5244,520.181,1356.87,20.4346,443.06,1394.81,33.933,416.128,1408.4,,,,,,,,,,,,,-554.354,209.42,811.251,-522.129,257.781,826.602,-545.263,213.847,773.054,-512.997,262.499,788.064,-501.283,366.315,1638.34,-604.586,336.072,1615.21,-486.78,485.412,1648.97,-577.643,541.94,1629.82
1279,0,-63.4968,596.4,1317.94,-21.5106,520.18,1356.87,20.4449,443.057,1394.81,33.8021,416.161,1408.56,,,,,,,,,,,,,-554.518,209.332,811.495,-522.086,257.836,826.534,-545.228,213.865,773.016,-512.977,262.514,788.032,-501.289,366.237,1638.32,-604.623,336.076,1615.15,-486.776,485.344,1648.98,-577.616,541.888,1629.82
1280,0,-63.5331,596.387,1317.97,-21.5356,520.166,1356.89,20.4348,443.053,1394.83,33.7682,416.189,1408.53,,,,,,,,,,,,,-554.486,209.342,811.478,-522.055,257.846,826.509,-545.197,213.803,772.95,-512.932,262.512,788.013,-501.296,366.186,1638.31,-604.594,336.011,1615.11,-486.771,485.299,1648.97,-577.605,541.818,1629.85
1281,0,-63.5711,596.368,1318,-21.5589,520.155,1356.92,20.4138,443.045,1394.82,33.9267,416.121,1408.4,,,,,,,,,,,,,-554.258,209.448,811.176,-522.008,257.86,826.489,-545.111,213.941,772.942,-512.897,262.518,788.012,-501.283,366.118,1638.29,-604.999,336.054,1615.1,-486.746,485.24,1648.98,-577.583,541.767,1629.85
1282,0,-63.6196,596.357,1318.04,-21.5853,520.141,1356.94,20.4148,443.033,1394.82,33.9097,416.119,1408.41,,,,,,,,,,,,,-554.222,209.467,811.144,-521.977,257.863,826.417,-545.1,213.904,772.887,-512.87,262.486,788.017,-501.283,366.051,1638.28,-604.582,335.987,1615.1,-486.725,485.173,1649,-577.544,541.691,1629.87
1283,0,-63.6527,596.332,1318.07,-21.6079,520.11,1356.97,20.4194,443,1394.83,33.9369,416.077,1408.41,,,,,,,,,,,,,-554.211,209.484,811.169,-521.972,257.886,826.404,-545.046,213.992,772.9,-512.85,262.505,787.998,-501.281,365.985,1638.27,-604.6,335.913,1615.12,-486.698,485.11,1648.99,-577.524,541.635,1629.88
1284,0,-63.7163,596.304,1318.11,-21.6388,520.078,1356.99,20.4095,442.98,1394.82,33.7796,416.085,1408.59,,,,,,,,,,,,,-554.173,209.491,811.133,-521.933,257.859,826.403,-545.034,213.997,772.867,-512.842,262.533,787.964,-501.291,365.915,1638.25,-604.974,335.935,1615.05,-486.678,485.039,1649,-577.512,541.572,1629.9
1285,0,-63.7673,596.27,1318.16,-21.6698,520.047,1357.01,20.384,442.953,1394.82,33.901,416.032,1408.41,,,,,,,,,,,,,-554.133,209.512,811.088,-521.922,257.875,826.341,-545.06,213.914,772.829,-512.842,262.567,787.919,-501.288,365.868,1638.24,-605.035,335.911,1615,-486.679,484.972,1649.01,-577.488,541.515,1629.92
1286,0,-63.8175,596.252,1318.19,-21.7203,520.029,1357.03,20.3379,442.918,1394.82,33.9016,416.015,1408.38,,,,,,,,,,,,,-554.147,209.528,811.056,-521.903,257.944,826.321,-545.033,213.916,772.789,-512.82,262.574,787.925,-501.289,365.806,1638.23,-604.958,335.842,1615.05,-486.648,484.912,1649.02,-577.467,541.458,1629.91
1287,0,-63.8558,596.243,1318.23,-21.7543,520.018,1357.05,20.3111,442.89,1394.81,33.8677,415.975,1408.4,,,,,,,,,,,,,-554.129,209.525,811.094,-521.904,257.931,826.315,-545.063,213.866,772.77,-512.816,262.58,787.907,-501.288,365.745,1638.23,-604.589,335.715,1615.11,-486.64,484.851,1649.04,-577.458,541.405,1629.93
1288,0,-63.8726,596.242,1318.24,-21.7804,520.021,1357.06,20.2937,442.898,1394.84,33.8295,415.981,1408.41,,,,,,,,,,,,,-554.136,209.55,811.074,-521.894,257.973,826.261,-545.061,213.874,772.768,-512.82,262.673,787.834,-501.269,365.692,1638.25,-604.988,335.744,1615.08,-486.593,484.819,1649.03,-577.426,541.347,1629.93
1289,0,-63.8843,596.26,1318.28,-21.7862,520.044,1357.07,20.273,442.919,1394.87,33.684,416.09,1408.48,,,,,,,,,,,,,-554.103,209.572,811.05,-521.875,258.002,826.216,-545.013,214,772.75,-512.822,262.678,787.822,-501.257,365.636,1638.25,-604.592,335.632,1615.13,-486.59,484.79,1649.05,-577.429,541.313,1629.94
1290,0,-63.8755,596.289,1318.26,-21.7842,520.083,1357.06,20.2853,442.951,1394.82,33.744,416.081,1408.5,,,,,,,,,,,,,-554.111,209.608,811.03,-521.888,258.048,826.161,-545.09,213.832,772.747,-512.836,262.738,787.775,-501.232,365.607,1638.26,-604.925,335.564,1615.08,-486.561,484.736,1649.07,-577.422,541.265,1629.96
1291,0,-63.8731,596.318,1318.27,-21.7644,520.106,1357.08,20.3151,442.979,1394.84,33.6864,416.132,1408.52,,,,,,,,,,,,,-554.302,209.548,811.276,-521.874,258.064,826.164,-544.999,214.047,772.712,-512.834,262.754,787.768,-501.219,365.568,1638.28,-604.748,335.507,1615.14,-486.547,484.678,1649.09,-577.407,541.225,1629.97
1292,0,-63.874,596.35,1318.28,-21.7323,520.144,1357.08,20.3303,443.017,1394.87,33.7488,416.159,1408.49,,,,,,,,,,,,,-554.132,209.664,811.029,-521.89,258.098,826.093,-545.013,214.094,772.73,-512.833,262.767,787.727,-501.218,365.53,1638.3,-604.879,335.543,1615.03,-486.537,484.657,1649.1,-577.407,541.198,1629.99
1293,0,-63.8724,596.365,1318.26,-21.7406,520.171,1357.08,20.339,443.056,1394.87,33.8764,416.111,1408.43,,,,,,,,,,,,,-554.162,209.682,810.982,-521.903,258.125,826.055,-545,214.145,772.712,-512.87,262.802,787.704,-501.202,365.487,1638.32,-604.859,335.404,1615.11,-486.53,484.614,1649.13,-577.384,541.161,1630
1294,0,-63.8909,596.364,1318.25,-21.7517,520.18,1357.07,20.3316,443.057,1394.87,33.8421,416.17,1408.39,,,,,,,,,,,,,-554.188,209.693,810.961,-521.905,258.163,825.999,-545.064,214.104,772.597,-512.882,262.769,787.718,-501.187,365.438,1638.34,-604.451,335.366,1615.1,-486.508,484.592,1649.14,-577.371,541.132,1630.03
1295,0,-63.9007,596.368,1318.25,-21.7647,520.185,1357.07,20.3174,443.069,1394.86,33.838,416.155,1408.4,,,,,,,,,,,,,-554.182,209.724,810.925,-521.919,258.189,825.966,-545.062,214.13,772.6,-512.897,262.855,787.597,-501.175,365.413,1638.33,-604.867,335.359,1615.04,-486.506,484.562,1649.14,-577.357,541.093,1630.05
1296,0,-63.9136,596.367,1318.23,-21.7813,520.175,1357.05,20.3117,443.068,1394.84,33.6994,416.212,1408.52,,,,,,,,,,,,,-554.236,209.727,810.908,-521.955,258.202,825.922,-545.068,214.232,772.559,-512.938,262.889,787.575,-501.155,365.383,1638.34,-604.836,335.335,1615.03,-486.475,484.526,1649.15,-577.313,541.051,1630.04
1297,0,-63.9159,596.36,1318.19,-21.7982,520.171,1357.04,20.2811,443.062,1394.84,33.7998,416.18,1408.36,,,,,,,,,,,,,-554.29,209.734,810.854,-521.99,258.201,825.896,-545.144,214.139,772.574,-512.951,262.888,787.547,-501.135,365.351,1638.35,-604.841,335.26,1615.07,-486.428,484.497,1649.17,-577.299,541.016,1630.05
1298,0,-63.9126,596.362,1318.16,-21.8044,520.174,1357.01,20.2674,443.069,1394.81,33.7694,416.193,1408.38,,,,,,,,,,,,,-554.313,209.719,810.839,-522.034,258.197,825.885,-545.07,214.351,772.53,-512.933,262.386,787.91,-501.097,365.311,1638.35,-604.817,335.291,1615.05,-486.402,484.44,1649.18,-577.265,540.988,1630.06
1299,0,-63.8933,596.379,1318.11,-21.7921,520.2,1356.98,20.2719,443.098,1394.79,33.7658,416.218,1408.35,,,,,,,,,,,,,-554.359,209.736,810.821,-522.035,258.239,825.868,-545.255,214.058,772.521,-512.955,262.374,787.925,-501.089,365.283,1638.35,-604.376,335.122,1615.14,-486.388,484.414,1649.18,-577.241,540.952,1630.06
1300,0,-63.8696,596.409,1318.06,-21.7644,520.223,1356.93,20.2923,443.128,1394.76,33.6759,416.272,1408.47,,,,,,,,,,,,,-554.407,209.751,810.786,-522.102,258.259,825.832,-545.133,214.354,772.536,-513.061,262.796,787.583,-501.058,365.246,1638.36,-604.363,335.093,1615.15,-486.348,484.363,1649.21,-577.221,540.924,1630.07
1301,0,-63.86,596.443,1318.01,-21.735,520.271,1356.88,20.3258,443.182,1394.74,33.7264,416.331,1408.41,,,,,,,,,,,,,-554.431,209.784,810.724,-522.128,258.299,825.819,-545.413,213.831,772.544,-513.069,262.753,787.573,-501.025,365.211,1638.36,-604.75,335.079,1615.11,-486.335,484.323,1649.22,-577.191,540.902,1630.08
1302,0,-63.8478,596.481,1317.96,-21.7099,520.324,1356.84,20.3608,443.24,1394.71,33.7733,416.4,1408.4,,,,,,,,,,,,,-554.428,209.796,810.678,-522.184,258.306,825.772,-545.452,213.831,772.474,-513.103,262.781,787.562,-500.987,365.185,1638.36,-604.75,335.113,1615.08,-486.301,484.309,1649.22,-577.153,540.871,1630.08
1303,0,-63.8527,596.513,1317.94,-21.6984,520.376,1356.8,20.3665,443.294,1394.69,33.7619,416.425,1408.41,,,,,,,,,,,,,-554.468,209.813,810.635,-522.225,258.313,825.757,-545.497,213.821,772.502,-513.143,262.773,787.518,-500.982,365.162,1638.35,-604.722,335.096,1615.08,-486.264,484.27,1649.21,-577.099,540.843,1630.08
1304,0,-63.872,596.524,1317.89,-21.6976,520.398,1356.76,20.379,443.329,1394.64,33.8018,416.468,1408.34,,,,,,,,,,,,,-554.514,209.805,810.649,-522.25,258.319,825.759,-545.523,213.792,772.464,-513.146,262.772,787.502,-500.936,365.135,1638.34,-604.269,334.983,1615.13,-486.227,484.236,1649.21,-577.074,540.815,1630.07
1305,0,-63.8779,596.543,1317.83,-21.7002,520.42,1356.7,20.3642,443.357,1394.61,33.7736,416.495,1408.3,,,,,,,,,,,,,-554.499,209.821,810.623,-522.256,258.303,825.733,-545.521,213.842,772.434,-513.185,262.778,787.476,-500.927,365.141,1638.33,-604.72,335.053,1615.06,-486.195,484.234,1649.19,-577.035,540.819,1630.08
1306,0,-63.9182,596.552,1317.78,-21.7341,520.425,1356.67,20.3354,443.372,1394.56,33.82,416.502,1408.18,,,,,,,,,,,,,-554.548,209.822,810.621,-522.323,258.328,825.714,-545.563,213.849,772.429,-513.195,262.765,787.468,-500.906,365.114,1638.34,-604.624,335.01,1615.09,-486.146,484.204,1649.21,-577.009,540.791,1630.08
1307,0,-63.9306,596.534,1317.74,-21.767,520.428,1356.63,20.3032,443.373,1394.55,33.7937,416.49,1408.19,,,,,,,,,,,,,-554.535,209.835,810.589,-522.32,258.319,825.683,-545.554,213.858,772.38,-513.197,262.765,787.447,-500.879,365.103,1638.32,-604.623,335.01,1615.04,-486.113,484.19,1649.21,-576.964,540.793,1630.06
1308,0,-63.9645,596.526,1317.7,-21.794,520.423,1356.59,20.2728,443.38,1394.54,33.8238,416.504,1408.11,,,,,,,,,,,,,-554.571,209.812,810.584,-522.373,258.328,825.678,-545.583,213.872,772.377,-513.23,262.816,787.428,-500.855,365.098,1638.33,-604.631,335.021,1615.08,-486.063,484.173,1649.2,-576.948,540.793,1630.06
1309,0,-64.0138,596.547,1317.67,-21.8254,520.443,1356.58,20.2571,443.412,1394.54,33.7758,416.548,1408.11,,,,,,,,,,,,,-554.568,209.845,810.552,-522.385,258.307,825.666,-545.594,213.85,772.383,-513.232,262.794,787.4,-500.84,365.092,1638.32,-604.617,335.027,1615.08,-486.044,484.178,1649.19,-576.899,540.787,1630.05
1310,0,-64.027,596.555,1317.64,-21.8304,520.467,1356.55,20.2527,443.444,1394.54,33.768,416.579,1408.12,,,,,,,,,,,,,-554.593,209.825,810.561,-522.381,258.322,825.65,-545.635,213.839,772.368,-513.261,262.767,787.368,-500.812,365.103,1638.31,-604.644,335.039,1615.05,-486.003,484.162,1649.17,-576.87,540.785,1630.04
1311,0,-64.0286,596.573,1317.59,-21.8274,520.498,1356.51,20.2512,443.488,1394.53,33.7619,416.603,1408.15,,,,,,,,,,,,,-554.588,209.805,810.546,-522.387,258.286,825.646,-545.627,213.872,772.364,-513.253,262.773,787.371,-500.79,365.101,1638.3,-604.621,335.033,1615.08,-485.961,484.16,1649.17,-576.852,540.803,1630.02
1312,0,-64.0534,596.597,1317.54,-21.8256,520.538,1356.49,20.2587,443.533,1394.5,33.7665,416.614,1408.18,,,,,,,,,,,,,-554.596,209.788,810.536,-522.4,258.273,825.642,-545.622,213.848,772.381,-513.253,262.761,787.351,-500.774,365.098,1638.31,-604.112,334.946,1615.14,-485.945,484.177,1649.16,-576.83,540.805,1630.01
1313,0,-64.0438,596.635,1317.51,-21.8169,520.582,1356.48,20.2625,443.579,1394.52,33.756,416.737,1408.1,,,,,,,,,,,,,-554.602,209.801,810.534,-522.391,258.246,825.671,-545.648,213.808,772.365,-513.236,262.757,787.362,-500.739,365.112,1638.3,-604.57,335.034,1615.1,-485.911,484.185,1649.14,-576.791,540.811,1630
1314,0,-64.035,596.669,1317.46,-21.8099,520.647,1356.46,20.2638,443.656,1394.49,33.7789,416.795,1408.09,,,,,,,,,,,,,-554.606,209.79,810.539,-522.374,258.217,825.675,-545.658,213.762,772.379,-513.27,262.756,787.335,-500.725,365.11,1638.3,-604.419,335.019,1615.07,-485.889,484.191,1649.13,-576.772,540.834,1630
1315,0,-64.0358,596.715,1317.43,-21.7922,520.712,1356.44,20.3005,443.725,1394.51,33.8364,416.917,1408.01,,,,,,,,,,,,,-554.618,209.746,810.56,-522.375,258.194,825.68,-545.667,213.729,772.402,-513.261,262.729,787.366,-500.694,365.126,1638.31,-604.53,335.06,1615.1,-485.867,484.209,1649.14,-576.768,540.844,1629.99
1316,0,-64.0174,596.765,1317.4,-21.7614,520.769,1356.41,20.3524,443.793,1394.48,33.8927,416.984,1407.99,,,,,,,,,,,,,-554.602,209.748,810.572,-522.347,258.152,825.684,-545.672,213.683,772.453,-513.25,262.731,787.359,-500.677,365.133,1638.3,-604.064,335.02,1615.16,-485.841,484.234,1649.11,-576.741,540.859,1629.98
1317,0,-64.0313,596.779,1317.37,-21.7607,520.793,1356.39,20.3508,443.832,1394.48,33.8433,417.004,1408,,,,,,,,,,,,,-554.584,209.741,810.572,-522.351,258.147,825.672,-545.68,213.613,772.447,-513.252,262.731,787.359,-500.659,365.14,1638.31,-604.015,335.004,1615.12,-485.826,484.249,1649.1,-576.732,540.866,1629.99
1318,0,-64.0588,596.777,1317.35,-21.8013,520.788,1356.37,20.3085,443.836,1394.45,33.8114,417.008,1408.03,,,,,,,,,,,,,-554.578,209.703,810.581,-522.348,258.123,825.687,-545.681,213.627,772.457,-513.217,262.702,787.392,-500.641,365.157,1638.3,-604.017,335.02,1615.17,-485.8,484.267,1649.1,-576.719,540.884,1629.97
1319,0,-64.0886,596.754,1317.34,-21.832,520.778,1356.34,20.271,443.819,1394.42,33.8157,417.014,1407.96,,,,,,,,,,,,,-554.597,209.673,810.612,-522.322,258.109,825.716,-545.67,213.599,772.449,-513.22,262.686,787.412,-500.616,365.174,1638.3,-604.482,335.103,1615.11,-485.793,484.299,1649.09,-576.712,540.896,1629.97
1320,0,-64.1293,596.754,1317.32,-21.8669,520.76,1356.34,20.2542,443.802,1394.41,33.7181,416.985,1408.03,,,,,,,,,,,,,-554.576,209.659,810.617,-522.3,258.079,825.73,-545.678,213.544,772.478,-513.205,262.658,787.419,-500.593,365.163,1638.31,-604.006,335.075,1615.2,-485.768,484.299,1649.08,-576.699,540.912,1629.96
1321,0,-64.1549,596.735,1317.33,-21.8919,520.75,1356.33,20.2349,443.798,1394.38,33.7478,416.965,1407.97,,,,,,,,,,,,,-554.551,209.647,810.611,-522.311,258.067,825.697,-545.683,213.495,772.54,-513.191,262.636,787.415,-500.591,365.185,1638.3,-604.02,335.064,1615.21,-485.746,484.334,1649.07,-576.681,540.928,1629.94
1322,0,-64.1718,596.719,1317.32,-21.9159,520.741,1356.33,20.1979,443.774,1394.4,33.7264,416.989,1407.97,,,,,,,,,,,,,-554.554,209.649,810.608,-522.282,258.03,825.712,-545.663,213.54,772.463,-513.195,262.616,787.426,-500.577,365.206,1638.29,-604.438,335.185,1615.1,-485.721,484.336,1649.05,-576.664,540.941,1629.93
1323,0,-64.1877,596.717,1317.34,-21.9294,520.726,1356.33,20.1876,443.78,1394.38,33.669,416.954,1408.01,,,,,,,,,,,,,-554.556,209.623,810.608,-522.293,258.005,825.714,-545.668,213.51,772.453,-513.14,262.14,787.744,-500.554,365.186,1638.31,-603.979,335.125,1615.17,-485.701,484.35,1649.04,-576.645,540.949,1629.93
1324,0,-64.1992,596.719,1317.34,-21.9305,520.732,1356.32,20.1791,443.766,1394.39,33.6815,416.938,1407.99,,,,,,,,,,,,,-554.561,209.604,810.591,-522.25,257.993,825.699,-545.661,213.487,772.469,-513.156,262.501,787.482,-500.552,365.213,1638.28,-604.278,335.183,1615.14,-485.696,484.376,1649.02,-576.634,540.967,1629.91
1325,0,-64.1905,596.731,1317.35,-21.9324,520.735,1356.31,20.1927,443.769,1394.38,33.664,416.97,1407.99,,,,,,,,,,,,,-554.532,209.592,810.573,-522.247,257.947,825.717,-545.558,213.583,772.328,-513.164,262.506,787.475,-500.533,365.235,1638.27,-603.983,335.143,1615.21,-485.684,484.379,1649.02,-576.615,540.982,1629.92
1326,0,-64.188,596.737,1317.35,-21.9262,520.744,1356.32,20.1961,443.776,1394.37,33.6866,416.949,1407.97,,,,,,,,,,,,,-554.509,209.589,810.569,-522.24,257.951,825.723,-545.647,213.494,772.481,-513.086,262.118,787.744,-500.531,365.231,1638.28,-603.953,335.141,1615.16,-485.677,484.401,1649.01,-576.617,540.997,1629.92
1327,0,-64.1792,596.758,1317.36,-21.915,520.758,1356.32,20.1938,443.779,1394.37,33.6604,416.944,1408.01,,,,,,,,,,,,,-554.523,209.574,810.579,-522.23,257.931,825.696,-545.564,213.546,772.314,-513.099,262.124,787.739,-500.513,365.238,1638.29,-603.952,335.148,1615.18,-485.666,484.394,1649.01,-576.593,541.008,1629.92
1328,0,-64.155,596.779,1317.39,-21.9082,520.771,1356.34,20.2105,443.786,1394.37,33.713,416.981,1407.92,,,,,,,,,,,,,-554.499,209.561,810.566,-522.238,257.929,825.697,-545.606,213.487,772.408,-513.132,262.448,787.474,-500.498,365.247,1638.27,-603.963,335.128,1615.23,-485.65,484.401,1649.01,-576.567,541.015,1629.91
1329,0,-64.1435,596.801,1317.42,-21.895,520.79,1356.35,20.2157,443.799,1394.37,33.6892,416.995,1407.98,,,,,,,,,,,,,-554.501,209.566,810.553,-522.203,257.904,825.719,-545.6,213.441,772.453,-513.125,262.47,787.465,-500.49,365.264,1638.3,-603.938,335.16,1615.22,-485.638,484.423,1649.02,-576.562,541.029,1629.91
1330,0,-64.1488,596.82,1317.46,-21.9031,520.805,1356.39,20.2287,443.822,1394.38,33.732,417.03,1407.91,,,,,,,,,,,,,-554.488,209.542,810.586,-522.214,257.922,825.716,-545.576,213.493,772.444,-513.1,262.446,787.499,-500.474,365.255,1638.31,-603.893,335.195,1615.16,-485.631,484.425,1649.02,-576.53,541.045,1629.91
1331,0,-64.1321,596.829,1317.5,-21.8961,520.813,1356.42,20.2302,443.815,1394.37,33.7271,416.986,1407.98,,,,,,,,,,,,,-554.486,209.546,810.565,-522.204,257.938,825.718,-545.583,213.522,772.469,-513.11,262.462,787.462,-500.443,365.264,1638.31,-604.217,335.25,1615.12,-485.622,484.426,1649.04,-576.519,541.051,1629.92
1332,0,-64.133,596.834,1317.52,-21.8943,520.814,1356.44,20.2306,443.809,1394.4,33.7137,416.98,1407.98,,,,,,,,,,,,,-554.449,209.559,810.548,-522.221,257.957,825.705,-545.604,213.483,772.506,-513.117,262.469,787.469,-500.433,365.277,1638.33,-604.224,335.271,1615.17,-485.61,484.447,1649.05,-576.499,541.062,1629.94
1333,0,-64.1326,596.837,1317.56,-21.8962,520.809,1356.45,20.2336,443.793,1394.39,33.6645,416.979,1408.03,,,,,,,,,,,,,-554.449,209.576,810.597,-522.201,257.945,825.722,-545.493,213.559,772.345,-513.109,262.506,787.468,-500.425,365.287,1638.33,-603.89,335.238,1615.24,-485.604,484.464,1649.05,-576.485,541.075,1629.94
1334,0,-64.1015,596.836,1317.56,-21.8695,520.81,1356.46,20.2462,443.78,1394.39,33.712,416.994,1407.98,,,,,,,,,,,,,-554.45,209.563,810.591,-522.198,257.976,825.711,-545.561,213.533,772.454,-513.054,262.133,787.743,-500.406,365.296,1638.32,-603.854,335.264,1615.18,-485.587,484.465,1649.05,-576.477,541.089,1629.93
1335,0,-64.0805,596.834,1317.59,-21.8552,520.802,1356.46,20.2543,443.783,1394.38,33.7865,416.985,1407.91,,,,,,,,,,,,,-554.447,209.574,810.573,-522.181,257.99,825.741,-545.556,213.542,772.466,-513.096,262.525,787.47,-500.373,365.311,1638.32,-604.185,335.227,1615.28,-485.576,484.482,1649.05,-576.46,541.089,1629.93
1336,0,-64.0535,596.831,1317.57,-21.8308,520.8,1356.47,20.2776,443.784,1394.39,33.7999,416.958,1407.93,,,,,,,,,,,,,-554.436,209.599,810.549,-522.182,258.022,825.702,-545.564,213.552,772.444,-513.092,262.52,787.472,-500.354,365.334,1638.32,-604.16,335.347,1615.19,-485.564,484.512,1649.04,-576.451,541.11,1629.94
1337,0,-64.0272,596.852,1317.57,-21.8,520.79,1356.46,20.2863,443.774,1394.4,33.83,416.919,1407.95,,,,,,,,,,,,,-554.431,209.602,810.57,-522.175,258.037,825.683,-545.581,213.544,772.456,-513.072,262.533,787.485,-500.339,365.339,1638.31,-603.808,335.268,1615.2,-485.564,484.522,1649.04,-576.428,541.126,1629.93
1338,0,-63.9988,596.859,1317.57,-21.7826,520.795,1356.46,20.2983,443.764,1394.4,33.8102,416.945,1407.93,,,,,,,,,,,,,-554.415,209.616,810.583,-522.155,258.054,825.672,-545.505,213.609,772.417,-513.085,262.566,787.471,-500.304,365.35,1638.32,-604.143,335.355,1615.17,-485.551,484.524,1649.05,-576.418,541.148,1629.93
1339,0,-63.9688,596.857,1317.57,-21.7697,520.8,1356.46,20.3034,443.768,1394.39,33.8357,416.95,1407.91,,,,,,,,,,,,,-554.394,209.64,810.567,-522.178,258.072,825.669,-545.493,213.67,772.389,-513.089,262.579,787.442,-500.302,365.375,1638.3,-604.117,335.353,1615.17,-485.554,484.549,1649.05,-576.408,541.159,1629.93
1340,0,-63.9497,596.873,1317.56,-21.7518,520.816,1356.46,20.3197,443.775,1394.4,33.8114,416.969,1407.93,,,,,,,,,,,,,-554.382,209.659,810.56,-522.154,258.08,825.65,-545.479,213.674,772.387,-513.074,262.598,787.417,-500.271,365.41,1638.3,-603.736,335.322,1615.2,-485.533,484.57,1649.06,-576.4,541.18,1629.93
1341,0,-63.938,596.88,1317.55,-21.734,520.83,1356.46,20.3249,443.784,1394.4,33.8158,416.954,1407.95,,,,,,,,,,,,,-554.373,209.673,810.559,-522.109,258.112,825.693,-545.458,213.64,772.402,-513.058,262.644,787.414,-500.251,365.428,1638.31,-603.715,335.374,1615.2,-485.527,484.588,1649.07,-576.397,541.193,1629.93
1342,0,-63.9058,596.877,1317.54,-21.7289,520.821,1356.45,20.3383,443.778,1394.4,33.8346,416.971,1407.93,,,,,,,,,,,,,-554.345,209.691,810.537,-522.117,258.144,825.656,-545.345,213.812,772.374,-513.038,262.684,787.394,-500.236,365.452,1638.32,-604.087,335.387,1615.16,-485.531,484.607,1649.09,-576.411,541.203,1629.95
1343,0,-63.9245,596.87,1317.53,-21.7278,520.811,1356.45,20.3347,443.766,1394.4,33.8209,416.945,1407.96,,,,,,,,,,,,,-554.343,209.718,810.551,-522.1,258.172,825.63,-545.366,213.732,772.367,-513.024,262.724,787.39,-500.207,365.472,1638.34,-603.633,335.366,1615.17,-485.521,484.642,1649.09,-576.402,541.231,1629.97
1344,0,-63.9188,596.858,1317.53,-21.7182,520.797,1356.44,20.3474,443.762,1394.4,33.8311,416.949,1407.94,,,,,,,,,,,,,-554.276,209.741,810.554,-522.075,258.219,825.663,-545.264,213.933,772.321,-513.027,262.771,787.345,-500.193,365.5,1638.34,-603.636,335.333,1615.19,-485.526,484.653,1649.11,-576.376,541.242,1629.97
1345,0,-63.9157,596.84,1317.53,-21.7265,520.778,1356.45,20.3235,443.737,1394.41,33.8429,416.913,1407.94,,,,,,,,,,,,,-554.275,209.753,810.561,-522.074,258.248,825.632,-545.282,213.89,772.287,-513.012,262.832,787.313,-500.185,365.536,1638.34,-603.947,335.414,1615.21,-485.527,484.659,1649.14,-576.381,541.258,1629.99
1346,0,-63.9265,596.821,1317.52,-21.7415,520.766,1356.45,20.321,443.717,1394.4,33.8397,416.903,1407.93,,,,,,,,,,,,,-554.267,209.785,810.543,-522.042,258.258,825.649,-545.222,213.967,772.238,-512.992,262.878,787.266,-500.155,365.549,1638.34,-603.544,335.439,1615.15,-485.527,484.686,1649.14,-576.39,541.261,1629.98
1347,0,-63.9279,596.82,1317.54,-21.7457,520.751,1356.45,20.3228,443.704,1394.39,33.8655,416.894,1407.91,,,,,,,,,,,,,-554.239,209.814,810.558,-522.023,258.267,825.623,-545.174,214.066,772.242,-512.962,262.929,787.273,-500.13,365.576,1638.36,-603.862,335.463,1615.16,-485.531,484.699,1649.17,-576.383,541.265,1630.01
1348,0,-63.9327,596.812,1317.55,-21.7531,520.75,1356.44,20.306,443.701,1394.39,33.8256,416.867,1407.93,,,,,,,,,,,,,-554.211,209.842,810.561,-522.02,258.323,825.638,-544.944,214.528,772.24,-512.948,262.986,787.234,-500.105,365.587,1638.36,-603.514,335.441,1615.17,-485.514,484.706,1649.18,-576.363,541.28,1630.01
1349,0,-63.9346,596.838,1317.57,-21.7413,520.761,1356.45,20.3122,443.712,1394.38,33.8243,416.875,1407.92,,,,,,,,,,,,,-554.18,209.858,810.563,-522.003,258.348,825.636,-545.013,214.376,772.226,-512.914,263.012,787.236,-500.08,365.619,1638.37,-603.512,335.446,1615.22,-485.509,484.722,1649.17,-576.35,541.303,1630
1350,0,-63.9351,596.875,1317.62,-21.7409,520.79,1356.47,20.3083,443.73,1394.39,33.7534,416.887,1408.01,,,,,,,,,,,,,-554.361,209.758,810.882,-521.958,258.394,825.625,-544.887,214.56,772.18,-512.912,263.092,787.179,-500.048,365.617,1638.35,-603.451,335.465,1615.18,-485.495,484.748,1649.16,-576.319,541.297,1630
1351,0,-63.9358,596.893,1317.66,-21.7401,520.815,1356.5,20.3257,443.74,1394.39,33.7818,416.928,1407.94,,,,,,,,,,,,,-554.16,209.888,810.618,-521.967,258.422,825.605,-544.893,214.503,772.141,-512.88,263.143,787.182,-500.015,365.637,1638.34,-603.431,335.44,1615.19,-485.475,484.751,1649.16,-576.309,541.316,1630.01
1352,0,-63.9334,596.922,1317.71,-21.7362,520.838,1356.52,20.3308,443.766,1394.38,33.8388,416.921,1407.91,,,,,,,,,,,,,-554.296,209.799,810.861,-521.91,258.424,825.613,-544.831,214.499,772.129,-512.846,263.18,787.174,-499.967,365.656,1638.32,-603.403,335.463,1615.15,-485.473,484.774,1649.15,-576.283,541.314,1630
1353,0,-63.9468,596.933,1317.77,-21.7403,520.842,1356.54,20.335,443.768,1394.39,33.7637,416.912,1408,,,,,,,,,,,,,-554.087,209.933,810.623,-521.886,258.472,825.621,-544.836,214.428,772.113,-512.842,263.236,787.113,-499.931,365.677,1638.31,-603.339,335.47,1615.11,-485.435,484.78,1649.15,-576.266,541.342,1630
1354,0,-63.9734,596.955,1317.82,-21.7492,520.846,1356.57,20.3326,443.755,1394.4,33.8659,416.915,1407.89,,,,,,,,,,,,,-554.07,209.976,810.592,-521.855,258.529,825.606,-544.823,214.488,772.113,-512.79,263.274,787.111,-499.914,365.69,1638.3,-603.334,335.49,1615.16,-485.419,484.783,1649.14,-576.262,541.358,1630
1355,0,-63.9754,596.969,1317.88,-21.7678,520.841,1356.61,20.3242,443.749,1394.41,33.8444,416.922,1407.88,,,,,,,,,,,,,-554.008,210.01,810.606,-521.838,258.546,825.61,-544.876,214.349,772.119,-512.749,263.323,787.145,-499.868,365.73,1638.29,-603.296,335.436,1615.13,-485.398,484.818,1649.14,-576.251,541.385,1630
1356,0,-63.9798,596.971,1317.91,-21.7652,520.85,1356.64,20.3188,443.74,1394.4,33.8211,416.876,1407.93,,,,,,,,,,,,,-553.975,210.013,810.624,-521.821,258.578,825.614,-544.871,214.326,772.077,-512.715,263.401,787.112,-499.837,365.754,1638.27,-603.24,335.499,1615.09,-485.388,484.823,1649.12,-576.232,541.396,1629.98
1357,0,-63.9834,596.998,1317.94,-21.7751,520.871,1356.66,20.3243,443.74,1394.41,33.8424,416.887,1407.91,,,,,,,,,,,,,-553.939,210.052,810.597,-521.783,258.609,825.601,-544.842,214.326,772.076,-512.675,263.428,787.117,-499.793,365.776,1638.27,-603.241,335.514,1615.12,-485.359,484.845,1649.13,-576.203,541.413,1629.98
1358,0,-63.9702,597.014,1317.96,-21.7685,520.88,1356.68,20.3289,443.758,1394.41,33.8384,416.889,1407.92,,,,,,,,,,,,,-553.881,210.095,810.624,-521.752,258.646,825.593,-544.26,215.586,772.121,-512.654,263.487,787.087,-499.778,365.806,1638.27,-603.572,335.56,1615.04,-485.35,484.867,1649.13,-576.193,541.424,1629.98
1359,0,-63.9447,597.043,1317.99,-21.7465,520.9,1356.69,20.328,443.771,1394.41,33.8488,416.926,1407.88,,,,,,,,,,,,,-553.842,210.125,810.614,-521.713,258.661,825.6,-544.448,215.096,772.109,-512.609,263.535,787.07,-499.754,365.822,1638.26,-603.191,335.57,1615.13,-485.331,484.894,1649.13,-576.196,541.442,1629.98
1360,0,-63.9134,597.073,1318.02,-21.7306,520.915,1356.7,20.3407,443.788,1394.43,33.8677,416.914,1407.89,,,,,,,,,,,,,-553.798,210.138,810.6,-521.698,258.693,825.604,-544.189,215.653,772.118,-512.582,263.581,787.059,-499.714,365.866,1638.26,-603.168,335.564,1615.14,-485.321,484.915,1649.13,-576.197,541.465,1629.99
1361,0,-63.8978,597.1,1318.04,-21.7167,520.926,1356.71,20.3552,443.787,1394.42,33.8628,416.92,1407.9,,,,,,,,,,,,,-553.743,210.18,810.572,-521.665,258.708,825.594,-544.364,215.158,772.099,-512.55,263.643,787.05,-499.693,365.904,1638.26,-603.429,335.688,1614.91,-485.307,484.935,1649.14,-576.187,541.478,1629.98
1362,0,-63.9038,597.109,1318.05,-21.7113,520.935,1356.7,20.3567,443.782,1394.41,33.8472,416.923,1407.89,,,,,,,,,,,,,-553.692,210.196,810.507,-521.642,258.736,825.587,-544.324,215.245,772.104,-512.516,263.634,787.066,-499.677,365.931,1638.25,-603.101,335.644,1615.12,-485.301,484.965,1649.14,-576.193,541.507,1629.98
1363,0,-63.8952,597.113,1318.07,-21.7134,520.935,1356.72,20.3554,443.778,1394.43,33.8482,416.93,1407.87,,,,,,,,,,,,,-553.677,210.245,810.563,-521.596,258.754,825.596,-544.346,215.22,772.093,-512.503,263.695,787.055,-499.671,365.964,1638.27,-603.052,335.656,1615.06,-485.291,484.993,1649.15,-576.185,541.529,1630
1364,0,-63.8957,597.112,1318.09,-21.7023,520.92,1356.74,20.3609,443.763,1394.41,33.8412,416.907,1407.89,,,,,,,,,,,,,-553.631,210.241,810.461,-521.568,258.765,825.596,-544.32,215.248,772.107,-512.49,263.723,787.021,-499.65,365.988,1638.29,-603.029,335.677,1615.08,-485.306,485.032,1649.16,-576.191,541.56,1630.01
1365,0,-63.9092,597.113,1318.12,-21.7193,520.926,1356.75,20.3402,443.755,1394.43,33.8899,416.876,1407.88,,,,,,,,,,,,,-553.596,210.258,810.424,-521.564,258.772,825.599,-544.254,215.269,772.089,-512.472,263.745,787.004,-499.641,366.022,1638.31,-603.043,335.671,1615.13,-485.301,485.062,1649.17,-576.205,541.582,1629.99
1366,0,-63.9302,597.122,1318.16,-21.7416,520.937,1356.77,20.3242,443.744,1394.42,33.8456,416.892,1407.87,,,,,,,,,,,,,-553.593,210.276,810.435,-521.571,258.801,825.594,-544.31,215.216,772.066,-512.459,263.758,787.017,-499.638,366.063,1638.31,-603.316,335.803,1614.9,-485.302,485.088,1649.19,-576.213,541.609,1630.02
1367,0,-63.9398,597.152,1318.17,-21.7533,520.947,1356.79,20.3204,443.753,1394.42,33.7395,416.916,1407.96,,,,,,,,,,,,,-553.554,210.303,810.429,-521.518,258.832,825.606,-544.325,215.12,772.077,-512.428,263.773,787.011,-499.628,366.092,1638.34,-603.027,335.655,1615.14,-485.315,485.123,1649.21,-576.207,541.626,1630.03
1368,0,-63.9246,597.186,1318.22,-21.7607,520.965,1356.8,20.3078,443.768,1394.39,33.7741,416.899,1407.89,,,,,,,,,,,,,-553.53,210.321,810.431,-521.521,258.829,825.573,-544.351,215.079,772.054,-512.41,263.786,787.031,-499.627,366.118,1638.36,-603.007,335.705,1615.15,-485.315,485.151,1649.22,-576.213,541.644,1630.01
1369,0,-63.9201,597.215,1318.24,-21.7618,520.993,1356.81,20.2977,443.789,1394.39,33.7572,416.927,1407.87,,,,,,,,,,,,,-553.519,210.329,810.416,-521.529,258.853,825.584,-544.343,215.105,772.051,-512.415,263.841,787.003,-499.629,366.149,1638.37,-603.026,335.72,1615.18,-485.325,485.17,1649.25,-576.221,541.68,1630.03
1370,0,-63.928,597.252,1318.25,-21.7513,521.017,1356.82,20.3033,443.806,1394.38,33.7421,416.925,1407.87,,,,,,,,,,,,,-553.511,210.352,810.419,-521.51,258.878,825.584,-544.404,214.977,772.036,-512.404,263.852,787.013,-499.631,366.185,1638.39,-603.358,335.764,1615.25,-485.332,485.209,1649.27,-576.222,541.701,1630.03
1371,0,-63.9235,597.285,1318.24,-21.7601,521.042,1356.81,20.2896,443.821,1394.35,33.7188,416.964,1407.85,,,,,,,,,,,,,-553.489,210.365,810.436,-521.501,258.89,825.597,-544.393,214.942,772.046,-512.395,263.878,786.993,-499.637,366.233,1638.4,-603.339,335.816,1615.13,-485.347,485.247,1649.28,-576.229,541.729,1630.04
1372,0,-63.9237,597.298,1318.26,-21.7613,521.048,1356.79,20.2889,443.816,1394.34,33.6848,416.946,1407.89,,,,,,,,,,,,,-553.502,210.358,810.428,-521.496,258.905,825.602,-544.425,214.826,772.034,-512.362,263.876,787.032,-499.633,366.243,1638.44,-603.008,335.793,1615.19,-485.356,485.274,1649.31,-576.253,541.75,1630.05
1373,0,-63.9359,597.311,1318.27,-21.764,521.039,1356.8,20.2833,443.819,1394.34,33.6315,416.919,1407.95,,,,,,,,,,,,,-553.477,210.379,810.447,-521.47,258.939,825.616,-544.371,214.943,772.074,-512.382,263.905,787.025,-499.64,366.289,1638.46,-603.363,335.88,1615.17,-485.36,485.295,1649.33,-576.247,541.765,1630.06
1374,0,-63.952,597.309,1318.28,-21.7871,521.038,1356.8,20.2648,443.805,1394.3,33.6434,416.933,1407.89,,,,,,,,,,,,,-553.485,210.386,810.474,-521.471,258.95,825.58,-544.399,214.915,772.081,-512.372,263.908,787.007,-499.671,366.323,1638.47,-603.015,335.855,1615.2,-485.378,485.325,1649.33,-576.25,541.781,1630.05
1375,0,-63.962,597.298,1318.27,-21.8006,521.028,1356.79,20.2502,443.792,1394.28,33.7404,416.911,1407.74,,,,,,,,,,,,,-553.463,210.419,810.448,-521.454,258.951,825.593,-544.49,214.655,772.072,-512.388,263.929,786.976,-499.695,366.341,1638.49,-603.384,335.917,1615.19,-485.383,485.354,1649.36,-576.269,541.82,1630.06
1376,0,-63.9522,597.296,1318.27,-21.8109,521.015,1356.78,20.2403,443.771,1394.3,33.7524,416.896,1407.7,,,,,,,,,,,,,-553.448,210.415,810.478,-521.438,258.965,825.602,-544.44,214.765,772.085,-512.369,263.923,786.982,-499.689,366.364,1638.53,-603.019,335.892,1615.22,-485.397,485.379,1649.38,-576.281,541.833,1630.07
1377,0,-63.9479,597.293,1318.25,-21.81,521.015,1356.75,20.2413,443.765,1394.24,33.752,416.889,1407.68,,,,,,,,,,,,,-553.413,210.427,810.481,-521.425,258.953,825.633,-544.497,214.6,772.061,-512.361,263.934,787.005,-499.707,366.376,1638.56,-603.043,335.947,1615.25,-485.411,485.41,1649.39,-576.29,541.864,1630.07
1378,0,-63.945,597.298,1318.21,-21.8189,521.008,1356.71,20.2225,443.756,1394.22,33.729,416.843,1407.69,,,,,,,,,,,,,-553.417,210.429,810.49,-521.423,258.964,825.623,-544.472,214.68,772.1,-512.349,263.944,786.996,-499.726,366.409,1638.58,-603.353,336.015,1615.28,-485.427,485.438,1649.41,-576.308,541.894,1630.08
1379,0,-63.9362,597.305,1318.18,-21.8221,521.019,1356.69,20.2035,443.758,1394.19,33.676,416.85,1407.67,,,,,,,,,,,,,-553.411,210.439,810.503,-521.399,258.962,825.625,-544.383,214.884,772.111,-512.342,263.918,786.998,-499.746,366.426,1638.59,-603.105,336.127,1615.16,-485.455,485.459,1649.42,-576.315,541.913,1630.09
1380,0,-63.9146,597.311,1318.15,-21.8201,521.017,1356.65,20.1933,443.771,1394.17,33.747,416.825,1407.65,,,,,,,,,,,,,-553.399,210.431,810.51,-521.385,258.953,825.615,-544.472,214.654,772.067,-512.327,263.92,787.022,-499.763,366.468,1638.62,-603.121,336.159,1615.18,-485.474,485.486,1649.44,-576.33,541.932,1630.09
1381,0,-63.9249,597.313,1318.14,-21.8292,521.016,1356.64,20.206,443.757,1394.16,33.7438,416.813,1407.63,,,,,,,,,,,,,-553.391,210.439,810.48,-521.408,258.961,825.614,-544.404,214.814,772.109,-512.315,263.937,787.018,-499.802,366.49,1638.64,-603.133,336.192,1615.18,-485.493,485.522,1649.42,-576.354,541.961,1630.1
1382,0,-63.9579,597.313,1318.15,-21.8444,521.009,1356.65,20.1747,443.762,1394.16,33.6993,416.817,1407.62,,,,,,,,,,,,,-553.41,210.43,810.511,-521.393,258.964,825.628,-544.37,214.827,772.094,-512.314,263.941,787.032,-499.808,366.514,1638.66,-603.114,336.233,1615.15,-485.518,485.544,1649.44,-576.366,541.977,1630.1
1383,0,-63.9782,597.317,1318.17,-21.854,521.008,1356.63,20.1555,443.755,1394.16,33.7015,416.814,1407.6,,,,,,,,,,,,,-553.393,210.452,810.537,-521.378,258.96,825.628,-544.322,214.896,772.16,-512.315,263.931,787.045,-499.842,366.535,1638.68,-603.506,336.219,1615.16,-485.536,485.57,1649.47,-576.391,541.984,1630.1
1384,0,-63.996,597.319,1318.17,-21.876,521.017,1356.64,20.1573,443.756,1394.15,33.677,416.809,1407.61,,,,,,,,,,,,,-553.385,210.438,810.551,-521.372,258.971,825.651,-544.391,214.773,772.134,-512.3,263.945,787.051,-499.885,366.567,1638.7,-603.113,336.24,1615.13,-485.559,485.601,1649.48,-576.405,542.005,1630.1
1385,0,-63.9956,597.309,1318.16,-21.8738,521.013,1356.63,20.1559,443.75,1394.14,33.673,416.813,1407.6,,,,,,,,,,,,,-553.394,210.433,810.541,-521.381,258.976,825.673,-544.344,214.905,772.157,-512.282,263.964,787.056,-499.894,366.565,1638.74,-603.192,336.205,1615.22,-485.601,485.622,1649.48,-576.422,542.022,1630.11
1386,0,-63.9991,597.315,1318.19,-21.8832,521.005,1356.64,20.1485,443.758,1394.13,33.6948,416.777,1407.61,,,,,,,,,,,,,-553.376,210.45,810.526,-521.376,258.978,825.642,-544.338,214.903,772.18,-512.294,263.96,787.047,-499.934,366.593,1638.76,-603.226,336.279,1615.26,-485.607,485.627,1649.53,-576.46,542.048,1630.13
1387,0,-63.9981,597.315,1318.19,-21.8753,521.001,1356.63,20.152,443.748,1394.13,33.6929,416.791,1407.59,,,,,,,,,,,,,-553.394,210.431,810.528,-521.375,258.961,825.644,-544.412,214.768,772.172,-512.308,263.959,787.033,-499.962,366.598,1638.78,-603.23,336.291,1615.25,-485.628,485.661,1649.54,-576.488,542.071,1630.14
1388,0,-64.0055,597.304,1318.2,-21.8594,520.991,1356.63,20.1717,443.737,1394.12,33.6871,416.797,1407.57,,,,,,,,,,,,,-553.414,210.452,810.531,-521.402,258.965,825.638,-544.344,214.936,772.184,-512.308,263.921,787.059,-499.973,366.602,1638.81,-603.249,336.255,1615.25,-485.668,485.657,1649.57,-576.492,542.076,1630.16
1389,0,-63.9906,597.296,1318.21,-21.8546,520.973,1356.66,20.1865,443.718,1394.13,33.725,416.793,1407.55,,,,,,,,,,,,,-553.44,210.438,810.564,-521.4,258.965,825.657,-544.366,214.896,772.177,-512.306,263.937,787.052,-499.994,366.613,1638.83,-603.242,336.286,1615.21,-485.684,485.656,1649.59,-576.499,542.081,1630.18
1390,0,-63.9919,597.285,1318.23,-21.8581,520.961,1356.67,20.1897,443.7,1394.13,33.7336,416.75,1407.6,,,,,,,,,,,,,-553.46,210.427,810.531,-521.415,258.937,825.668,-544.445,214.773,772.144,-512.319,263.899,787.062,-500.016,366.604,1638.85,-603.266,336.3,1615.23,-485.722,485.672,1649.62,-576.52,542.086,1630.19
1391,0,-63.992,597.269,1318.26,-21.8596,520.947,1356.69,20.1972,443.684,1394.15,33.7495,416.731,1407.6,,,,,,,,,,,,,-553.475,210.432,810.547,-521.439,258.941,825.663,-544.516,214.721,772.122,-512.353,263.893,787.08,-500.052,366.604,1638.87,-603.324,336.306,1615.28,-485.729,485.673,1649.65,-576.531,542.099,1630.2
1392,0,-63.9906,597.248,1318.28,-21.8497,520.93,1356.7,20.2156,443.664,1394.14,33.7243,416.71,1407.61,,,,,,,,,,,,,-553.506,210.413,810.539,-521.437,258.923,825.669,-544.522,214.796,772.113,-512.36,263.873,787.082,-500.059,366.608,1638.88,-603.285,336.34,1615.22,-485.738,485.675,1649.67,-576.523,542.093,1630.2
1393,0,-63.9854,597.22,1318.31,-21.8391,520.911,1356.72,20.2281,443.656,1394.16,33.747,416.721,1407.62,,,,,,,,,,,,,-553.544,210.414,810.563,-521.483,258.934,825.662,-544.602,214.668,772.052,-512.397,263.894,787.067,-500.086,366.607,1638.89,-603.328,336.315,1615.24,-485.75,485.684,1649.69,-576.535,542.107,1630.22
1394,0,-64.0014,597.191,1318.32,-21.8304,520.885,1356.74,20.2566,443.636,1394.17,33.8061,416.702,1407.6,,,,,,,,,,,,,-553.57,210.425,810.6,-521.496,258.908,825.675,-544.499,214.916,772.149,-512.408,263.878,787.113,-500.096,366.609,1638.9,-603.333,336.366,1615.21,-485.763,485.682,1649.68,-576.538,542.122,1630.23
1395,0,-64.0068,597.144,1318.34,-21.8305,520.844,1356.76,20.2678,443.598,1394.2,33.8332,416.664,1407.63,,,,,,,,,,,,,-553.588,210.421,810.606,-521.543,258.89,825.658,-544.597,214.77,772.071,-512.443,263.853,787.112,-500.104,366.621,1638.91,-603.333,336.358,1615.22,-485.757,485.683,1649.68,-576.528,542.127,1630.23
1396,0,-64.0236,597.1,1318.35,-21.8296,520.802,1356.76,20.2548,443.562,1394.22,33.8052,416.624,1407.64,,,,,,,,,,,,,-553.622,210.431,810.608,-521.562,258.91,825.67,-544.705,214.631,771.996,-512.441,263.84,787.12,-500.124,366.621,1638.9,-603.389,336.331,1615.27,-485.76,485.681,1649.69,-576.534,542.146,1630.23
1397,0,-64.0258,597.052,1318.34,-21.8283,520.76,1356.76,20.2527,443.526,1394.19,33.81,416.572,1407.62,,,,,,,,,,,,,-553.664,210.404,810.677,-521.59,258.912,825.699,-544.74,214.574,772.02,-512.489,263.857,787.14,-500.138,366.625,1638.89,-603.827,336.439,1615.23,-485.772,485.679,1649.7,-576.531,542.145,1630.23
1398,0,-64.0295,597.009,1318.34,-21.8317,520.733,1356.75,20.2589,443.487,1394.19,33.8039,416.556,1407.62,,,,,,,,,,,,,-553.684,210.436,810.685,-521.625,258.928,825.697,-544.716,214.69,772.011,-512.506,263.841,787.135,-500.154,366.63,1638.91,-603.405,336.33,1615.26,-485.769,485.694,1649.69,-576.537,542.175,1630.22
1399,0,-64.0323,596.991,1318.33,-21.8291,520.71,1356.76,20.2619,443.467,1394.2,33.7502,416.562,1407.66,,,,,,,,,,,,,-553.701,210.415,810.662,-521.609,258.922,825.695,-544.776,214.689,771.905,-512.54,263.836,787.125,-500.159,366.64,1638.91,-603.831,336.41,1615.28,-485.78,485.706,1649.68,-576.547,542.187,1630.22
1400,0,-64.0328,596.974,1318.33,-21.818,520.686,1356.76,20.2771,443.459,1394.21,33.7862,416.488,1407.72,,,,,,,,,,,,,-553.751,210.414,810.692,-521.679,258.924,825.732,-544.773,214.679,771.941,-512.563,263.825,787.132,-500.168,366.658,1638.92,-603.41,336.379,1615.24,-485.805,485.722,1649.67,-576.542,542.209,1630.2
1401,0,-64.0191,596.956,1318.34,-21.8033,520.668,1356.76,20.2963,443.435,1394.2,33.8363,416.492,1407.63,,,,,,,,,,,,,-553.762,210.432,810.666,-521.713,258.936,825.703,-544.857,214.604,771.89,-512.593,263.826,787.123,-500.169,366.683,1638.91,-603.448,336.471,1615.27,-485.795,485.753,1649.67,-576.547,542.221,1630.19
1402,0,-64.033,596.936,1318.35,-21.8058,520.655,1356.77,20.3023,443.421,1394.2,33.8516,416.481,1407.6,,,,,,,,,,,,,-553.824,210.411,810.682,-521.7,258.936,825.704,-544.923,214.541,771.882,-512.604,263.822,787.14,-500.17,366.699,1638.92,-603.479,336.441,1615.31,-485.81,485.769,1649.66,-576.55,542.245,1630.17
1403,0,-64.0405,596.937,1318.37,-21.8072,520.636,1356.78,20.3,443.396,1394.19,33.8875,416.421,1407.63,,,,,,,,,,,,,-553.836,210.431,810.658,-521.735,258.961,825.694,-544.936,214.624,771.892,-512.641,263.819,787.125,-500.182,366.72,1638.91,-603.851,336.541,1615.28,-485.827,485.804,1649.64,-576.545,542.262,1630.17
1404,0,-64.0403,596.921,1318.41,-21.8014,520.633,1356.8,20.3079,443.383,1394.2,33.8353,416.42,1407.7,,,,,,,,,,,,,-553.9,210.425,810.687,-521.787,258.934,825.714,-544.962,214.585,771.875,-512.666,263.798,787.168,-500.175,366.75,1638.9,-603.461,336.487,1615.29,-485.83,485.837,1649.63,-576.551,542.294,1630.16
1405,0,-64.0531,596.914,1318.44,-21.8016,520.62,1356.82,20.3173,443.381,1394.21,33.8422,416.416,1407.7,,,,,,,,,,,,,-554.135,210.319,810.961,-521.836,258.944,825.717,-544.989,214.609,771.92,-512.707,263.792,787.185,-500.172,366.769,1638.88,-603.815,336.555,1615.32,-485.821,485.874,1649.6,-576.562,542.311,1630.15
1406,0,-64.0616,596.922,1318.47,-21.7997,520.62,1356.84,20.3417,443.363,1394.22,33.8448,416.398,1407.73,,,,,,,,,,,,,-553.992,210.42,810.745,-521.845,258.959,825.718,-544.404,216.02,772.128,-512.746,263.794,787.175,-500.165,366.788,1638.88,-603.41,336.567,1615.26,-485.825,485.908,1649.59,-576.573,542.347,1630.13
1407,0,-64.0755,596.892,1318.48,-21.8056,520.599,1356.86,20.3329,443.358,1394.23,33.823,416.38,1407.77,,,,,,,,,,,,,-554.034,210.416,810.723,-521.895,258.985,825.728,-544.428,216.039,772.146,-512.776,263.773,787.225,-500.16,366.848,1638.85,-603.413,336.564,1615.3,-485.826,485.945,1649.57,-576.586,542.377,1630.11
1408,0,-64.1033,596.876,1318.5,-21.8293,520.58,1356.88,20.3323,443.336,1394.23,33.8732,416.374,1407.73,,,,,,,,,,,,,-554.228,210.337,810.965,-521.945,259.005,825.699,-544.466,216.041,772.16,-512.821,263.781,787.23,-500.147,366.872,1638.81,-603.679,336.588,1615.32,-485.843,485.989,1649.52,-576.598,542.385,1630.09
1409,0,-64.1162,596.869,1318.51,-21.8318,520.56,1356.89,20.3315,443.318,1394.23,33.8617,416.367,1407.7,,,,,,,,,,,,,-554.262,210.358,810.967,-521.956,258.991,825.721,-544.733,215.489,772.127,-512.836,263.779,787.242,-500.164,366.916,1638.78,-603.761,336.553,1615.26,-485.826,486.029,1649.5,-576.598,542.41,1630.07
1410,0,-64.1463,596.86,1318.54,-21.8502,520.552,1356.9,20.3271,443.303,1394.26,33.8542,416.357,1407.74,,,,,,,,,,,,,-554.135,210.445,810.75,-521.988,259.034,825.717,-544.52,216.095,772.173,-512.866,263.767,787.26,-500.144,366.937,1638.76,-603.735,336.663,1615.28,-485.828,486.068,1649.48,-576.606,542.426,1630.06
1411,0,-64.1581,596.861,1318.56,-21.8614,520.555,1356.92,20.3343,443.316,1394.26,33.8922,416.334,1407.73,,,,,,,,,,,,,-554.177,210.425,810.783,-522.02,259.056,825.727,-544.788,215.506,772.188,-512.904,263.781,787.252,-500.115,366.98,1638.71,-603.344,336.637,1615.24,-485.836,486.102,1649.44,-576.618,542.458,1630.04
1412,0,-64.1801,596.873,1318.56,-21.8744,520.561,1356.93,20.3218,443.317,1394.26,33.8491,416.358,1407.73,,,,,,,,,,,,,-554.201,210.437,810.759,-522.046,259.038,825.747,-544.811,215.467,772.187,-512.944,263.82,787.256,-500.113,366.996,1638.7,-603.336,336.649,1615.19,-485.837,486.12,1649.42,-576.638,542.472,1630.03
1413,0,-64.1798,596.896,1318.58,-21.8774,520.59,1356.95,20.324,443.326,1394.27,33.7887,416.368,1407.78,,,,,,,,,,,,,-554.397,210.35,811.016,-522.081,259.054,825.751,-544.817,215.491,772.166,-512.983,263.832,787.238,-500.102,367.028,1638.67,-603.701,336.636,1615.3,-485.842,486.151,1649.38,-576.644,542.491,1630
1414,0,-64.1851,596.914,1318.61,-21.8922,520.602,1356.96,20.3108,443.331,1394.27,33.7403,416.379,1407.83,,,,,,,,,,,,,-554.264,210.452,810.761,-522.116,259.04,825.752,-544.868,215.482,772.197,-513,263.821,787.261,-500.114,367.031,1638.65,-603.33,336.676,1615.19,-485.846,486.177,1649.36,-576.667,542.508,1629.98
1415,0,-64.2036,596.951,1318.64,-21.9016,520.637,1356.96,20.2852,443.356,1394.26,33.7434,416.392,1407.79,,,,,,,,,,,,,-554.298,210.438,810.749,-522.15,259.071,825.75,-544.644,216.134,772.205,-513.024,263.807,787.254,-500.123,367.049,1638.64,-603.782,336.718,1615.22,-485.865,486.186,1649.36,-576.687,542.518,1629.98
1416,0,-64.2148,596.995,1318.66,-21.9158,520.653,1356.97,20.2744,443.369,1394.25,33.827,416.382,1407.69,,,,,,,,,,,,,-554.338,210.424,810.742,-522.186,259.082,825.731,-544.678,216.092,772.216,-513.054,263.786,787.253,-500.131,367.057,1638.62,-603.364,336.68,1615.22,-485.875,486.196,1649.35,-576.7,542.528,1629.97
1417,0,-64.2241,597.027,1318.7,-21.9193,520.682,1356.99,20.2623,443.395,1394.25,33.8355,416.376,1407.71,,,,,,,,,,,,,-554.373,210.414,810.758,-522.223,259.018,825.745,-544.712,216.122,772.212,-513.062,263.769,787.268,-500.137,367.068,1638.62,-603.362,336.707,1615.18,-485.883,486.191,1649.34,-576.725,542.526,1629.96
1418,0,-64.2291,597.057,1318.72,-21.9348,520.719,1357,20.2522,443.426,1394.24,33.8007,416.413,1407.68,,,,,,,,,,,,,-554.414,210.396,810.705,-522.26,259.035,825.737,-544.755,216.1,772.205,-513.114,263.771,787.241,-500.164,367.062,1638.6,-603.441,336.718,1615.24,-485.909,486.203,1649.33,-576.746,542.535,1629.95
1419,0,-64.2333,597.098,1318.74,-21.9411,520.754,1356.99,20.2488,443.453,1394.24,33.8036,416.42,1407.67,,,,,,,,,,,,,-554.476,210.382,810.712,-522.297,259.042,825.694,-544.793,216.097,772.187,-513.127,263.742,787.245,-500.169,367.052,1638.6,-603.786,336.753,1615.22,-485.916,486.194,1649.31,-576.752,542.526,1629.94
1420,0,-64.2505,597.139,1318.78,-21.9418,520.779,1357.01,20.2261,443.471,1394.25,33.7786,416.449,1407.67,,,,,,,,,,,,,-554.51,210.364,810.724,-522.327,259.039,825.705,-544.821,216.119,772.176,-513.167,263.718,787.234,-500.189,367.051,1638.6,-603.852,336.711,1615.17,-485.946,486.194,1649.31,-576.781,542.531,1629.94
1421,0,-64.2612,597.159,1318.81,-21.9615,520.795,1357.03,20.2287,443.483,1394.24,33.7545,416.48,1407.63,,,,,,,,,,,,,-554.529,210.36,810.698,-522.38,259.037,825.688,-544.839,216.116,772.187,-513.195,263.742,787.222,-500.208,367.036,1638.59,-603.82,336.696,1615.21,-485.953,486.184,1649.31,-576.79,542.534,1629.93
1422,0,-64.2797,597.185,1318.83,-21.9776,520.812,1357.04,20.2057,443.495,1394.23,33.7471,416.497,1407.62,,,,,,,,,,,,,-554.574,210.364,810.726,-522.408,259.021,825.668,-544.886,216.089,772.167,-513.219,263.699,787.232,-500.238,367.014,1638.6,-603.803,336.696,1615.16,-485.972,486.171,1649.32,-576.802,542.502,1629.93
1423,0,-64.307,597.213,1318.87,-22.0011,520.838,1357.05,20.1864,443.504,1394.24,33.7414,416.473,1407.65,,,,,,,,,,,,,-554.599,210.37,810.716,-522.449,259.026,825.665,-545.119,215.57,772.178,-513.253,263.691,787.23,-500.244,367.01,1638.59,-603.912,336.705,1615.14,-486.007,486.172,1649.31,-576.83,542.509,1629.93
1424,0,-64.323,597.233,1318.9,-22.0257,520.876,1357.06,20.1861,443.523,1394.22,33.7448,416.541,1407.58,,,,,,,,,,,,,-554.633,210.354,810.707,-522.49,259.028,825.68,-545.172,215.526,772.166,-513.298,263.742,787.18,-500.267,367.008,1638.57,-603.897,336.67,1615.18,-486.026,486.144,1649.31,-576.847,542.504,1629.92
1425,0,-64.3256,597.284,1318.92,-22.044,520.912,1357.08,20.1816,443.561,1394.23,33.7307,416.553,1407.6,,,,,,,,,,,,,-554.632,210.363,810.69,-522.523,259.007,825.685,-545.19,215.588,772.181,-513.328,263.74,787.184,-500.298,366.996,1638.57,-603.546,336.643,1615.1,-486.039,486.14,1649.32,-576.878,542.496,1629.94
1426,0,-64.343,597.338,1318.95,-22.051,520.965,1357.1,20.1884,443.606,1394.21,33.7648,416.61,1407.57,,,,,,,,,,,,,-554.672,210.354,810.677,-522.559,259.022,825.678,-545.198,215.642,772.176,-513.37,263.815,787.113,-500.321,366.995,1638.57,-603.933,336.64,1615.23,-486.068,486.144,1649.32,-576.913,542.488,1629.93
1427,0,-64.3476,597.398,1318.96,-22.0452,521.021,1357.12,20.1955,443.663,1394.24,33.7813,416.673,1407.58,,,,,,,,,,,,,-554.67,210.37,810.687,-522.567,259.021,825.684,-545.225,215.611,772.196,-513.39,263.838,787.123,-500.355,366.997,1638.57,-604.036,336.691,1615.12,-486.112,486.149,1649.32,-576.953,542.467,1629.93
1428,0,-64.3375,597.462,1318.99,-22.0389,521.066,1357.13,20.2248,443.732,1394.23,33.8021,416.772,1407.57,,,,,,,,,,,,,-554.676,210.37,810.678,-522.585,259.049,825.68,-545.241,215.611,772.173,-513.398,263.875,787.156,-500.37,367.006,1638.55,-603.651,336.648,1615.13,-486.132,486.152,1649.31,-576.976,542.464,1629.94
1429,0,-64.3521,597.513,1318.99,-22.028,521.114,1357.13,20.2252,443.778,1394.22,33.8195,416.806,1407.56,,,,,,,,,,,,,-554.67,210.389,810.695,-522.609,259.031,825.691,-545.271,215.59,772.195,-513.424,263.895,787.136,-500.397,366.984,1638.57,-604.065,336.667,1615.09,-486.163,486.153,1649.33,-577.03,542.459,1629.94
1430,0,-64.378,597.54,1319.02,-22.0572,521.141,1357.12,20.2051,443.8,1394.21,33.8032,416.804,1407.57,,,,,,,,,,,,,-554.676,210.455,810.653,-522.605,259.055,825.694,-545.051,216.19,772.216,-513.441,263.912,787.138,-500.425,366.988,1638.57,-604.133,336.585,1615.24,-486.178,486.153,1649.33,-577.072,542.457,1629.94
1431,0,-64.4135,597.563,1319.04,-22.0806,521.174,1357.12,20.1843,443.82,1394.22,33.7702,416.841,1407.56,,,,,,,,,,,,,-554.677,210.409,810.691,-522.627,259.096,825.682,-545.06,216.223,772.215,-513.433,263.927,787.143,-500.453,366.996,1638.58,-603.708,336.547,1615.22,-486.214,486.169,1649.33,-577.118,542.445,1629.97
1432,0,-64.4275,597.597,1319.07,-22.1044,521.192,1357.14,20.1606,443.855,1394.22,33.7613,416.885,1407.54,,,,,,,,,,,,,-554.66,210.491,810.65,-522.599,259.107,825.711,-545.049,216.255,772.205,-513.455,263.998,787.103,-500.466,366.998,1638.59,-604.074,336.53,1615.23,-486.261,486.167,1649.34,-577.166,542.455,1629.98
1433,0,-64.4482,597.642,1319.07,-22.1041,521.222,1357.14,20.1556,443.884,1394.22,33.7523,416.883,1407.57,,,,,,,,,,,,,-554.633,210.512,810.648,-522.627,259.111,825.695,-545.06,216.273,772.189,-513.449,263.997,787.107,-500.494,366.993,1638.58,-603.747,336.528,1615.17,-486.285,486.176,1649.34,-577.21,542.449,1629.98
1434,0,-64.4566,597.692,1319.1,-22.1306,521.26,1357.16,20.1333,443.933,1394.23,33.7345,416.953,1407.55,,,,,,,,,,,,,-554.638,210.531,810.652,-522.614,259.131,825.682,-545.038,216.29,772.22,-513.436,263.927,787.183,-500.514,367.002,1638.6,-604.203,336.592,1615.2,-486.322,486.183,1649.36,-577.273,542.468,1630
1435,0,-64.4607,597.744,1319.12,-22.1275,521.315,1357.16,20.1361,443.982,1394.25,33.8822,417.334,1407.15,,,,,,,,,,,,,-554.64,210.539,810.645,-522.601,259.143,825.711,-545.031,216.295,772.216,-513.434,263.969,787.18,-500.543,367.012,1638.61,-603.807,336.507,1615.21,-486.344,486.193,1649.37,-577.311,542.459,1630.01
1436,0,-64.4596,597.79,1319.11,-22.1078,521.361,1357.16,20.1499,444.043,1394.24,33.8876,417.378,1407.16,,,,,,,,,,,,,-554.623,210.544,810.66,-522.594,259.155,825.718,-545.013,216.312,772.215,-513.429,264.007,787.164,-500.568,367.03,1638.6,-603.824,336.549,1615.19,-486.391,486.199,1649.38,-577.374,542.473,1630.01
1437,0,-64.4515,597.846,1319.12,-22.0944,521.421,1357.16,20.1706,444.1,1394.24,33.9004,417.454,1407.15,,,,,,,,,,,,,-554.613,210.584,810.678,-522.595,259.177,825.732,-545,216.345,772.208,-513.422,264.046,787.165,-500.602,367.033,1638.6,-604.291,336.615,1615.02,-486.418,486.212,1649.39,-577.433,542.488,1630.03
1438,0,-64.4554,597.897,1319.15,-22.0855,521.48,1357.17,20.1847,444.156,1394.25,33.9133,417.509,1407.18,,,,,,,,,,,,,-554.592,210.541,810.71,-522.587,259.209,825.727,-545.213,215.787,772.205,-513.41,264.088,787.166,-500.603,367.053,1638.61,-603.89,336.526,1615.23,-486.455,486.235,1649.38,-577.462,542.485,1630.03
1439,0,-64.4644,597.937,1319.16,-22.1083,521.509,1357.19,20.1706,444.187,1394.27,33.9185,417.531,1407.17,,,,,,,,,,,,,-554.567,210.559,810.723,-522.575,259.226,825.729,-545.213,215.789,772.205,-513.427,264.117,787.155,-500.638,367.057,1638.61,-604.336,336.605,1615.09,-486.5,486.247,1649.38,-577.51,542.469,1630.03
1440,0,-64.4758,597.949,1319.19,-22.1277,521.522,1357.19,20.1519,444.196,1394.27,33.8984,417.513,1407.18,,,,,,,,,,,,,-554.549,210.583,810.744,-522.541,259.242,825.755,-545.172,215.795,772.219,-513.383,264.112,787.166,-500.654,367.076,1638.59,-603.898,336.498,1615.18,-486.524,486.259,1649.39,-577.558,542.492,1630.03
1441,0,-64.5046,597.981,1319.22,-22.1434,521.533,1357.2,20.1321,444.193,1394.27,33.9138,417.525,1407.15,,,,,,,,,,,,,-554.556,210.592,810.754,-522.552,259.289,825.744,-545.172,215.823,772.203,-513.373,264.143,787.181,-500.686,367.078,1638.58,-604.275,336.561,1615.17,-486.554,486.27,1649.37,-577.589,542.488,1630.03
1442,0,-64.5135,598,1319.24,-22.1557,521.549,1357.21,20.1251,444.212,1394.27,33.8561,417.529,1407.19,,,,,,,,,,,,,-554.5,210.617,810.725,-522.536,259.305,825.754,-545.153,215.835,772.237,-513.401,264.243,787.154,-500.689,367.103,1638.58,-603.959,336.588,1615.19,-486.597,486.288,1649.36,-577.63,542.507,1630.02
1443,0,-64.5243,598.03,1319.27,-22.1667,521.58,1357.24,20.1156,444.231,1394.28,33.9148,417.565,1407.16,,,,,,,,,,,,,-554.484,210.647,810.748,-522.522,259.336,825.764,-545.142,215.836,772.278,-513.355,264.202,787.178,-500.723,367.103,1638.58,-603.978,336.527,1615.17,-486.633,486.317,1649.35,-577.679,542.51,1630.03
1444,0,-64.5236,598.064,1319.3,-22.1518,521.614,1357.26,20.1324,444.27,1394.3,33.9207,417.609,1407.14,,,,,,,,,,,,,-554.448,210.658,810.754,-522.473,259.464,825.706,-545.143,215.78,772.271,-513.35,264.254,787.188,-500.729,367.124,1638.57,-604.423,336.622,1615.17,-486.66,486.315,1649.35,-577.707,542.527,1630.03
1445,0,-64.5168,598.084,1319.34,-22.1547,521.627,1357.29,20.1448,444.287,1394.3,33.9313,417.615,1407.17,,,,,,,,,,,,,-554.642,210.559,811.075,-522.493,259.4,825.835,-545.194,215.742,772.307,-513.321,264.309,787.217,-500.758,367.133,1638.57,-604.035,336.59,1615.2,-486.686,486.316,1649.36,-577.739,542.522,1630.03
1446,0,-64.5359,598.114,1319.36,-22.1528,521.654,1357.32,20.1496,444.308,1394.31,33.9307,417.64,1407.15,,,,,,,,,,,,,-554.445,210.675,810.841,-522.484,259.428,825.851,-545.189,215.698,772.273,-513.33,264.353,787.209,-500.797,367.15,1638.57,-604.36,336.71,1614.97,-486.725,486.345,1649.35,-577.802,542.536,1630.04
1447,0,-64.5313,598.132,1319.39,-22.1577,521.667,1357.33,20.1444,444.3,1394.33,33.922,417.669,1407.18,,,,,,,,,,,,,-554.415,210.697,810.853,-522.469,259.455,825.859,-545.223,215.607,772.323,-513.316,264.353,787.225,-500.831,367.16,1638.58,-604.139,336.682,1615.14,-486.749,486.372,1649.35,-577.817,542.546,1630.04
1448,0,-64.5599,598.141,1319.42,-22.1785,521.671,1357.36,20.1483,444.312,1394.32,33.948,417.662,1407.16,,,,,,,,,,,,,-554.404,210.72,810.87,-522.461,259.458,825.866,-545.242,215.584,772.31,-513.311,264.386,787.238,-500.869,367.174,1638.6,-604.521,336.833,1614.9,-486.793,486.39,1649.37,-577.867,542.566,1630.05
1449,0,-64.5722,598.15,1319.46,-22.1915,521.677,1357.38,20.1281,444.292,1394.3,33.9437,417.647,1407.14,,,,,,,,,,,,,-554.392,210.716,810.886,-522.457,259.481,825.901,-545.28,215.485,772.312,-513.299,264.393,787.278,-500.9,367.193,1638.61,-604.173,336.719,1615.09,-486.842,486.413,1649.36,-577.925,542.589,1630.06
1450,0,-64.579,598.159,1319.49,-22.2073,521.691,1357.41,20.1247,444.316,1394.32,33.9371,417.657,1407.15,,,,,,,,,,,,,-554.556,210.617,811.161,-522.438,259.476,825.954,-545.304,215.399,772.371,-513.265,264.366,787.307,-500.934,367.204,1638.62,-604.611,336.821,1615,-486.857,486.422,1649.37,-577.947,542.594,1630.06
1451,0,-64.6218,598.18,1319.52,-22.2135,521.71,1357.44,20.122,444.328,1394.35,33.932,417.677,1407.14,,,,,,,,,,,,,-554.345,210.719,810.925,-522.445,259.467,825.95,-545.332,215.351,772.326,-513.31,264.407,787.303,-500.976,367.209,1638.64,-604.202,336.734,1615.1,-486.903,486.453,1649.38,-578.02,542.633,1630.1
1452,0,-64.6299,598.192,1319.55,-22.2045,521.724,1357.45,20.1348,444.344,1394.36,33.936,417.678,1407.17,,,,,,,,,,,,,-554.359,210.728,810.941,-522.451,259.468,825.968,-545.358,215.208,772.296,-513.294,264.405,787.321,-501.008,367.252,1638.64,-604.303,336.793,1615.18,-486.947,486.464,1649.4,-578.054,542.648,1630.08
1453,0,-64.6637,598.191,1319.57,-22.2193,521.737,1357.46,20.1303,444.357,1394.38,33.9032,417.688,1407.2,,,,,,,,,,,,,-554.338,210.71,810.941,-522.423,259.462,825.974,-545.38,215.204,772.259,-513.288,264.41,787.349,-501.045,367.272,1638.64,-604.67,336.776,1615.23,-486.98,486.48,1649.4,-578.097,542.671,1630.08
1454,0,-64.6761,598.196,1319.58,-22.2304,521.743,1357.47,20.1297,444.358,1394.39,33.8857,417.687,1407.24,,,,,,,,,,,,,-554.322,210.697,810.98,-522.406,259.43,826.038,-545.38,215.206,772.394,-513.28,264.364,787.374,-501.109,367.301,1638.66,-604.359,336.846,1615.15,-487.025,486.498,1649.42,-578.159,542.702,1630.11
1455,0,-64.7056,598.183,1319.61,-22.253,521.725,1357.49,20.105,444.349,1394.39,33.8676,417.691,1407.23,,,,,,,,,,,,,-554.345,210.688,810.968,-522.409,259.467,826.031,-545.365,215.169,772.386,-513.295,264.369,787.38,-501.164,367.335,1638.68,-604.387,336.75,1615.26,-487.063,486.524,1649.42,-578.195,542.706,1630.11
1456,0,-64.7347,598.185,1319.64,-22.2689,521.724,1357.5,20.0815,444.344,1394.39,33.92,417.69,1407.19,,,,,,,,,,,,,-554.333,210.663,811.008,-522.422,259.408,826.059,-545.374,215.18,772.429,-513.297,264.316,787.439,-501.23,367.359,1638.72,-604.784,336.876,1615.07,-487.126,486.544,1649.47,-578.258,542.751,1630.13
1457,0,-64.7423,598.172,1319.64,-22.2673,521.722,1357.5,20.0946,444.341,1394.4,33.8875,417.68,1407.21,,,,,,,,,,,,,-554.327,210.648,810.993,-522.43,259.373,826.101,-545.383,215.086,772.47,-513.271,264.273,787.483,-501.294,367.39,1638.74,-604.475,336.785,1615.28,-487.194,486.576,1649.48,-578.314,542.77,1630.14
1458,0,-64.737,598.197,1319.65,-22.2708,521.74,1357.51,20.0936,444.351,1394.4,33.8939,417.707,1407.2,,,,,,,,,,,,,-554.314,210.635,810.997,-522.409,259.35,826.099,-545.327,215.1,772.526,-513.292,264.283,787.45,-501.343,367.407,1638.78,-604.917,336.889,1615.19,-487.241,486.6,1649.5,-578.386,542.805,1630.16
1459,0,-64.7171,598.217,1319.64,-22.2728,521.754,1357.51,20.0982,444.368,1394.41,33.9291,417.697,1407.22,,,,,,,,,,,,,-554.303,210.605,811.036,-522.415,259.33,826.144,-545.417,214.953,772.577,-513.287,264.226,787.514,-501.397,367.434,1638.81,-604.959,336.961,1615.2,-487.31,486.619,1649.54,-578.462,542.834,1630.17
1460,0,-64.7271,598.228,1319.66,-22.2623,521.77,1357.53,20.1124,444.38,1394.43,33.8704,417.725,1407.27,,,,,,,,,,,,,-554.295,210.59,811.034,-522.422,259.301,826.145,-545.35,215.004,772.589,-513.301,264.166,787.556,-501.457,367.476,1638.85,-604.664,336.863,1615.4,-487.382,486.65,1649.56,-578.511,542.868,1630.18
1461,0,-64.695,598.249,1319.66,-22.2369,521.792,1357.54,20.146,444.399,1394.42,33.9025,417.73,1407.25,,,,,,,,,,,,,-554.267,210.572,811.026,-522.391,259.286,826.157,-545.266,215.128,772.672,-513.258,264.124,787.606,-501.504,367.492,1638.91,-605.09,336.969,1615.23,-487.436,486.681,1649.6,-578.56,542.891,1630.19
1462,0,-64.7072,598.259,1319.68,-22.2269,521.82,1357.55,20.1455,444.417,1394.44,33.9616,417.753,1407.23,,,,,,,,,,,,,-554.263,210.549,811.046,-522.422,259.24,826.175,-545.378,214.851,772.65,-513.303,264.099,787.609,-501.576,367.526,1638.92,-604.706,336.943,1615.31,-487.515,486.718,1649.63,-578.641,542.934,1630.2
1463,0,-64.7153,598.26,1319.69,-22.2342,521.815,1357.57,20.1534,444.419,1394.46,33.9145,417.743,1407.28,,,,,,,,,,,,,-554.253,210.524,811.039,-522.409,259.22,826.214,-545.421,214.667,772.768,-513.286,264.043,787.645,-501.629,367.551,1638.96,-605.046,336.993,1615.37,-487.587,486.751,1649.65,-578.688,542.963,1630.21
1464,0,-64.725,598.259,1319.72,-22.2308,521.801,1357.59,20.1556,444.409,1394.48,33.9781,417.731,1407.27,,,,,,,,,,,,,-554.248,210.494,811.016,-522.389,259.21,826.221,-545.418,214.626,772.854,-513.284,263.974,787.721,-501.679,367.597,1638.97,-604.875,337.012,1615.43,-487.636,486.778,1649.68,-578.741,542.985,1630.22
1465,0,-64.7334,598.233,1319.74,-22.2195,521.781,1357.59,20.1657,444.394,1394.49,33.9896,417.734,1407.28,,,,,,,,,,,,,-554.239,210.469,811.013,-522.371,259.191,826.234,-544.807,216.032,772.888,-513.291,264.001,787.698,-501.745,367.618,1639.01,-605.309,337.056,1615.48,-487.72,486.79,1649.7,-578.805,543.024,1630.23
1466,0,-64.7404,598.208,1319.75,-22.2158,521.76,1357.6,20.1724,444.372,1394.49,33.9595,417.71,1407.27,,,,,,,,,,,,,-554.209,210.452,811.006,-522.374,259.181,826.258,-545.045,215.355,772.964,-513.284,263.911,787.738,-501.823,367.69,1639,-604.956,337.023,1615.44,-487.785,486.819,1649.73,-578.862,543.049,1630.24
1467,0,-64.7507,598.186,1319.77,-22.2295,521.732,1357.61,20.1711,444.347,1394.5,33.9329,417.685,1407.32,,,,,,,,,,,,,-554.208,210.425,811.07,-522.36,259.163,826.283,-545.047,215.282,773.048,-513.28,263.858,787.791,-501.902,367.722,1639.03,-605.35,337.179,1615.46,-487.86,486.844,1649.77,-578.937,543.077,1630.26
1468,0,-64.7783,598.16,1319.79,-22.237,521.697,1357.62,20.1664,444.322,1394.51,33.9472,417.649,1407.3,,,,,,,,,,,,,-554.199,210.393,811.084,-522.367,259.157,826.314,-545.079,215.14,773.133,-513.26,263.795,787.843,-501.929,367.735,1639.08,-605.157,337.088,1615.55,-487.929,486.874,1649.79,-578.999,543.111,1630.27
1469,0,-64.7757,598.128,1319.8,-22.2374,521.669,1357.62,20.1745,444.29,1394.51,33.9365,417.625,1407.3,,,,,,,,,,,,,-554.187,210.353,811.12,-522.31,259.148,826.319,-545.085,215.027,773.217,-513.25,263.77,787.862,-501.985,367.747,1639.1,-605.469,337.144,1615.51,-487.987,486.903,1649.81,-579.04,543.139,1630.26
1470,0,-64.7892,598.1,1319.83,-22.2488,521.65,1357.64,20.1652,444.253,1394.52,33.9895,417.581,1407.28,,,,,,,,,,,,,-554.173,210.322,811.133,-522.295,259.096,826.353,-545.081,215.001,773.274,-513.236,263.718,787.882,-502.062,367.774,1639.11,-605.248,337.143,1615.54,-488.053,486.924,1649.84,-579.105,543.168,1630.27
1471,0,-64.8145,598.08,1319.87,-22.2517,521.627,1357.66,20.1542,444.229,1394.52,33.939,417.571,1407.31,,,,,,,,,,,,,-554.172,210.276,811.155,-522.275,259.107,826.378,-545.041,215.035,773.278,-513.222,263.655,787.927,-502.115,367.805,1639.14,-605.333,337.16,1615.58,-488.131,486.959,1649.86,-579.179,543.2,1630.27
1472,0,-64.8166,598.059,1319.9,-22.2631,521.597,1357.68,20.1479,444.207,1394.53,33.91,417.561,1407.33,,,,,,,,,,,,,-554.161,210.247,811.196,-522.252,259.037,826.45,-545.037,215.115,773.246,-513.245,263.696,787.91,-502.186,367.847,1639.16,-605.639,337.299,1615.47,-488.199,486.989,1649.86,-579.236,543.22,1630.27
1473,0,-64.8016,598.022,1319.91,-22.2638,521.569,1357.69,20.1587,444.174,1394.54,33.9321,417.538,1407.3,,,,,,,,,,,,,-554.145,210.207,811.203,-522.231,258.993,826.506,-545.072,214.962,773.334,-513.22,263.673,787.945,-502.245,367.86,1639.18,-605.451,337.25,1615.6,-488.281,487.005,1649.9,-579.282,543.237,1630.28
1474,0,-64.818,597.996,1319.92,-22.2653,521.546,1357.7,20.1618,444.144,1394.54,33.8966,417.52,1407.32,,,,,,,,,,,,,-554.131,210.172,811.259,-522.205,258.948,826.536,-545.133,214.599,773.411,-513.188,263.632,787.976,-502.29,367.89,1639.2,-605.483,337.304,1615.55,-488.337,487.032,1649.91,-579.346,543.273,1630.27
1475,0,-64.8149,597.973,1319.92,-22.2647,521.517,1357.71,20.1617,444.117,1394.54,33.9074,417.487,1407.31,,,,,,,,,,,,,-554.094,210.166,811.305,-522.198,258.916,826.56,-545.132,214.595,773.446,-513.199,263.616,788.005,-502.354,367.933,1639.22,-605.927,337.361,1615.5,-488.383,487.055,1649.93,-579.406,543.294,1630.26
1476,0,-64.8445,597.946,1319.93,-22.2781,521.492,1357.73,20.1439,444.075,1394.57,33.8441,417.477,1407.35,,,,,,,,,,,,,-554.081,210.153,811.363,-522.203,258.848,826.627,-545.114,214.398,773.394,-513.184,263.599,788.037,-502.433,367.957,1639.24,-605.623,337.35,1615.61,-488.449,487.087,1649.95,-579.487,543.323,1630.28
1477,0,-64.8467,597.894,1319.95,-22.2946,521.454,1357.73,20.1322,444.043,1394.56,33.8023,417.409,1407.38,,,,,,,,,,,,,-554.095,210.094,811.435,-522.191,258.816,826.648,-545.103,214.498,773.481,-513.143,263.539,788.109,-502.52,367.99,1639.26,-606.049,337.389,1615.56,-488.532,487.125,1649.96,-579.548,543.342,1630.28
1478,0,-64.8648,597.866,1319.97,-22.3093,521.407,1357.73,20.1017,443.994,1394.57,33.8175,417.366,1407.34,,,,,,,,,,,,,-554.072,210.069,811.489,-522.151,258.793,826.683,-545.151,214.21,773.625,-513.104,263.522,788.176,-502.604,368.015,1639.27,-605.769,337.386,1615.66,-488.61,487.138,1649.97,-579.609,543.37,1630.29
1479,0,-64.8969,597.824,1320,-22.341,521.359,1357.75,20.0714,443.939,1394.57,33.7154,417.049,1407.63,,,,,,,,,,,,,-554.049,210.069,811.514,-522.173,258.687,826.809,-545.212,214.039,773.7,-513.129,263.508,788.183,-502.701,368.063,1639.28,-606.238,337.502,1615.59,-488.679,487.163,1649.99,-579.674,543.371,1630.3
1480,0,-64.9283,597.802,1320.03,-22.3686,521.324,1357.76,20.0491,443.899,1394.56,33.7007,417.026,1407.62,,,,,,,,,,,,,-554.03,210.048,811.525,-522.137,258.753,826.753,-545.328,213.812,773.86,-513.121,263.473,788.232,-502.776,368.092,1639.32,-606.291,337.483,1615.55,-488.758,487.198,1650.01,-579.742,543.4,1630.3
1481,0,-64.9314,597.775,1320.08,-22.3793,521.292,1357.77,20.0502,443.867,1394.55,33.7152,416.946,1407.66,,,,,,,,,,,,,-554.007,210.047,811.592,-522.132,258.624,826.86,-545.327,213.461,773.878,-513.11,263.496,788.249,-502.854,368.114,1639.36,-606.223,337.553,1615.59,-488.819,487.219,1650.03,-579.821,543.426,1630.3
1482,0,-64.9364,597.749,1320.13,-22.3774,521.277,1357.8,20.0579,443.843,1394.57,33.7745,416.897,1407.64,,,,,,,,,,,,,-554,210.022,811.634,-522.141,258.597,826.907,-545.289,213.761,773.924,-513.082,263.465,788.307,-502.929,368.133,1639.4,-606.052,337.487,1615.74,-488.893,487.229,1650.08,-579.878,543.439,1630.32
1483,0,-64.9712,597.749,1320.17,-22.3865,521.262,1357.85,20.0362,443.823,1394.6,33.6676,416.898,1407.68,,,,,,,,,,,,,-553.972,210.018,811.639,-522.123,258.606,826.917,-545.256,213.82,773.941,-513.073,263.43,788.331,-503.005,368.135,1639.43,-606.138,337.517,1615.78,-488.953,487.25,1650.1,-579.955,543.459,1630.33
1484,0,-64.9819,597.759,1320.26,-22.4248,521.27,1357.92,20.0058,443.818,1394.63,33.5259,416.889,1407.84,,,,,,,,,,,,,-553.987,209.979,811.701,-522.137,258.558,826.988,-545.213,213.827,773.964,-513.094,263.402,788.347,-503.075,368.158,1639.45,-606.251,337.66,1615.72,-489.035,487.265,1650.13,-580.009,543.471,1630.34
1485,0,-65.0038,597.775,1320.33,-22.4527,521.289,1357.99,19.9861,443.823,1394.69,33.4774,416.889,1407.94,,,,,,,,,,,,,-553.972,209.987,811.749,-522.109,258.554,827.033,-545.262,213.722,774.02,-513.062,263.393,788.402,-503.155,368.165,1639.47,-606.328,337.65,1615.72,-489.102,487.27,1650.16,-580.075,543.479,1630.36
1486,0,-65.0026,597.811,1320.42,-22.4872,521.346,1358.1,19.9617,443.866,1394.77,33.5026,416.917,1408.03,,,,,,,,,,,,,-553.979,209.935,811.808,-522.102,258.524,827.052,-545.187,213.841,773.992,-513.034,263.334,788.456,-503.222,368.181,1639.48,-606.395,337.726,1615.69,-489.167,487.284,1650.18,-580.128,543.497,1630.37
1487,0,-65.0067,597.879,1320.55,-22.5157,521.424,1358.24,19.9517,443.945,1394.92,33.505,417,1408.16,,,,,,,,,,,,,-553.997,209.901,811.87,-522.114,258.52,827.07,-545.133,213.947,774.063,-513.051,263.304,788.505,-503.307,368.183,1639.51,-606.485,337.703,1615.73,-489.24,487.293,1650.2,-580.182,543.501,1630.38
1488,0,-64.9877,597.965,1320.65,-22.509,521.542,1358.43,19.9655,444.078,1395.13,33.4866,417.112,1408.55,,,,,,,,,,,,,-553.977,209.904,811.951,-522.111,258.499,827.12,-545.097,214.017,774.079,-513.058,263.243,788.565,-503.378,368.182,1639.54,-606.556,337.663,1615.71,-489.313,487.308,1650.23,-580.252,543.521,1630.4
1489,0,-64.9844,598.075,1320.8,-22.5019,521.69,1358.67,19.9679,444.284,1395.41,33.6754,417.32,1408.69,,,,,,,,,,,,,-554.005,209.813,812.06,-522.103,258.478,827.152,-545.107,213.972,774.085,-513.052,263.239,788.635,-503.453,368.2,1639.55,-606.974,337.696,1615.87,-489.38,487.302,1650.25,-580.311,543.544,1630.42
1490,0,-64.9966,598.221,1321.03,-22.4929,521.879,1358.94,19.9818,444.502,1395.79,33.699,417.605,1409.08,,,,,,,,,,,,,-554.029,209.765,812.113,-522.12,258.436,827.177,-545.058,214.083,774.125,-513.029,263.173,788.701,-503.546,368.199,1639.57,-606.808,337.81,1615.66,-489.444,487.314,1650.25,-580.359,543.541,1630.42
1491,0,-65.0145,598.421,1321.3,-22.4911,522.112,1359.27,19.9776,444.755,1396.28,33.7122,417.759,1409.7,,,,,,,,,,,,,-554.022,209.763,812.16,-522.107,258.42,827.239,-545.072,214.042,774.109,-513.028,263.173,788.737,-503.607,368.209,1639.59,-607.111,337.806,1615.68,-489.536,487.329,1650.25,-580.42,543.557,1630.43
1492,0,-65.0363,598.701,1321.65,-22.4882,522.391,1359.69,19.9512,445.116,1396.94,33.4479,418.264,1410.47,,,,,,,,,,,,,-554.009,209.738,812.178,-522.114,258.425,827.225,-545.027,214.092,774.079,-513.058,263.111,788.785,-503.666,368.211,1639.62,-607.234,337.798,1615.7,-489.6,487.352,1650.27,-580.483,543.581,1630.43
1493,0,-65.0776,598.982,1322.02,-22.5239,522.716,1360.23,19.9502,445.511,1397.58,33.6458,418.57,1410.97,,,,,,,,,,,,,-554.008,209.731,812.235,-522.134,258.353,827.252,-545.029,213.838,774.061,-513.044,263.168,788.756,-503.748,368.197,1639.65,-606.947,337.781,1615.81,-489.663,487.348,1650.29,-580.568,543.613,1630.46
1494,0,-65.1427,599.245,1322.43,-22.5863,523.105,1360.85,19.8843,446.011,1398.28,33.3998,419.299,1411.92,,,,,,,,,,,,,-554.161,209.325,812.658,-522.138,258.343,827.27,-545.038,213.759,774.054,-513.031,263.087,788.869,-503.817,368.221,1639.66,-607.344,337.823,1615.73,-489.734,487.368,1650.3,-580.641,543.63,1630.47
1495,0,-65.1724,599.57,1322.94,-22.6875,523.585,1361.56,19.7736,446.557,1399.14,33.3434,419.862,1412.74,,,,,,,,,,,,,-554.127,209.318,812.667,-522.113,258.357,827.322,-544.936,214.194,774.115,-513.04,263.035,788.895,-503.894,368.24,1639.69,-607.078,337.707,1615.89,-489.799,487.388,1650.33,-580.718,543.661,1630.48
1496,0,-65.2626,599.989,1323.53,-22.7918,524.089,1362.31,19.6646,447.166,1400.13,33.2833,420.493,1413.73,,,,,,,,,,,,,-554.148,209.299,812.717,-522.122,258.324,827.364,-544.956,213.953,774.065,-513.066,263.047,788.903,-503.969,368.294,1639.71,-607.201,337.866,1615.85,-489.866,487.415,1650.33,-580.823,543.683,1630.49
1497,0,-65.3952,600.479,1324.15,-22.9863,524.593,1363.17,19.4456,447.979,1401.32,32.8778,421.052,1414.84,,,,,,,,,,,,,-554.14,209.28,812.757,-522.111,258.313,827.396,-544.867,214.244,774.13,-513.037,263.037,788.959,-504.041,368.34,1639.72,-607.518,337.895,1615.76,-489.92,487.444,1650.35,-580.916,543.723,1630.5
1498,0,-65.6749,601.013,1324.87,-23.2058,525.209,1364.06,19.2678,448.596,1402.85,32.8416,422.138,1415.89,,,,,,,,,,,,,-554.148,209.246,812.792,-522.13,258.264,827.408,-545.056,213.534,774.037,-513.033,263.003,789.005,-504.115,368.388,1639.73,-607.529,337.866,1615.82,-489.997,487.487,1650.38,-581.003,543.763,1630.51
1499,0,-65.9162,601.608,1325.73,-23.5889,525.786,1365.11,18.8639,449.263,1404.11,32.5015,422.963,1417.06,,,,,,,,,,,,,-554.152,209.244,812.819,-522.123,258.254,827.452,-545.072,213.764,774.135,-513.056,263.012,789.02,-504.194,368.428,1639.75,-607.416,337.841,1615.98,-490.094,487.539,1650.42,-581.106,543.813,1630.5
1500,0,-66.1985,602.116,1326.71,-23.9855,526.465,1366.28,18.404,449.942,1405.42,32.0243,423.574,1418.47,,,,,,,,,,,,,-554.137,209.211,812.857,-522.123,258.268,827.492,-545.017,213.801,774.183,-513.065,262.984,789.02,-504.243,368.472,1639.77,-607.467,337.869,1615.98,-490.18,487.589,1650.43,-581.205,543.836,1630.51
1501,0,-66.5347,602.721,1327.69,-24.5178,527.081,1367.54,17.586,450.663,1407.05,31.5572,424.458,1419.7,,,,,,,,,,,,,-554.155,209.21,812.894,-522.131,258.219,827.56,-545.023,213.584,774.1,-513.055,262.965,789.065,-504.322,368.525,1639.79,-607.872,337.945,1615.93,-490.266,487.638,1650.45,-581.308,543.883,1630.55
1502,0,-66.8887,603.434,1328.73,-25.1051,527.845,1368.82,16.8399,451.442,1408.62,30.8244,425.069,1421.39,,,,,,,,,,,,,-554.148,209.179,812.935,-522.122,258.182,827.594,-545.068,213.463,774.121,-513.049,262.974,789.125,-504.384,368.564,1639.82,-607.588,337.907,1616,-490.357,487.697,1650.47,-581.407,543.931,1630.56
1503,0,-67.2594,604.187,1329.8,-25.8513,528.545,1370.27,15.758,452.115,1410.43,29.7493,426.023,1422.95,,,,,,,,,,,,,-554.135,209.157,812.98,-522.132,258.177,827.628,-545.109,213.41,774.091,-513.061,262.963,789.163,-504.455,368.629,1639.84,-607.638,337.938,1615.99,-490.471,487.752,1650.49,-581.535,543.99,1630.58
1504,0,-67.7616,605.025,1331.06,-26.5997,529.299,1371.82,14.6138,452.666,1411.99,28.647,426.893,1424.82,,,,,,,,,,,,,-554.017,209.271,812.851,-522.142,258.155,827.653,-545.01,213.813,774.243,-513.058,262.967,789.225,-504.539,368.699,1639.87,-607.69,338.001,1616.03,-490.56,487.812,1650.51,-581.63,544.032,1630.58
1505,0,-68.1311,605.868,1332.35,-27.4335,530.167,1373.39,13.4455,453.685,1414.22,27.2397,427.622,1426.88,,,,,,,,,,,,,-554.137,209.137,813.09,-522.139,258.141,827.703,-545.029,213.762,774.252,-513.065,262.943,789.251,-504.648,368.768,1639.88,-607.765,337.988,1616.06,-490.661,487.886,1650.53,-581.732,544.084,1630.58
1506,0,-68.6151,606.838,1333.74,-28.2165,531.084,1375.04,12.1904,454.571,1416.07,26.0603,428.682,1428.75,,,,,,,,,,,,,-554.137,209.138,813.141,-522.145,258.144,827.711,-544.968,213.869,774.307,-513.071,262.941,789.307,-504.693,368.828,1639.89,-607.802,338.09,1616.05,-490.751,487.938,1650.56,-581.833,544.116,1630.59
1507,0,-68.9238,607.829,1335.13,-29.0589,532.038,1376.84,10.9129,455.409,1418.28,24.6486,429.493,1431.02,,,,,,,,,,,,,-554.478,208.704,813.688,-522.147,258.125,827.867,-545.002,213.793,774.305,-513.079,262.945,789.344,-504.759,368.888,1639.89,-608.29,338.162,1615.96,-490.834,487.999,1650.56,-581.91,544.16,1630.58
1508,0,-69.2686,609.005,1336.5,-29.8351,533.115,1378.54,9.70588,456.486,1420.2,23.4029,430.582,1432.99,,,,,,,,,,,,,-554.214,209.043,813.303,-522.137,258.128,827.883,-544.974,213.802,774.375,-513.072,262.95,789.374,-504.819,368.947,1639.9,-608.319,338.213,1616.11,-490.908,488.064,1650.58,-581.987,544.202,1630.58
1509,0,-69.5704,610.125,1337.99,-30.5351,534.221,1380.27,8.554,457.522,1422.26,22.096,431.624,1435.21,,,,,,,,,,,,,-554.44,208.705,813.738,-522.128,258.192,827.886,-544.956,213.823,774.41,-513.08,262.953,789.425,-504.862,369.015,1639.91,-608.414,338.254,1616.08,-490.88,488.189,1650.67,-582.066,544.25,1630.57
1510,0,-69.8026,611.399,1339.45,-31.2144,535.406,1382.04,7.45515,458.658,1424.27,20.8316,432.815,1437.15,,,,,,,,,,,,,-554.256,209.119,813.403,-522.122,258.182,827.925,-544.93,213.807,774.44,-513.06,262.957,789.475,-504.909,369.066,1639.91,-608.356,338.279,1616.06,-490.967,488.251,1650.62,-582.135,544.297,1630.58
1511,0,-69.8284,612.792,1340.96,-31.8106,536.701,1383.73,6.45538,459.847,1426.07,19.6315,433.906,1439.25,,,,,,,,,,,,,-554.234,209.096,813.448,-522.111,258.184,827.961,-544.915,213.811,774.431,-513.06,262.946,789.503,-504.937,369.134,1639.89,-608.42,338.324,1616.04,-491.036,488.318,1650.59,-582.188,544.336,1630.55
1512,0,-69.9868,614.318,1342.54,-32.2801,538.088,1385.37,5.38936,460.828,1427.91,18.64,435.148,1440.92,,,,,,,,,,,,,-554.002,209.306,813.168,-522.092,258.193,828.019,-544.886,213.838,774.469,-513.059,262.938,789.529,-504.967,369.209,1639.86,-608.052,338.28,1616.12,-491.085,488.383,1650.56,-582.239,544.379,1630.53
1513,0,-69.8684,615.927,1344.03,-32.7527,539.459,1386.98,4.49579,462.017,1429.4,17.6486,436.396,1442.41,,,,,,,,,,,,,-554.008,209.268,813.209,-522.087,258.161,828.031,-544.879,213.802,774.481,-513.055,262.938,789.56,-505.035,369.315,1639.78,-608.463,338.397,1615.93,-491.153,488.461,1650.51,-582.323,544.44,1630.52
1514,0,-69.7957,617.716,1345.48,-33.0654,540.943,1388.4,3.58025,463.211,1430.84,16.606,437.474,1443.83,,,,,,,,,,,,,-554.173,209.063,813.541,-522.081,258.154,828.094,-544.849,213.83,774.513,-513.036,262.969,789.595,-505.044,369.393,1639.71,-608.053,338.373,1616.05,-491.19,488.561,1650.43,-582.361,544.483,1630.49
1515,0,-69.4585,619.539,1346.91,-33.429,542.471,1389.71,2.80996,464.621,1432.17,15.4865,438.545,1445.17,,,,,,,,,,,,,-553.942,209.258,813.264,-522.075,258.204,828.102,-544.845,213.809,774.538,-513.024,262.957,789.609,-505.027,369.471,1639.64,-608.052,338.402,1616.06,-491.198,488.661,1650.35,-582.433,544.542,1630.44
1516,0,-69.1735,621.492,1348.24,-33.638,544.028,1390.77,1.99913,465.837,1433.05,14.6645,439.604,1445.77,,,,,,,,,,,,,-553.913,209.263,813.307,-522.055,258.175,828.144,-544.791,213.863,774.584,-513.008,262.973,789.651,-504.998,369.535,1639.58,-608.471,338.493,1615.95,-491.213,488.758,1650.25,-582.496,544.601,1630.42
1517,0,-68.7168,623.554,1349.51,-33.8835,545.694,1391.74,1.15239,466.773,1433.52,13.5307,440.54,1446.49,,,,,,,,,,,,,-553.886,209.24,813.328,-522.063,258.171,828.188,-544.757,213.86,774.645,-512.999,262.939,789.689,-504.965,369.577,1639.51,-608.447,338.598,1615.88,-491.206,488.87,1650.16,-582.528,544.646,1630.37
1518,0,-68.1751,625.73,1350.77,-33.8881,547.3,1392.56,0.580585,468.265,1434.05,12.6449,441.711,1446.61,,,,,,,,,,,,,-553.859,209.235,813.345,-522.095,258.088,828.278,-544.732,213.861,774.656,-513.003,262.953,789.662,-504.949,369.664,1639.42,-607.973,338.521,1615.96,-491.221,488.979,1650.04,-582.56,544.701,1630.31
1519,0,-67.5545,628.017,1351.97,-33.8836,549.106,1393.21,0.0453545,469.514,1434.17,12.0056,442.672,1446.59,,,,,,,,,,,,,-553.845,209.232,813.381,-522.063,258.122,828.37,-544.688,213.912,774.787,-512.982,262.953,789.726,-504.961,369.812,1639.3,-608.3,338.698,1615.69,-491.226,489.088,1649.92,-582.63,544.763,1630.26
1520,0,-66.7668,630.374,1353.11,-33.6982,550.939,1393.79,-0.401927,470.765,1434.18,11.1661,443.865,1446.58,,,,,,,,,,,,,-553.785,209.239,813.344,-522.052,258.118,828.395,-544.672,213.892,774.801,-512.968,262.982,789.753,-504.946,369.94,1639.17,-608.329,338.704,1615.75,-491.219,489.193,1649.81,-582.669,544.821,1630.19
1521,0,-65.8924,632.85,1354.25,-33.3717,552.876,1394.24,-0.592613,472.127,1434.15,11.0073,445.009,1446.16,,,,,,,,,,,,,-553.768,209.242,813.366,-522.049,258.132,828.431,-544.629,213.907,774.847,-512.951,262.959,789.779,-504.878,370.022,1639.06,-607.845,338.701,1615.8,-491.203,489.305,1649.69,-582.71,544.888,1630.14
1522,0,-64.8826,635.385,1355.31,-32.8443,554.885,1394.74,-0.385528,473.787,1433.84,10.7112,446.542,1445.72,,,,,,,,,,,,,-553.71,209.26,813.362,-522.02,258.118,828.449,-544.602,213.971,774.886,-512.928,262.975,789.805,-504.824,370.139,1638.93,-608.176,338.822,1615.66,-491.182,489.415,1649.58,-582.744,544.953,1630.08
1523,0,-63.6481,638.003,1356.41,-32.0934,557.035,1395.24,-0.0863354,475.416,1433.7,11.0968,447.907,1445.37,,,,,,,,,,,,,-553.666,209.261,813.361,-522.025,258.124,828.486,-544.537,214.057,774.922,-512.915,262.995,789.847,-504.717,370.241,1638.8,-607.989,338.896,1615.54,-491.168,489.529,1649.5,-582.774,545.026,1630.02
1524,0,-62.4108,640.762,1357.66,-31.1145,559.347,1395.73,0.558963,477.261,1433.6,11.7386,449.775,1444.78,,,,,,,,,,,,,-553.643,209.281,813.389,-521.989,258.124,828.559,-544.337,214.482,775,-512.892,262.976,789.885,-504.61,370.399,1638.64,-607.607,338.883,1615.62,-491.173,489.672,1649.36,-582.804,545.097,1629.97
1525,0,-60.9823,643.602,1358.82,-29.9633,561.802,1396.19,1.42152,479.084,1433.34,12.4924,451.59,1444.6,,,,,,,,,,,,,-553.594,209.298,813.41,-521.979,258.123,828.584,-544.396,214.224,775.017,-512.898,262.974,789.921,-504.497,370.555,1638.49,-607.88,339.044,1615.43,-491.162,489.812,1649.25,-582.821,545.163,1629.91
1526,0,-59.3194,646.594,1360.03,-28.5499,564.36,1396.79,2.72751,481.57,1433.46,13.65,453.684,1444.38,,,,,,,,,,,,,-553.576,209.282,813.456,-521.992,258.13,828.646,-544.336,214.357,775.068,-512.868,263.017,789.956,-504.367,370.688,1638.36,-607.651,339.059,1615.36,-491.113,489.977,1649.13,-582.848,545.236,1629.85
1527,0,-57.6029,649.665,1361.34,-26.9926,567.104,1397.48,4.14293,483.992,1433.57,15.1456,456.275,1444.09,,,,,,,,,,,,,-553.527,209.312,813.432,-522.006,258.113,828.652,-544.302,214.36,775.077,-512.874,263.012,789.974,-504.249,370.814,1638.23,-607.257,339.036,1615.43,-491.093,490.136,1648.99,-582.901,545.321,1629.82
1528,0,-55.7259,652.958,1362.64,-25.2657,570.141,1398.16,5.71529,486.651,1433.71,16.6434,458.678,1444.14,,,,,,,,,,,,,-553.5,209.312,813.463,-521.994,258.125,828.691,-544.296,214.307,775.103,-512.873,263.047,789.996,-504.116,370.974,1638.09,-607.476,339.218,1615.22,-491.078,490.317,1648.81,-582.935,545.409,1629.76
1529,0,-53.7462,656.412,1364,-23.448,573.295,1398.92,7.81093,489.908,1434.05,18.5753,461.608,1444.07,,,,,,,,,,,,,-553.463,209.311,813.491,-521.971,258.159,828.73,-544.348,214.139,775.173,-512.872,263.041,790.044,-503.956,371.089,1637.95,-606.935,339.183,1615.29,-491.038,490.487,1648.64,-582.988,545.517,1629.72
1530,0,-51.6695,659.946,1365.42,-21.4744,576.563,1399.74,9.74292,492.962,1434.44,20.5336,464.622,1444.34,,,,,,,,,,,,,-553.469,209.303,813.523,-521.977,258.137,828.761,-544.314,214.214,775.189,-512.864,263.037,790.087,-503.815,371.294,1637.76,-606.731,339.309,1615.18,-490.999,490.711,1648.43,-583.047,545.621,1629.68
1531,0,-49.4341,663.535,1366.83,-19.5008,579.97,1400.59,11.8571,496.159,1434.91,22.664,467.628,1444.65,,,,,,,,,,,,,-553.435,209.275,813.544,-521.981,258.151,828.784,-544.349,214.031,775.224,-512.856,263.039,790.099,-503.586,371.448,1637.57,-606.586,339.35,1615.13,-490.946,490.924,1648.22,-583.099,545.723,1629.62
1532,0,-47.1858,667.278,1368.35,-17.1483,583.602,1401.59,13.9893,499.329,1435.43,25.019,471.112,1444.92,,,,,,,,,,,,,-553.434,209.285,813.563,-521.992,258.159,828.813,-544.348,214.055,775.303,-512.874,263.066,790.126,-503.39,371.652,1637.34,-606.778,339.503,1614.94,-490.89,491.147,1647.98,-583.165,545.835,1629.56
1533,0,-44.9582,671.1,1369.9,-14.6385,587.314,1402.7,16.3168,502.698,1436,27.3012,474.343,1445.38,,,,,,,,,,,,,-553.424,209.259,813.56,-521.992,258.158,828.829,-544.278,214.175,775.325,-512.87,263.057,790.169,-503.193,371.902,1637.05,-606.529,339.574,1614.86,-490.802,491.374,1647.8,-583.239,545.943,1629.5
1534,0,-42.6737,674.93,1371.49,-12.2503,590.963,1403.66,18.7461,506.138,1436.46,29.8622,477.866,1445.72,,,,,,,,,,,,,-553.438,209.266,813.593,-521.995,258.134,828.846,-544.387,213.905,775.341,-512.877,263.034,790.197,-502.952,372.124,1636.77,-605.993,339.609,1614.88,-490.762,491.593,1647.58,-583.299,546.039,1629.43
1535,0,-40.2357,678.692,1373.07,-9.81378,594.601,1404.71,21.5222,509.821,1436.8,32.539,481.652,1445.9,,,,,,,,,,,,,-553.417,209.233,813.603,-522.01,258.124,828.868,-544.318,213.975,775.428,-512.885,263.073,790.203,-502.756,372.355,1636.51,-606.04,339.757,1614.68,-490.685,491.837,1647.4,-583.398,546.17,1629.38
1536,0,-37.835,682.542,1374.62,-7.33115,598.181,1405.7,24.0769,513.248,1437.18,35.1599,484.98,1446.19,,,,,,,,,,,,,-553.409,209.252,813.651,-521.995,258.153,828.902,-544.336,213.985,775.428,-512.868,263.056,790.263,-502.501,372.592,1636.24,-605.422,339.8,1614.6,-490.6,492.079,1647.22,-583.432,546.233,1629.3
1537,0,-35.4521,686.346,1376.15,-4.85144,601.859,1406.56,26.5764,516.658,1437.4,37.8516,488.256,1446.22,,,,,,,,,,,,,-553.41,209.244,813.637,-521.987,258.216,828.869,-544.399,213.783,775.469,-512.899,263.039,790.252,-502.219,372.848,1635.99,-605.377,339.99,1614.36,-490.557,492.331,1646.98,-583.496,546.344,1629.23
1538,0,-33.0916,690.216,1377.75,-2.37698,605.431,1407.36,29.1175,520.04,1437.54,40.4206,491.493,1445.99,,,,,,,,,,,,,-553.419,209.26,813.709,-522.021,258.135,828.951,-544.374,213.81,775.529,-512.914,263.056,790.279,-501.948,373.134,1635.71,-605.111,340.066,1614.24,-490.511,492.614,1646.72,-583.582,546.463,1629.15
1539,0,-30.6947,694.073,1379.32,0.0462512,609.077,1408.05,31.6657,523.367,1437.39,42.7441,494.765,1445.77,,,,,,,,,,,,,-553.411,209.241,813.738,-522.037,258.149,829.031,-544.374,213.811,775.527,-512.925,263.074,790.288,-501.733,373.405,1635.48,-604.913,340.093,1614.14,-490.438,492.901,1646.43,-583.642,546.602,1629.08
1540,0,-28.3155,697.998,1380.75,2.44344,612.683,1408.7,34.1966,526.69,1437.13,45.334,497.947,1445.25,,,,,,,,,,,,,-553.41,209.233,813.756,-522.045,258.13,829.028,-544.347,213.92,775.574,-512.956,263.069,790.328,-501.451,373.701,1635.19,-604.693,340.219,1614.1,-490.337,493.207,1646.16,-583.679,546.721,1628.99
1541,0,-25.9116,701.901,1382.35,4.88864,616.255,1409.31,36.5774,529.991,1436.73,47.9303,501.323,1444.52,,,,,,,,,,,,,-553.416,209.241,813.773,-522.046,258.224,828.961,-544.413,213.676,775.586,-512.949,263.023,790.384,-501.194,374.009,1634.83,-604.39,340.293,1613.99,-490.252,493.479,1645.87,-583.733,546.882,1628.9
1542,0,-23.5362,705.68,1383.81,7.27695,619.831,1409.86,38.9461,533.197,1436.26,50.3951,504.415,1443.83,,,,,,,,,,,,,-553.475,209.213,813.846,-522.051,258.198,828.992,-544.429,213.728,775.641,-512.978,263.08,790.366,-500.871,374.262,1634.54,-604.022,340.407,1613.91,-490.116,493.763,1645.61,-583.737,547.021,1628.78
1543,0,-21.1291,709.475,1385.15,9.67833,623.277,1410.25,41.4791,536.348,1435.62,52.8477,507.534,1442.91,,,,,,,,,,,,,-553.482,209.204,813.846,-522.09,258.196,829.004,-544.472,213.613,775.642,-512.982,263.041,790.413,-500.619,374.565,1634.26,-603.659,340.504,1613.77,-489.961,494.077,1645.34,-583.752,547.174,1628.71
1544,0,-18.6469,713.127,1386.47,12.0907,626.691,1410.54,43.8332,539.401,1434.89,55.2752,510.458,1441.85,,,,,,,,,,,,,-553.483,209.183,813.854,-522.097,258.203,829.015,-544.488,213.599,775.675,-513.056,263.05,790.392,-500.354,374.895,1633.97,-603.383,340.557,1613.61,-489.885,494.427,1645.02,-583.816,547.325,1628.63
1545,0,-16.2672,716.75,1387.83,14.4695,630.039,1410.72,46.1529,542.419,1433.92,57.6719,513.427,1440.58,,,,,,,,,,,,,-553.511,209.184,813.88,-522.132,258.207,829.017,-544.497,213.612,775.697,-513.086,263.068,790.369,-499.978,375.231,1633.65,-603.131,340.645,1613.54,-489.809,494.737,1644.7,-583.869,547.482,1628.55
1546,0,-13.7662,720.282,1388.99,16.8362,633.232,1410.82,48.4042,545.356,1432.87,59.9584,516.262,1439.15,,,,,,,,,,,,,-553.52,209.179,813.893,-522.134,258.179,829.074,-544.495,213.55,775.724,-513.09,263.053,790.452,-499.552,375.52,1633.31,-602.635,340.836,1613.22,-489.707,495.043,1644.4,-583.904,547.645,1628.46
1547,0,-11.352,723.912,1390,19.2471,636.524,1410.71,50.6885,548.247,1431.57,61.9191,519.201,1437.61,,,,,,,,,,,,,-553.537,209.157,813.905,-522.173,258.168,829.076,-544.517,213.592,775.764,-513.105,263.027,790.451,-499.246,375.8,1633,-602.403,340.922,1613.16,-489.569,495.379,1644.11,-583.958,547.774,1628.38
1548,0,-8.81039,727.416,1391.1,21.5449,639.705,1410.55,52.747,551.156,1430.3,64.1308,521.935,1435.86,,,,,,,,,,,,,-553.555,209.143,813.924,-522.196,258.161,829.097,-544.565,213.503,775.769,-513.144,263.022,790.452,-498.887,376.101,1632.66,-601.383,341.064,1612.95,-489.453,495.721,1643.78,-584.026,547.922,1628.28
1549,0,-6.32989,730.965,1392.03,23.777,642.899,1410.35,54.7948,554.024,1428.82,66.1663,524.725,1433.97,,,,,,,,,,,,,-553.564,209.115,813.93,-522.216,258.138,829.08,-544.619,213.448,775.807,-513.184,263.02,790.413,-498.511,376.45,1632.24,-601.377,341.132,1612.94,-489.289,496.08,1643.47,-584.058,548.038,1628.15
1550,0,-3.86663,734.466,1392.97,25.9445,646.13,1410.02,56.7901,556.802,1427.22,67.8848,527.466,1432.05,,,,,,,,,,,,,-553.597,209.114,813.93,-522.241,258.143,829.093,-544.613,213.498,775.786,-513.186,262.988,790.471,-498.092,376.843,1631.85,-600.658,341.289,1612.74,-489.179,496.424,1643.16,-584.095,548.153,1628.05
1551,0,-1.31702,737.857,1393.83,28.1044,649.149,1409.57,58.6724,559.591,1425.52,69.983,530.113,1429.83,,,,,,,,,,,,,-553.612,209.111,813.924,-522.273,258.129,829.081,-544.6,213.58,775.777,-513.23,262.989,790.428,-497.747,377.145,1631.56,-600.271,341.382,1612.61,-489.083,496.795,1642.86,-584.108,548.288,1627.93
1552,0,1.24352,741.265,1394.45,30.3155,652.13,1409.03,60.6333,562.255,1423.55,71.6147,532.676,1427.54,,,,,,,,,,,,,-553.619,209.094,813.927,-522.295,258.112,829.087,-544.645,213.507,775.854,-513.258,262.965,790.423,-497.361,377.473,1631.32,-600.209,341.535,1612.33,-488.999,497.191,1642.54,-584.136,548.412,1627.82
1553,0,3.8692,744.478,1395.1,32.5695,654.977,1408.26,62.5183,564.849,1421.38,73.2992,535.166,1424.94,,,,,,,,,,,,,-553.648,209.09,813.913,-522.308,258.117,829.086,-544.564,213.739,775.828,-513.311,262.972,790.395,-496.97,377.853,1630.95,-599.43,341.599,1612.33,-488.9,497.557,1642.24,-584.14,548.554,1627.66
1554,0,6.45018,747.71,1395.58,34.7539,657.97,1407.38,64.2864,567.43,1418.93,75.2216,537.56,1421.96,,,,,,,,,,,,,-553.706,209.07,813.948,-522.356,258.097,829.089,-544.648,213.604,775.858,-513.322,262.921,790.415,-496.627,378.204,1630.61,-598.996,341.657,1612.19,-488.794,497.899,1641.92,-584.154,548.72,1627.55
1555,0,9.05669,750.86,1395.97,37.245,660.728,1406.25,66.0962,569.977,1416.27,76.9833,540.056,1418.82,,,,,,,,,,,,,-553.708,209.055,813.94,-522.357,258.089,829.085,-544.661,213.659,775.873,-513.36,262.929,790.381,-496.309,378.55,1630.31,-598.57,341.716,1612.1,-488.631,498.254,1641.62,-584.157,548.866,1627.44
1556,0,11.7998,754.054,1396.15,39.705,663.615,1404.91,67.909,572.525,1413.49,78.3498,542.501,1415.48,,,,,,,,,,,,,-553.744,209.056,813.921,-522.398,258.072,829.06,-544.712,213.63,775.835,-513.401,262.914,790.376,-495.943,378.882,1630.03,-598.165,341.883,1611.99,-488.467,498.632,1641.35,-584.177,549.02,1627.35
1557,0,14.8107,757.068,1396.2,41.9527,666.412,1403.45,69.736,575.029,1410.36,80.0139,544.91,1411.93,,,,,,,,,,,,,-553.779,209.042,813.912,-522.426,258.069,829.059,-544.71,213.673,775.816,-513.417,262.888,790.39,-495.552,379.326,1629.67,-598,342.053,1611.67,-488.366,499.014,1641.08,-584.202,549.169,1627.26
1558,0,17.6605,760.07,1396.09,44.5316,669.124,1401.75,71.7151,577.502,1407.09,81.9328,547.285,1408.13,,,,,,,,,,,,,-553.844,209.03,813.919,-522.445,258.04,829.045,-544.725,213.693,775.813,-513.442,262.88,790.388,-495.227,379.726,1629.37,-597.22,342.163,1611.56,-488.214,499.355,1640.82,-584.197,549.334,1627.18
1559,0,20.8756,763.109,1395.92,46.8838,671.851,1399.89,73.6347,579.942,1403.56,83.5819,549.709,1404.06,,,,,,,,,,,,,-553.881,209.012,813.923,-522.515,258.039,829.004,-544.732,213.802,775.731,-513.475,262.891,790.37,-494.834,380.044,1629.14,-596.925,342.344,1611.39,-488.108,499.755,1640.52,-584.176,549.474,1627.06
1560,0,24.0762,765.771,1395.41,49.4982,674.461,1397.77,75.7092,582.388,1399.77,85.6074,552.023,1399.69,,,,,,,,,,,,,-553.942,209.023,813.924,-522.53,258.025,828.989,-544.938,213.452,775.672,-513.535,262.931,790.33,-494.435,380.363,1628.83,-596.691,342.445,1611.26,-488.246,500.193,1640.05,-584.157,549.63,1626.96
1561,0,26.9931,768.45,1395.14,52.1064,677.07,1395.56,77.7704,584.784,1395.78,87.508,554.452,1395.13,,,,,,,,,,,,,-553.984,208.994,813.824,-522.567,258.031,828.953,-545.028,213.411,775.619,-513.574,262.923,790.306,-494.022,380.717,1628.48,-596.037,342.549,1611.19,-488.153,500.552,1639.73,-584.13,549.766,1626.85
1562,0,29.9688,771.103,1394.73,54.6687,679.554,1393.35,79.8068,587.204,1391.76,89.5694,556.761,1390.4,,,,,,,,,,,,,-554.039,209.007,813.844,-522.631,258.02,828.929,-545.155,213.266,775.595,-513.619,262.915,790.267,-493.644,381.116,1628.19,-595.455,342.696,1611.04,-488.021,500.926,1639.45,-584.136,549.925,1626.76
1563,0,32.9872,773.489,1394.37,57.3327,681.9,1391.1,82.0233,589.524,1387.66,91.7857,559.11,1385.67,,,,,,,,,,,,,-554.111,209.001,813.812,-522.689,258.009,828.843,-545.172,213.326,775.509,-513.689,262.936,790.239,-493.275,381.483,1627.89,-595.364,342.874,1610.86,-487.885,501.231,1639.19,-584.146,550.106,1626.64
1564,0,35.8854,775.746,1394.17,59.9238,684.21,1388.95,84.3299,591.733,1383.64,93.8132,561.436,1381.12,,,,,,,,,,,,,-554.186,209.012,813.75,-522.744,258.002,828.803,-545.306,213.01,775.434,-513.74,262.956,790.186,-492.827,381.84,1627.53,-594.988,342.891,1610.79,-487.717,501.627,1638.93,-584.131,550.253,1626.56
1565,0,39.1711,777.744,1393.95,62.5216,686.291,1386.96,86.6473,593.873,1379.83,95.9358,563.609,1376.67,,,,,,,,,,,,,-554.28,209.056,813.693,-522.789,258.024,828.771,-545.374,213.015,775.327,-513.809,262.964,790.125,-492.445,382.16,1627.23,-594.581,343.114,1610.57,-487.558,502.057,1638.62,-584.147,550.401,1626.45
1566,0,42.3287,779.571,1393.76,65.2054,688.229,1385.1,89.0961,595.868,1376.24,97.9793,565.673,1372.48,,,,,,,,,,,,,-554.341,209.101,813.633,-522.828,258.046,828.731,-545.343,213.439,775.258,-513.87,262.96,790.084,-492.088,382.478,1626.94,-594.082,343.164,1610.44,-487.451,502.415,1638.3,-584.179,550.542,1626.37
1567,0,45.0645,781.273,1393.8,67.9957,689.97,1383.37,91.684,597.824,1372.84,100.36,567.639,1368.5,,,,,,,,,,,,,-554.423,209.14,813.571,-522.907,258.087,828.684,-545.436,213.43,775.152,-513.945,262.98,790.033,-491.721,382.795,1626.66,-593.613,343.3,1610.23,-487.377,502.757,1638.03,-584.206,550.65,1626.26
1568,0,48.339,782.759,1393.53,70.9675,691.645,1381.63,94.3285,599.608,1369.55,102.91,569.583,1364.7,,,,,,,,,,,,,-554.526,209.143,813.527,-522.991,258.08,828.65,-545.503,213.46,775.097,-513.995,262.989,790.017,-491.336,383.159,1626.34,-593.15,343.416,1610.24,-487.14,503.122,1637.85,-584.212,550.781,1626.16
1569,0,51.494,784.151,1393.38,74.0425,693.291,1379.75,97.1673,601.425,1366.41,105.692,571.405,1361,,,,,,,,,,,,,-554.605,209.167,813.49,-523.086,258.099,828.564,-545.483,213.627,775.015,-514.067,263.021,789.97,-490.974,383.53,1626.02,-592.436,343.483,1610.14,-487.171,503.451,1637.49,-584.231,550.901,1626.05
1570,0,54.4274,785.669,1393.38,77.0723,694.867,1378.13,100.062,603.267,1363.26,108.455,573.311,1357.33,,,,,,,,,,,,,-554.679,209.207,813.381,-523.183,258.153,828.513,-545.53,213.86,775.004,-514.139,263.063,789.943,-490.625,383.813,1625.75,-592.339,343.653,1610.03,-486.987,503.74,1637.25,-584.253,551.04,1625.95
1571,0,57.7436,787.052,1393.03,79.9639,696.535,1376.56,102.99,605.108,1360.16,111.402,575.298,1353.69,,,,,,,,,,,,,-554.769,209.231,813.345,-523.266,258.167,828.505,-545.592,213.903,774.931,-514.214,263.099,789.894,-490.318,384.156,1625.48,-592.025,343.785,1609.81,-486.82,504.1,1636.95,-584.249,551.145,1625.86
1572,0,60.8643,788.426,1392.78,83.1126,698.181,1374.85,106.074,607.004,1357.01,114.406,577.321,1350.07,,,,,,,,,,,,,-554.882,209.269,813.374,-523.352,258.245,828.453,-545.732,213.816,774.888,-514.285,263.129,789.83,-489.947,384.467,1625.16,-591.251,343.833,1609.74,-486.561,504.548,1636.76,-584.228,551.253,1625.75
1573,0,63.8918,789.775,1392.63,86.2074,699.85,1373.15,109.2,608.967,1353.84,117.772,579.36,1346.27,,,,,,,,,,,,,-555.004,209.298,813.358,-523.463,258.338,828.367,-545.866,213.782,774.83,-514.396,263.185,789.75,-489.576,384.758,1624.86,-590.777,344.006,1609.6,-486.529,504.852,1636.49,-584.233,551.339,1625.66
1574,0,66.9948,791.124,1392.36,89.4208,701.49,1371.33,112.474,611.041,1350.62,120.664,581.593,1342.67,,,,,,,,,,,,,-555.087,209.351,813.308,-523.549,258.421,828.292,-545.453,214.992,774.864,-514.458,263.206,789.713,-489.252,385.029,1624.64,-590.8,344.1,1609.38,-486.437,505.124,1636.25,-584.198,551.448,1625.54
1575,0,70.0271,792.437,1392.05,92.6236,703.215,1369.59,115.709,613.103,1347.42,124.026,583.816,1338.92,,,,,,,,,,,,,-555.167,209.423,813.264,-523.647,258.471,828.267,-545.558,215.082,774.84,-514.543,263.251,789.639,-488.924,385.234,1624.43,-590.309,344.129,1609.43,-486.33,505.353,1636.04,-584.165,551.56,1625.47
1576,0,73.1472,793.77,1391.75,95.853,704.939,1367.87,119.074,615.231,1344.23,127.338,586.088,1335.28,,,,,,,,,,,,,-555.288,209.479,813.212,-523.707,258.598,828.197,-545.654,215.173,774.839,-514.619,263.282,789.594,-488.591,385.556,1624.15,-589.997,344.247,1609.24,-486.181,505.594,1635.8,-584.137,551.648,1625.38
1577,0,76.2486,794.914,1391.31,99.202,706.479,1366.05,122.261,617.258,1341.03,130.882,588.321,1331.52,,,,,,,,,,,,,-555.36,209.655,813.1,-523.796,258.723,828.172,-545.763,215.255,774.804,-514.662,263.33,789.624,-488.179,385.794,1623.87,-589.565,344.328,1609.12,-486.018,505.837,1635.57,-584.08,551.75,1625.29
1578,0,79.4395,795.987,1390.9,102.42,708.074,1364.23,125.754,619.365,1337.71,134.269,590.587,1327.77,,,,,,,,,,,,,-555.69,209.618,813.34,-523.87,258.818,828.077,-545.82,215.222,774.692,-514.738,263.384,789.573,-487.93,386.062,1623.56,-589.302,344.403,1609.02,-485.812,506.112,1635.31,-583.998,551.852,1625.2
1579,0,82.5199,797.026,1390.36,105.744,709.599,1362.26,129.255,621.293,1334.4,137.693,592.812,1323.87,,,,,,,,,,,,,-555.622,209.744,813.05,-523.941,258.888,827.984,-546.058,214.822,774.622,-514.794,263.458,789.546,-487.576,386.21,1623.35,-588.617,344.485,1608.82,-485.684,506.351,1635.12,-583.924,551.949,1625.13
1580,0,85.7462,797.92,1389.64,108.987,711.03,1360.29,132.503,623.314,1330.96,140.969,595.021,1319.97,,,,,,,,,,,,,-555.727,209.863,812.954,-524.024,258.994,827.908,-545.965,215.285,774.566,-514.901,263.55,789.481,-487.295,386.413,1623.09,-588.502,344.502,1608.72,-485.533,506.573,1634.89,-583.841,552.041,1625.04
1581,0,88.7527,798.908,1388.94,111.904,712.511,1358.28,135.671,625.192,1327.54,144.154,597.141,1315.94,,,,,,,,,,,,,-555.815,209.964,812.856,-524.097,259.039,827.858,-546.09,215.281,774.539,-514.993,263.667,789.376,-487.022,386.58,1622.84,-588.133,344.621,1608.47,-485.423,506.763,1634.72,-583.765,552.128,1624.97
1582,0,91.3485,799.345,1388.19,114.774,713.861,1356.22,138.56,627.137,1324.07,147.665,598.915,1311.91,,,,,,,,,,,,,-555.897,210.053,812.786,-524.171,259.076,827.807,-546.377,214.791,774.488,-515.088,263.698,789.342,-486.735,386.784,1622.57,-587.753,344.583,1608.46,-485.303,506.937,1634.56,-583.68,552.178,1624.89
1583,0,94.2766,800.624,1387.59,117.565,715.211,1354.21,141.329,628.896,1320.73,150.08,601.097,1308.14,,,,,,,,,,,,,-555.994,210.077,812.791,-524.271,259.104,827.747,-546.48,214.802,774.442,-515.163,263.766,789.293,-486.466,386.989,1622.33,-587.448,344.711,1608.35,-485.17,507.133,1634.34,-583.6,552.244,1624.8
1584,0,96.8738,801.074,1386.68,120.204,716.286,1352.24,143.859,630.596,1317.43,152.929,602.772,1304.43,,,,,,,,,,,,,-556.014,210.2,812.671,-524.356,259.155,827.751,-546.376,215.295,774.451,-515.222,263.807,789.263,-486.229,387.143,1622.12,-587.523,344.747,1608.18,-485.024,507.293,1634.12,-583.537,552.296,1624.71
1585,0,99.8497,802.098,1386.14,122.621,717.383,1350.35,146.227,632.119,1314.33,155.242,604.502,1300.94,,,,,,,,,,,,,-556.066,210.218,812.608,-524.456,259.203,827.677,-546.437,215.306,774.403,-515.292,263.825,789.194,-486.041,387.32,1621.92,-586.913,344.827,1608.14,-484.843,507.441,1633.91,-583.477,552.337,1624.65
1586,0,102.61,802.761,1385.23,125.048,718.383,1348.44,148.456,633.592,1311.4,157.101,606.145,1297.6,,,,,,,,,,,,,-556.108,210.3,812.561,-524.511,259.226,827.679,-546.516,215.353,774.36,-515.366,263.864,789.19,-485.775,387.467,1621.69,-586.864,344.856,1608.06,-484.697,507.616,1633.64,-583.423,552.377,1624.58
1587,0,105.056,803.264,1384.64,127.265,719.289,1346.65,150.505,634.849,1308.51,159.093,607.599,1294.4,,,,,,,,,,,,,-556.145,210.364,812.48,-524.581,259.315,827.588,-546.593,215.376,774.344,-515.408,263.933,789.108,-485.508,387.62,1621.44,-586.416,344.942,1607.93,-484.483,507.809,1633.46,-583.368,552.405,1624.51
1588,0,107.461,803.625,1383.9,129.401,720.068,1344.95,152.373,636.088,1305.83,160.832,608.971,1291.39,,,,,,,,,,,,,-556.177,210.376,812.385,-524.633,259.323,827.541,-546.633,215.388,774.304,-515.469,263.979,789.079,-485.31,387.788,1621.2,-586.557,345.012,1607.82,-484.327,507.96,1633.26,-583.307,552.469,1624.44
1589,0,109.762,804.055,1383.09,131.416,720.698,1343.25,153.92,637.093,1303.27,162.653,609.961,1288.51,,,,,,,,,,,,,-556.192,210.473,812.297,-524.68,259.372,827.521,-546.684,215.48,774.239,-515.503,263.996,789.041,-485.069,387.868,1621.02,-586.206,345.054,1607.67,-484.201,508.056,1633.08,-583.229,552.513,1624.36
1590,0,111.959,804.246,1382.34,133.176,721.284,1341.64,155.452,637.984,1300.78,163.73,611.082,1285.77,,,,,,,,,,,,,-556.213,210.494,812.224,-524.733,259.39,827.457,-546.699,215.514,774.154,-515.55,264.032,788.976,-484.923,388.036,1620.8,-586.02,345.142,1607.55,-484.304,507.97,1632.7,-583.159,552.584,1624.29
1591,0,114.09,804.441,1381.68,134.804,721.708,1340.12,156.68,638.736,1298.44,165.084,611.855,1283.06,,,,,,,,,,,,,-556.23,210.529,812.164,-524.779,259.396,827.433,-547.033,214.963,774.068,-515.562,264.039,788.935,-484.8,388.202,1620.56,-585.485,345.122,1607.5,-484.148,508.079,1632.56,-583.096,552.614,1624.21
1592,0,116.237,804.518,1380.94,136.419,722.106,1338.48,157.755,639.417,1296.04,165.841,612.678,1280.46,,,,,,,,,,,,,-556.25,210.571,812.16,-524.81,259.395,827.364,-547.05,214.941,774.066,-515.613,264.057,788.9,-484.553,388.296,1620.37,-585.588,345.275,1607.29,-483.986,508.173,1632.38,-583.017,552.693,1624.13
1593,0,117.985,804.632,1380.03,137.802,722.504,1336.94,158.732,640.045,1293.75,166.83,613.377,1277.77,,,,,,,,,,,,,-556.276,210.543,812.088,-524.838,259.393,827.342,-547.076,215.025,774.018,-515.617,264.102,788.857,-484.343,388.402,1620.18,-584.995,345.318,1607.24,-483.859,508.291,1632.21,-582.937,552.748,1624.05
1594,0,119.82,804.714,1379.41,139.119,722.822,1335.45,159.571,640.706,1291.41,167.26,614.211,1275.3,,,,,,,,,,,,,-556.315,210.566,812.08,-524.857,259.413,827.288,-547.112,215.016,774,-515.642,264.068,788.857,-484.154,388.476,1620,-585.278,345.404,1607.07,-483.73,508.395,1632.05,-582.857,552.791,1623.95
1595,0,121.491,804.799,1378.64,140.392,723.16,1333.92,160.327,641.306,1289.21,167.887,614.854,1272.78,,,,,,,,,,,,,-556.475,210.565,812.228,-524.864,259.4,827.236,-547.122,215.047,773.991,-515.662,264.104,788.816,-483.962,388.528,1619.86,-584.701,345.426,1607.11,-483.627,508.496,1631.89,-582.758,552.841,1623.86
1596,0,123.144,804.827,1377.84,141.434,723.48,1332.5,161.014,641.925,1287.04,168.358,615.556,1270.41,,,,,,,,,,,,,-556.359,210.558,811.957,-524.886,259.414,827.19,-547.196,214.979,773.968,-515.697,264.105,788.785,-483.804,388.614,1619.73,-584.874,345.416,1607.13,-483.562,508.595,1631.69,-582.716,552.899,1623.8
1597,0,124.668,804.984,1377.05,142.522,723.8,1331.07,161.525,642.531,1284.94,168.784,616.23,1268.05,,,,,,,,,,,,,-556.395,210.568,811.959,-524.903,259.398,827.194,-547.239,214.924,773.944,-515.727,264.103,788.759,-483.651,388.673,1619.63,-584.447,345.463,1607,-483.483,508.703,1631.52,-582.667,552.911,1623.72
1598,0,126.175,804.979,1376.29,143.471,724.103,1329.66,161.875,643.075,1282.88,169.257,616.792,1265.77,,,,,,,,,,,,,-556.398,210.552,811.913,-524.934,259.423,827.148,-547.294,214.87,773.933,-515.76,264.11,788.727,-483.534,388.75,1619.5,-584.73,345.547,1606.91,-483.43,508.791,1631.33,-582.354,552.804,1623.63
1599,0,127.561,805.165,1375.5,144.299,724.413,1328.35,162.229,643.602,1280.91,169.097,617.493,1263.67,,,,,,,,,,,,,-556.464,210.564,811.927,-524.966,259.409,827.13,-547.37,214.812,773.917,-515.769,264.086,788.717,-483.425,388.827,1619.39,-584.171,345.544,1606.91,-483.366,508.882,1631.18,-582.297,552.849,1623.6
1600,0,128.958,805.187,1374.56,145.019,724.671,1326.97,162.433,644.104,1279.03,169.082,618.112,1261.58,,,,,,,,,,,,,-556.468,210.544,811.901,-524.98,259.42,827.122,-547.427,214.658,773.912,-515.778,264.087,788.718,-483.323,388.891,1619.27,-584.062,345.555,1606.87,-483.311,508.954,1631.04,-582.277,552.881,1623.58
1601,0,130.099,805.26,1373.95,145.776,724.938,1325.68,162.569,644.577,1277.18,169.057,618.688,1259.62,,,,,,,,,,,,,-556.521,210.513,811.916,-524.986,259.394,827.115,-547.481,214.612,773.903,-515.826,264.099,788.688,-483.227,388.96,1619.16,-583.952,345.604,1606.87,-483.253,509.028,1630.93,-582.418,553.085,1623.47
1602,0,131.196,805.371,1373.23,146.368,725.209,1324.44,162.58,645.086,1275.42,168.963,619.174,1257.7,,,,,,,,,,,,,-556.535,210.546,811.885,-525.019,259.377,827.11,-547.646,214.119,773.799,-515.839,264.111,788.667,-483.116,389.022,1619.07,-583.868,345.594,1606.82,-483.181,509.102,1630.84,-582.366,553.122,1623.44
1603,0,132.317,805.517,1372.32,146.842,725.523,1323.33,162.632,645.537,1273.92,168.793,619.729,1256.01,,,,,,,,,,,,,-556.588,210.526,811.921,-525.067,259.403,827.124,-547.704,214.066,773.782,-515.854,264.1,788.655,-482.991,389.087,1618.97,-583.746,345.66,1606.78,-483.138,509.146,1630.76,-582.318,553.151,1623.38
1604,0,133.225,805.666,1371.87,147.403,725.863,1322.3,162.834,646.058,1272.38,169.009,620.282,1254.24,,,,,,,,,,,,,-556.632,210.556,811.866,-525.051,259.41,827.08,-547.705,214.318,773.884,-515.903,264.105,788.589,-482.899,389.142,1618.87,-583.932,345.734,1606.68,-483.087,509.188,1630.68,-582.03,553.016,1623.36
1605,0,134.066,805.874,1371.29,147.91,726.229,1321.28,162.977,646.63,1270.97,168.83,620.881,1252.79,,,,,,,,,,,,,-556.635,210.571,811.86,-525.1,259.45,827.026,-547.814,214.263,773.858,-515.933,264.109,788.574,-482.804,389.207,1618.77,-583.837,345.774,1606.7,-483.037,509.225,1630.61,-581.676,553.094,1622.98
1606,0,134.968,806.049,1370.68,148.573,726.602,1320.33,163.257,647.191,1269.62,169.05,621.584,1251.31,,,,,,,,,,,,,-556.688,210.559,811.839,-525.13,259.436,827.036,-547.814,214.231,773.804,-515.951,264.104,788.552,-482.709,389.261,1618.69,-583.787,345.796,1606.6,-482.969,509.262,1630.54,-581.746,553.223,1623.03
1607,0,135.841,806.303,1370.06,149.229,727.013,1319.27,163.656,647.926,1268.16,169.413,622.309,1249.72,,,,,,,,,,,,,-556.715,210.559,811.772,-525.155,259.411,827.005,-547.864,214.237,773.822,-515.981,264.102,788.524,-482.634,389.31,1618.62,-583.704,345.773,1606.6,-482.908,509.303,1630.48,-581.915,553.149,1623.23
1608,0,136.561,806.563,1369.53,149.798,727.5,1318.35,164.116,648.654,1266.75,169.831,623.153,1248.2,,,,,,,,,,,,,-556.757,210.55,811.77,-525.172,259.449,826.961,-547.942,213.895,773.708,-516.016,264.133,788.486,-482.581,389.369,1618.54,-583.521,345.771,1606.68,-482.846,509.361,1630.41,-581.865,553.171,1623.19
1609,0,137.357,806.814,1368.96,150.434,728.043,1317.39,164.674,649.451,1265.38,170.311,624.056,1246.65,,,,,,,,,,,,,-556.803,210.575,811.768,-525.213,259.448,826.951,-547.956,213.925,773.671,-516.035,264.119,788.46,-482.529,389.408,1618.5,-583.539,345.818,1606.57,-482.817,509.373,1630.36,-581.786,553.189,1623.13
1610,0,137.981,807.1,1368.38,151.096,728.616,1316.41,165.269,650.327,1263.92,170.819,625.011,1245.14,,,,,,,,,,,,,-556.815,210.576,811.746,-525.238,259.469,826.911,-547.962,214.226,773.732,-516.08,264.137,788.422,-482.487,389.454,1618.41,-583.593,345.808,1606.56,-482.77,509.4,1630.31,-581.46,553.326,1622.77
1611,0,138.676,807.502,1367.84,151.708,729.282,1315.46,165.855,651.213,1262.6,171.473,625.983,1243.61,,,,,,,,,,,,,-556.981,210.597,811.936,-525.259,259.496,826.894,-548.03,213.955,773.645,-516.091,264.166,788.419,-482.444,389.474,1618.36,-583.608,345.898,1606.49,-482.709,509.429,1630.27,-581.47,553.32,1622.82
1612,0,139.321,807.95,1367.42,152.382,729.932,1314.53,166.471,652.164,1261.25,172.125,627.033,1242.17,,,,,,,,,,,,,-557.028,210.605,811.922,-525.301,259.493,826.844,-548.04,213.898,773.643,-516.117,264.168,788.407,-482.4,389.471,1618.34,-583.154,345.807,1606.58,-482.674,509.454,1630.21,-581.637,553.257,1623.02
1613,0,139.917,808.3,1366.9,152.919,730.587,1313.69,167.036,653.125,1259.93,172.705,628.1,1240.77,,,,,,,,,,,,,-556.939,210.6,811.718,-525.319,259.532,826.823,-548.065,213.979,773.647,-516.137,264.194,788.403,-482.329,389.469,1618.31,-583.121,345.861,1606.58,-482.597,509.475,1630.17,-581.587,553.271,1622.98
1614,0,140.431,808.62,1366.32,153.485,731.243,1312.76,167.616,653.974,1258.71,173.231,628.984,1239.41,,,,,,,,,,,,,-557.13,210.643,811.944,-525.342,259.549,826.799,-548.086,213.989,773.583,-516.16,264.222,788.393,-482.31,389.494,1618.27,-583.037,345.855,1606.52,-482.532,509.5,1630.12,-581.527,553.276,1622.94
1615,0,140.982,809.021,1365.89,153.956,731.756,1312.04,168.059,654.769,1257.61,173.652,629.898,1238.21,,,,,,,,,,,,,-557.134,210.67,811.903,-525.367,259.576,826.791,-548.11,214.088,773.544,-516.178,264.245,788.374,-482.28,389.512,1618.23,-583.257,345.854,1606.56,-482.502,509.518,1630.08,-581.493,553.3,1622.9
1616,0,141.401,809.384,1365.51,154.299,732.288,1311.34,168.331,655.408,1256.72,173.868,630.58,1237.16,,,,,,,,,,,,,-557.165,210.678,811.901,-525.369,259.627,826.758,-548.102,214.221,773.575,-516.188,264.276,788.37,-482.241,389.508,1618.22,-583.143,345.97,1606.36,-482.449,509.531,1630.03,-581.335,553.492,1622.72
1617,0,141.717,809.699,1365.1,154.487,732.723,1310.78,168.395,655.936,1255.95,174.135,631.133,1236.34,,,,,,,,,,,,,-557.163,210.669,811.876,-525.41,259.657,826.743,-548.145,214.446,773.627,-516.212,264.295,788.346,-482.233,389.534,1618.19,-583.124,345.952,1606.4,-482.398,509.559,1630,-581.167,553.399,1622.61
1618,0,142.001,810.052,1364.79,154.602,733.089,1310.36,168.275,656.374,1255.36,173.931,631.56,1235.72,,,,,,,,,,,,,-557.187,210.728,811.861,-525.418,259.691,826.696,-548.072,214.404,773.653,-516.214,264.319,788.346,-482.202,389.556,1618.17,-582.87,345.92,1606.44,-482.359,509.575,1629.97,-581.165,553.476,1622.59
1619,0,142.303,810.402,1364.48,154.71,733.45,1309.98,168.126,656.705,1254.96,173.654,631.856,1235.37,,,,,,,,,,,,,-557.185,210.742,811.853,-525.425,259.711,826.712,-548.142,214.508,773.683,-516.238,264.378,788.303,-482.16,389.551,1618.15,-583.041,345.99,1606.45,-482.307,509.603,1629.94,-580.965,553.33,1622.44
1620,0,142.608,810.782,1364.08,154.771,733.792,1309.56,167.976,657.023,1254.56,173.202,632.285,1234.9,,,,,,,,,,,,,-557.205,210.765,811.891,-525.433,259.736,826.687,-548.117,214.531,773.769,-516.227,264.425,788.322,-482.131,389.567,1618.13,-582.763,345.979,1606.45,-482.271,509.617,1629.93,-580.907,553.372,1622.39
1621,0,142.86,811.106,1363.71,154.81,734.158,1309.17,167.845,657.395,1254.07,172.753,632.752,1234.61,,,,,,,,,,,,,-557.182,210.827,811.861,-525.449,259.794,826.668,-548.206,214.496,773.673,-516.248,264.462,788.302,-482.119,389.611,1618.11,-583.064,346.029,1606.32,-482.254,509.636,1629.91,-580.949,553.506,1622.41
1622,0,143.224,811.401,1363.19,154.988,734.532,1308.65,167.849,657.853,1253.47,173.156,633.103,1233.79,,,,,,,,,,,,,-557.192,210.836,811.845,-525.454,259.816,826.664,-548.123,214.656,773.647,-516.257,264.516,788.262,-482.072,389.617,1618.11,-583.073,345.993,1606.51,-482.227,509.685,1629.89,-581.266,553.394,1622.75
1623,0,143.522,811.763,1362.86,155.207,734.925,1308.1,167.987,658.317,1252.81,173.041,633.582,1233.14,,,,,,,,,,,,,-557.165,210.858,811.839,-525.451,259.858,826.671,-548.131,214.579,773.579,-516.237,264.537,788.259,-482.073,389.661,1618.08,-582.985,345.976,1606.44,-482.2,509.71,1629.88,-581.018,553.56,1622.47
1624,0,143.854,812.096,1362.41,155.468,735.382,1307.51,168.195,658.922,1252.03,173.25,634.236,1232.33,,,,,,,,,,,,,-557.16,210.92,811.802,-525.453,259.897,826.655,-548.104,214.86,773.526,-516.228,264.562,788.255,-482.034,389.687,1618.09,-582.897,346.066,1606.3,-482.174,509.73,1629.88,-581.251,553.428,1622.73
1625,0,144.18,812.438,1361.97,155.817,735.859,1306.86,168.578,659.493,1251.23,173.773,634.813,1231.51,,,,,,,,,,,,,-557.154,210.913,811.806,-525.445,259.938,826.661,-548.049,214.999,773.533,-516.238,264.608,788.232,-482,389.75,1618.06,-582.624,346.062,1606.43,-482.155,509.772,1629.86,-581.242,553.445,1622.72
1626,0,144.492,812.731,1361.5,156.191,736.274,1306.27,168.963,660.078,1250.4,174.155,635.382,1230.66,,,,,,,,,,,,,-557.146,210.976,811.805,-525.433,259.938,826.664,-547.9,215.218,773.495,-516.23,264.639,788.216,-481.997,389.789,1618.03,-582.737,346.043,1606.39,-482.143,509.794,1629.85,-580.943,553.485,1622.4
1627,0,144.811,813.002,1361.06,156.487,736.663,1305.68,169.338,660.591,1249.55,174.38,635.927,1229.93,,,,,,,,,,,,,-557.08,211.016,811.744,-525.418,259.952,826.661,-547.967,215.086,773.474,-516.216,264.641,788.251,-481.961,389.84,1618.03,-582.573,346.066,1606.41,-482.121,509.817,1629.84,-581.237,553.484,1622.7
1628,0,145.119,813.193,1360.51,156.806,736.995,1305.04,169.623,660.988,1248.88,174.715,636.36,1229.22,,,,,,,,,,,,,-557.103,211.059,811.77,-525.415,259.993,826.659,-547.825,215.426,773.431,-516.212,264.78,788.135,-481.95,389.864,1618.01,-582.552,346.043,1606.44,-482.105,509.847,1629.84,-581.231,553.512,1622.68
1629,0,145.299,813.376,1360.17,157.011,737.272,1304.47,169.789,661.382,1248.16,174.846,636.665,1228.58,,,,,,,,,,,,,-557.056,211.082,811.752,-525.398,260.014,826.641,-548.296,214.982,773.927,-516.2,264.714,788.227,-481.934,389.916,1618,-582.525,346.119,1606.44,-482.101,509.88,1629.83,-581.237,553.545,1622.69
1630,0,145.591,813.548,1359.69,157.111,737.495,1303.91,169.865,661.72,1247.39,174.878,636.939,1227.86,,,,,,,,,,,,,-557.062,211.145,811.799,-525.368,260.064,826.639,-548.149,215.267,773.89,-516.175,264.731,788.218,-481.884,389.928,1618.01,-582.736,346.071,1606.44,-482.066,509.892,1629.82,-580.982,553.669,1622.39
1631,0,145.741,813.671,1359.27,157.237,737.732,1303.31,169.846,662.018,1246.71,174.61,636.718,1226.64,,,,,,,,,,,,,-556.914,211.082,811.503,-525.39,260.076,826.616,-548.239,215.101,773.901,-516.155,265.097,787.971,-481.865,389.945,1618.02,-582.813,346.221,1606.33,-482.071,509.925,1629.81,-580.859,553.587,1622.27
1632,0,145.889,813.757,1358.84,157.337,737.965,1302.73,169.808,662.342,1245.98,174.544,636.946,1225.92,,,,,,,,,,,,,-556.947,211.236,811.712,-525.35,260.092,826.616,-548.044,215.398,773.901,-516.143,265.187,787.954,-481.844,389.98,1618.01,-582.737,346.208,1606.25,-482.061,509.958,1629.8,-581.214,553.598,1622.64
1633,0,146.093,813.847,1358.36,157.47,738.152,1302.13,169.827,662.65,1245.22,174.672,637.345,1225.26,,,,,,,,,,,,,-556.851,211.163,811.539,-525.348,260.145,826.622,-548.176,215.035,773.937,-516.129,265.172,787.947,-481.814,390.016,1618,-582.425,346.186,1606.42,-482.036,509.995,1629.8,-580.909,553.709,1622.31
1634,0,146.328,813.913,1357.8,157.56,738.307,1301.65,169.952,662.846,1244.66,174.934,637.436,1225.03,,,,,,,,,,,,,-556.921,211.283,811.735,-525.333,260.143,826.599,-548.049,215.359,773.913,-516.115,265.27,787.903,-481.782,390.034,1618.01,-582.662,346.184,1606.42,-482.041,510.038,1629.79,-580.942,553.775,1622.34
1635,0,146.425,813.873,1357.66,157.764,738.189,1301.45,170.156,662.687,1244.55,175.395,636.884,1225.23,,,,,,,,,,,,,-556.81,211.221,811.575,-525.272,260.175,826.601,-548.089,215.213,773.933,-516.089,265.312,787.901,-481.756,390.066,1618,-582.514,346.26,1606.35,-482.015,510.057,1629.79,-580.882,553.753,1622.29
1636,0,146.586,813.743,1357.53,158.011,737.958,1301.42,170.421,662.385,1244.6,175.158,636.494,1225.49,,,,,,,,,,,,,-556.792,211.345,811.665,-525.256,260.216,826.63,-548.129,215.017,773.994,-516.042,265.346,787.911,-481.742,390.098,1618.01,-582.316,346.18,1606.4,-481.996,510.095,1629.78,-580.909,553.787,1622.31
1637,0,146.707,813.616,1357.41,158.172,737.775,1301.37,170.586,662.151,1244.61,175.763,636.725,1224.79,,,,,,,,,,,,,-556.76,211.383,811.678,-525.248,260.235,826.593,-547.999,215.306,773.927,-516.039,265.397,787.881,-481.711,390.132,1618.01,-582.538,346.348,1606.4,-481.996,510.125,1629.79,-580.969,553.865,1622.37
1638,0,146.822,813.514,1357.24,158.282,737.652,1301.27,170.676,661.988,1244.54,175.869,636.585,1224.73,,,,,,,,,,,,,-556.748,211.415,811.693,-525.197,260.269,826.614,-548.018,215.174,773.94,-516.003,265.461,787.865,-481.7,390.158,1618.01,-582.621,346.358,1606.36,-481.994,510.17,1629.77,-580.848,553.849,1622.26
1639,0,146.97,813.471,1357.09,158.339,737.6,1301.13,170.649,661.914,1244.43,175.923,636.329,1224.82,,,,,,,,,,,,,-556.735,211.398,811.726,-525.178,260.293,826.608,-548.095,214.927,774.02,-515.997,265.587,787.831,-481.677,390.207,1618.01,-582.528,346.319,1606.5,-481.977,510.215,1629.77,-580.845,553.893,1622.27
1640,0,147.123,813.481,1356.94,158.39,737.57,1301.02,170.636,661.843,1244.4,175.903,636.267,1224.81,,,,,,,,,,,,,-556.66,211.432,811.636,-525.133,260.334,826.604,-548.087,214.881,774.037,-515.938,265.612,787.804,-481.654,390.236,1618.03,-582.463,346.403,1606.4,-481.972,510.232,1629.76,-580.789,553.918,1622.22
1641,0,147.295,813.514,1356.83,158.513,737.553,1300.96,170.713,661.79,1244.39,175.931,636.181,1224.79,,,,,,,,,,,,,-556.647,211.442,811.681,-525.115,260.367,826.631,-548.078,214.815,774.098,-515.898,265.624,787.808,-481.618,390.257,1618.04,-582.58,346.56,1606.6,-481.948,510.275,1629.76,-580.819,553.989,1622.25
1642,0,147.448,813.543,1356.71,158.66,737.555,1300.88,170.844,661.765,1244.35,176.035,636.129,1224.84,,,,,,,,,,,,,-556.843,211.471,812.016,-525.077,260.396,826.616,-547.969,214.984,774.027,-515.895,265.719,787.774,-481.615,390.309,1618.03,-582.424,346.39,1606.61,-481.94,510.319,1629.77,-580.756,554.019,1622.21
1643,0,147.579,813.532,1356.6,158.842,737.509,1300.84,171.024,661.711,1244.33,175.9,636.015,1225.12,,,,,,,,,,,,,-556.655,211.505,811.85,-525.066,260.38,826.603,-547.987,214.915,774.062,-515.866,265.767,787.75,-481.585,390.344,1618.04,-582.128,346.513,1606.51,-481.934,510.357,1629.75,-580.741,554.041,1622.17
1644,0,147.721,813.484,1356.53,159.038,737.467,1300.77,171.228,661.651,1244.3,176.209,635.96,1225.09,,,,,,,,,,,,,-556.561,211.362,811.725,-525.018,260.405,826.61,-547.875,214.966,774.101,-515.833,265.772,787.75,-481.544,390.375,1618.05,-582.419,346.561,1606.44,-481.916,510.389,1629.75,-580.727,554.097,1622.18
1645,0,147.81,813.445,1356.47,159.196,737.404,1300.74,171.409,661.574,1244.29,176.401,635.822,1225.12,,,,,,,,,,,,,-556.573,211.525,811.84,-524.996,260.389,826.625,-547.005,217.201,773.623,-515.794,265.159,788.131,-481.513,390.408,1618.08,-582.202,346.457,1606.74,-481.904,510.435,1629.75,-580.711,554.122,1622.16
1646,0,147.878,813.416,1356.46,159.276,737.362,1300.74,171.498,661.526,1244.31,176.551,635.812,1225.12,,,,,,,,,,,,,-556.541,211.536,811.837,-524.945,260.427,826.637,-547.326,216.261,773.798,-515.769,265.526,787.878,-481.495,390.449,1618.08,-582.349,346.621,1606.54,-481.893,510.47,1629.74,-580.632,554.119,1622.1
1647,0,147.913,813.433,1356.47,159.324,737.387,1300.72,171.541,661.537,1244.32,176.625,635.863,1225.06,,,,,,,,,,,,,-556.632,211.559,812.025,-524.917,260.395,826.666,-547.309,216.17,773.801,-515.724,265.506,787.888,-481.472,390.494,1618.08,-582.266,346.644,1606.53,-481.871,510.51,1629.74,-580.792,554.263,1622.24
1648,0,147.967,813.516,1356.48,159.362,737.465,1300.73,171.548,661.628,1244.32,176.649,635.936,1225.05,,,,,,,,,,,,,-556.622,211.533,812.032,-524.892,260.37,826.668,-547.284,216.203,773.804,-515.673,265.452,787.912,-481.454,390.513,1618.11,-582.249,346.651,1606.6,-481.857,510.533,1629.75,-580.804,554.309,1622.27
1649,0,148.06,813.701,1356.49,159.419,737.64,1300.74,171.615,661.796,1244.3,176.764,636.145,1224.98,,,,,,,,,,,,,-556.537,211.601,812.023,-524.863,260.397,826.664,-547.26,216.133,773.83,-515.647,265.459,787.911,-481.443,390.569,1618.12,-582.289,346.715,1606.6,-481.848,510.57,1629.76,-580.641,554.228,1622.13
1650,0,148.192,813.91,1356.48,159.574,737.87,1300.71,171.784,662.011,1244.29,176.96,636.317,1224.88,,,,,,,,,,,,,-556.506,211.617,812.016,-524.85,260.395,826.661,-547.214,216.133,773.82,-515.601,265.408,787.968,-481.411,390.593,1618.14,-582.211,346.728,1606.62,-481.827,510.618,1629.75,-580.755,554.265,1622.25
1651,0,148.368,814.113,1356.42,159.759,738.095,1300.69,172.026,662.209,1244.3,177.271,636.53,1224.78,,,,,,,,,,,,,-556.485,211.583,812.036,-524.809,260.391,826.679,-547.241,215.992,773.833,-515.579,265.42,787.921,-481.393,390.63,1618.16,-582.23,346.792,1606.52,-481.829,510.655,1629.77,-580.644,554.281,1622.14
1652,0,148.556,814.269,1356.37,159.979,738.277,1300.64,172.321,662.366,1244.29,177.536,636.674,1224.84,,,,,,,,,,,,,-556.424,211.664,812.025,-524.782,260.376,826.674,-547.235,215.973,773.811,-515.549,265.428,787.906,-481.363,390.66,1618.17,-581.87,346.793,1606.57,-481.8,510.686,1629.75,-580.758,554.363,1622.27
1653,0,148.731,814.409,1356.32,160.179,738.424,1300.6,172.531,662.48,1244.3,177.743,636.765,1224.87,,,,,,,,,,,,,-556.415,211.641,812.038,-524.741,260.369,826.683,-547.228,215.877,773.827,-515.53,265.486,787.849,-481.359,390.696,1618.19,-581.911,346.793,1606.68,-481.785,510.733,1629.76,-580.787,554.413,1622.29
1654,0,148.88,814.542,1356.24,160.281,738.511,1300.56,172.592,662.549,1244.28,177.803,636.808,1224.91,,,,,,,,,,,,,-556.369,211.702,812.05,-524.728,260.382,826.698,-547.229,215.74,773.85,-515.505,265.511,787.843,-481.329,390.738,1618.21,-582.106,346.837,1606.67,-481.767,510.762,1629.77,-580.719,554.424,1622.23
1655,0,149.014,814.636,1356.16,160.33,738.586,1300.51,172.567,662.581,1244.28,177.78,636.841,1224.92,,,,,,,,,,,,,-556.403,211.367,812.002,-524.707,260.39,826.685,-547.335,215.44,773.974,-515.468,265.518,787.827,-481.312,390.768,1618.21,-582.15,346.89,1606.61,-481.759,510.799,1629.75,-580.667,554.406,1622.2
1656,0,149.163,814.771,1356.08,160.378,738.666,1300.48,172.528,662.646,1244.25,177.747,636.922,1224.89,,,,,,,,,,,,,-556.233,211.617,811.874,-524.679,260.387,826.674,-547.303,215.45,773.919,-515.444,265.534,787.814,-481.28,390.819,1618.23,-581.978,346.913,1606.72,-481.74,510.841,1629.74,-580.572,554.381,1622.11
1657,0,149.292,814.908,1356.02,160.464,738.765,1300.43,172.52,662.71,1244.22,177.642,636.942,1224.95,,,,,,,,,,,,,-556.208,211.587,811.894,-524.653,260.403,826.679,-547.317,215.307,773.98,-515.407,265.55,787.799,-481.253,390.842,1618.25,-581.828,346.909,1606.72,-481.704,510.869,1629.77,-581.035,554.434,1622.59
1658,0,149.434,815.029,1355.97,160.538,738.858,1300.4,172.515,662.777,1244.2,177.63,637.017,1224.98,,,,,,,,,,,,,-556.299,211.392,812.049,-524.609,260.395,826.686,-547.261,215.394,773.93,-515.365,265.581,787.804,-481.231,390.886,1618.27,-582.156,346.99,1606.59,-481.709,510.899,1629.76,-580.727,554.52,1622.27
1659,0,149.57,815.109,1355.93,160.641,738.917,1300.36,172.543,662.803,1244.18,177.635,637.033,1224.98,,,,,,,,,,,,,-556.115,211.624,811.935,-524.588,260.398,826.7,-547.293,215.211,774.034,-515.33,265.593,787.811,-481.206,390.924,1618.28,-581.952,346.97,1606.81,-481.661,510.942,1629.78,-580.677,554.519,1622.24
1660,0,149.72,815.192,1355.87,160.721,738.946,1300.33,172.551,662.82,1244.17,177.633,637.042,1224.96,,,,,,,,,,,,,-556.105,211.415,811.859,-524.55,260.387,826.716,-547.196,215.394,773.925,-515.3,265.634,787.77,-481.22,390.951,1618.28,-581.972,347.059,1606.75,-481.642,510.965,1629.78,-580.682,554.527,1622.26
1661,0,149.867,815.221,1355.82,160.797,738.949,1300.32,172.57,662.804,1244.17,177.631,637.022,1224.98,,,,,,,,,,,,,-556.069,211.634,811.957,-524.499,260.395,826.732,-547.302,215.066,774.033,-515.261,265.615,787.783,-481.195,390.992,1618.29,-581.972,347.098,1606.66,-481.625,510.998,1629.78,-580.683,554.646,1622.28
1662,0,149.972,815.23,1355.81,160.847,738.948,1300.31,172.575,662.791,1244.16,177.625,636.99,1224.98,,,,,,,,,,,,,-556.062,211.435,811.908,-524.474,260.413,826.73,-547.196,215.261,774.017,-515.237,265.603,787.795,-481.169,391.028,1618.3,-581.72,347.08,1606.75,-481.627,511.028,1629.78,-580.987,554.595,1622.6
1663,0,150.066,815.228,1355.84,160.896,738.952,1300.32,172.574,662.785,1244.16,177.625,636.986,1224.96,,,,,,,,,,,,,-556.004,211.678,811.998,-524.451,260.426,826.726,-547.112,215.432,773.97,-515.204,265.587,787.838,-481.169,391.061,1618.31,-581.893,347.097,1606.72,-481.624,511.051,1629.77,-580.596,554.642,1622.21
1664,0,150.15,815.2,1355.91,160.95,738.951,1300.35,172.576,662.795,1244.18,177.612,636.975,1224.99,,,,,,,,,,,,,-555.986,211.483,811.931,-524.421,260.433,826.737,-547.102,215.406,774.014,-515.184,265.602,787.846,-481.138,391.08,1618.32,-582.061,347.124,1606.77,-481.607,511.067,1629.77,-580.56,554.614,1622.2
1665,0,150.197,815.165,1355.98,160.963,738.955,1300.38,172.569,662.818,1244.17,177.591,637.011,1224.99,,,,,,,,,,,,,-555.963,211.492,811.94,-524.377,260.436,826.788,-546.999,215.585,773.939,-515.164,265.627,787.833,-481.137,391.1,1618.34,-581.698,347.093,1606.8,-481.605,511.097,1629.78,-580.63,554.707,1622.28
1666,0,150.251,815.182,1356.04,160.996,738.977,1300.42,172.583,662.85,1244.18,177.588,637.05,1225,,,,,,,,,,,,,-555.911,211.497,811.942,-524.343,260.452,826.782,-547.237,214.929,774.097,-515.109,265.656,787.861,-481.135,391.132,1618.34,-581.976,347.213,1606.71,-481.586,511.125,1629.77,-580.662,554.737,1622.31
1667,0,150.304,815.167,1356.1,161.036,739.003,1300.44,172.584,662.871,1244.18,177.598,637.084,1224.97,,,,,,,,,,,,,-555.866,211.71,812.011,-524.334,260.446,826.797,-547.166,215.027,774.042,-515.102,265.67,787.859,-481.103,391.146,1618.37,-581.605,347.223,1606.75,-481.573,511.143,1629.77,-580.573,554.715,1622.25
1668,0,150.355,815.132,1356.15,161.047,738.985,1300.47,172.599,662.873,1244.17,177.589,637.093,1224.97,,,,,,,,,,,,,-555.867,211.693,812.013,-524.303,260.475,826.794,-547.232,214.899,774.053,-515.063,265.688,787.891,-481.09,391.153,1618.38,-581.892,347.225,1606.77,-481.556,511.159,1629.79,-580.558,554.767,1622.23
1669,0,150.382,815.082,1356.2,161.055,738.941,1300.49,172.597,662.845,1244.18,177.585,637.058,1224.97,,,,,,,,,,,,,-555.836,211.719,811.985,-524.276,260.458,826.814,-547.195,214.903,774.024,-515.042,265.673,787.887,-481.081,391.161,1618.41,-581.932,347.281,1606.74,-481.538,511.176,1629.81,-580.677,554.793,1622.38
1670,0,150.386,814.983,1356.22,161.055,738.862,1300.49,172.591,662.78,1244.18,177.6,636.996,1224.98,,,,,,,,,,,,,-555.81,211.546,811.923,-524.24,260.465,826.811,-547.206,214.816,774.094,-515.026,265.691,787.849,-481.064,391.172,1618.44,-581.836,347.218,1606.86,-481.521,511.178,1629.83,-580.575,554.808,1622.3
1671,0,150.479,814.836,1356.07,161.054,738.746,1300.48,172.6,662.679,1244.18,177.631,636.886,1224.89,,,,,,,,,,,,,-555.778,211.551,811.898,-524.224,260.469,826.793,-547.123,215.011,774.025,-515.003,265.687,787.876,-481.044,391.162,1618.47,-581.994,347.195,1606.89,-481.504,511.179,1629.86,-580.508,554.75,1622.27
1672,0,150.427,814.71,1356.2,161.038,738.622,1300.48,172.61,662.559,1244.18,177.665,636.747,1224.86,,,,,,,,,,,,,-555.759,211.534,811.881,-524.195,260.462,826.794,-547.099,215.051,774.004,-514.976,265.693,787.872,-481.035,391.166,1618.49,-581.615,347.197,1606.91,-481.488,511.172,1629.86,-580.496,554.781,1622.29
1673,0,150.537,814.578,1356.05,161.043,738.492,1300.47,172.61,662.424,1244.16,177.646,636.579,1224.87,,,,,,,,,,,,,-555.738,211.532,811.896,-524.2,260.448,826.785,-547.164,214.867,774.067,-514.972,265.685,787.859,-481.038,391.165,1618.49,-581.849,347.221,1606.91,-481.484,511.179,1629.87,-580.394,554.792,1622.22
1674,0,150.579,814.443,1356.03,161.081,738.379,1300.47,172.64,662.293,1244.15,177.61,636.436,1224.91,,,,,,,,,,,,,-555.733,211.537,811.858,-524.178,260.444,826.779,-547.179,214.813,774.062,-514.958,265.669,787.831,-481.023,391.151,1618.53,-581.565,347.191,1606.88,-481.453,511.163,1629.91,-580.354,554.877,1622.21
1675,0,150.644,814.344,1355.99,161.124,738.288,1300.45,172.683,662.177,1244.12,177.621,636.344,1224.92,,,,,,,,,,,,,-555.769,211.518,811.899,-524.162,260.433,826.799,-547.13,214.905,774.083,-514.953,265.66,787.814,-481.011,391.139,1618.54,-581.715,347.169,1607.07,-481.436,511.155,1629.92,-580.114,554.711,1622.04
1676,0,150.734,814.254,1355.98,161.186,738.184,1300.45,172.745,662.076,1244.12,177.649,636.28,1224.95,,,,,,,,,,,,,-555.771,211.534,811.859,-524.181,260.429,826.764,-547.11,214.975,774.033,-514.956,265.659,787.826,-480.99,391.116,1618.56,-581.748,347.217,1606.96,-481.394,511.152,1629.93,-580.699,554.759,1622.67
1677,0,150.823,814.178,1355.94,161.279,738.1,1300.45,172.821,661.992,1244.11,177.904,636.183,1224.81,,,,,,,,,,,,,-555.742,211.533,811.846,-524.166,260.408,826.752,-547.177,214.831,774.075,-514.968,265.649,787.804,-480.968,391.108,1618.58,-581.904,347.234,1607,-481.355,511.142,1629.96,-580.331,554.746,1622.36
1678,0,150.904,814.07,1355.87,161.374,737.988,1300.42,172.953,661.873,1244.09,177.992,636.056,1224.81,,,,,,,,,,,,,-555.747,211.504,811.82,-524.178,260.411,826.769,-547.174,214.83,774.049,-514.972,265.088,788.195,-480.943,391.083,1618.58,-581.502,347.236,1606.92,-481.315,511.121,1629.96,-580.302,554.691,1622.4
1679,0,150.961,813.971,1355.91,161.508,737.825,1300.36,173.119,661.698,1244.06,178.141,635.902,1224.85,,,,,,,,,,,,,-555.755,211.512,811.843,-524.193,260.406,826.743,-547.121,214.944,774.011,-514.99,265.104,788.165,-480.919,391.086,1618.6,-581.681,347.232,1606.93,-481.299,511.116,1629.96,-580.181,554.801,1622.29
1680,0,151.049,813.783,1355.78,161.635,737.644,1300.28,173.254,661.487,1244.01,178.398,635.723,1224.7,,,,,,,,,,,,,-555.788,211.516,811.875,-524.175,260.417,826.757,-547.161,214.843,774.037,-514.963,265.106,788.198,-480.901,391.056,1618.62,-581.616,347.247,1606.89,-481.262,511.096,1629.97,-580.052,554.667,1622.22
1681,0,151.105,813.591,1355.63,161.77,737.409,1300.13,173.371,661.226,1243.97,178.572,635.511,1224.62,,,,,,,,,,,,,-555.769,211.512,811.856,-524.191,260.407,826.753,-547.158,214.931,774.019,-515.001,265.104,788.154,-480.891,391.059,1618.6,-581.712,347.255,1606.93,-481.229,511.103,1629.96,-580.173,554.822,1622.38
1682,0,151.146,813.429,1355.52,161.829,737.192,1300.02,173.41,660.97,1243.94,178.43,635.295,1224.84,,,,,,,,,,,,,-555.765,211.531,811.833,-524.2,260.405,826.729,-547.133,214.98,773.998,-515.009,265.09,788.14,-480.877,391.062,1618.6,-581.684,347.203,1606.97,-481.199,511.093,1629.97,-580.02,554.798,1622.27
1683,0,151.208,813.288,1355.39,161.869,736.992,1299.94,173.435,660.729,1243.94,178.428,634.874,1224.86,,,,,,,,,,,,,-555.796,211.535,811.83,-524.2,260.388,826.733,-547.065,215.143,773.956,-514.989,265.082,788.152,-480.849,391.055,1618.59,-581.406,347.236,1606.94,-481.158,511.098,1629.95,-580.349,554.765,1622.66
1684,0,151.255,813.148,1355.27,161.907,736.834,1299.9,173.459,660.528,1243.9,178.431,634.633,1224.91,,,,,,,,,,,,,-555.813,211.511,811.838,-524.188,260.375,826.716,-546.856,215.688,773.871,-514.994,265.068,788.122,-480.812,391.054,1618.56,-581.73,347.278,1606.81,-481.131,511.087,1629.94,-579.961,554.815,1622.28
1685,0,151.279,813.08,1355.19,161.934,736.717,1299.85,173.496,660.378,1243.89,178.45,634.45,1224.85,,,,,,,,,,,,,-555.81,211.514,811.81,-524.2,260.37,826.717,-546.897,215.62,773.875,-515.02,265.092,788.103,-480.786,391.058,1618.58,-581.362,347.255,1606.96,-481.1,511.087,1629.93,-579.956,554.845,1622.32
1686,0,151.311,813.032,1355.15,161.963,736.652,1299.81,173.528,660.306,1243.87,178.42,634.306,1224.92,,,,,,,,,,,,,-555.833,211.501,811.821,-524.195,260.384,826.727,-547.109,215.107,773.95,-515.026,265.084,788.113,-480.762,391.059,1618.54,-581.617,347.24,1606.95,-481.07,511.101,1629.92,-579.936,554.906,1622.33
1687,0,151.344,813.027,1355.13,161.997,736.64,1299.79,173.556,660.296,1243.86,178.433,634.27,1224.97,,,,,,,,,,,,,-555.848,211.679,811.876,-524.215,260.361,826.694,-547.13,215.061,773.977,-515.013,265.046,788.111,-480.74,391.067,1618.52,-581.478,347.291,1606.83,-481.051,511.095,1629.9,-580.169,554.785,1622.62
1688,0,151.359,813.031,1355.14,162.035,736.644,1299.77,173.602,660.304,1243.84,178.45,634.261,1224.95,,,,,,,,,,,,,-555.81,211.516,811.788,-524.238,260.367,826.684,-547.172,215.01,773.998,-515.019,265.05,788.102,-480.7,391.064,1618.51,-581.429,347.292,1606.88,-481.016,511.1,1629.88,-580.141,554.791,1622.61
1689,0,151.366,813.045,1355.15,162.056,736.666,1299.77,173.617,660.334,1243.82,178.458,634.294,1224.95,,,,,,,,,,,,,-555.844,211.497,811.778,-524.234,260.378,826.674,-547.159,215.023,773.947,-515.002,265.043,788.093,-480.672,391.075,1618.49,-581.709,347.277,1606.96,-480.994,511.107,1629.87,-579.915,554.949,1622.38
1690,0,151.35,813.044,1355.17,162.061,736.687,1299.78,173.638,660.36,1243.79,178.473,634.3,1224.97,,,,,,,,,,,,,-555.868,211.512,811.804,-524.237,260.374,826.666,-547.13,215.113,773.936,-515.029,265.065,788.091,-480.637,391.088,1618.46,-581.536,347.276,1606.9,-480.974,511.125,1629.85,-579.723,554.831,1622.23
1691,0,151.337,813.021,1355.21,162.052,736.69,1299.82,173.647,660.383,1243.78,178.492,634.323,1224.97,,,,,,,,,,,,,-555.863,211.506,811.807,-524.24,260.369,826.682,-547.19,215.012,773.956,-515.033,265.049,788.106,-480.612,391.091,1618.46,-581.446,347.312,1606.87,-480.941,511.123,1629.84,-579.878,554.89,1622.4
1692,0,151.295,812.975,1355.3,162.031,736.674,1299.86,173.647,660.387,1243.79,178.51,634.338,1224.95,,,,,,,,,,,,,-555.859,211.513,811.783,-524.258,260.389,826.69,-547.187,214.961,774.001,-515.035,265.094,788.102,-480.584,391.1,1618.44,-581.17,347.292,1606.87,-480.92,511.121,1629.83,-579.68,554.86,1622.24
1693,0,151.251,812.931,1355.38,161.994,736.635,1299.89,173.625,660.391,1243.79,178.503,634.344,1224.95,,,,,,,,,,,,,-555.899,211.522,811.817,-524.258,260.382,826.683,-547.142,215.109,773.942,-515.024,265.067,788.118,-480.555,391.109,1618.43,-581.507,347.271,1607.02,-480.91,511.135,1629.82,-580.005,554.814,1622.59
1694,0,151.195,812.885,1355.47,161.967,736.613,1299.94,173.609,660.392,1243.79,178.472,634.349,1224.97,,,,,,,,,,,,,-555.863,211.534,811.801,-524.275,260.39,826.686,-547.112,215.226,773.923,-515.042,265.091,788.091,-480.539,391.103,1618.43,-581.409,347.275,1606.91,-480.881,511.14,1629.82,-579.746,554.908,1622.32
1695,0,151.163,812.858,1355.52,161.938,736.616,1299.96,173.576,660.418,1243.8,178.51,634.387,1224.92,,,,,,,,,,,,,-555.926,211.744,811.908,-524.267,260.408,826.698,-547.121,215.201,773.952,-515.032,265.091,788.118,-480.511,391.105,1618.43,-581.505,347.343,1606.91,-480.866,511.156,1629.8,-579.952,554.818,1622.58
1696,0,151.159,812.832,1355.58,161.926,736.625,1299.99,173.572,660.459,1243.77,178.489,634.396,1224.96,,,,,,,,,,,,,-555.881,211.545,811.807,-524.267,260.419,826.718,-547.155,215.147,773.95,-515.035,265.097,788.12,-480.504,391.115,1618.41,-581.104,347.296,1606.89,-480.847,511.137,1629.82,-579.939,554.823,1622.58
1697,0,151.136,812.837,1355.63,161.911,736.652,1300.01,173.56,660.504,1243.76,178.523,634.469,1224.88,,,,,,,,,,,,,-555.913,211.551,811.823,-524.29,260.432,826.706,-546.895,215.788,773.824,-515.044,265.125,788.12,-480.487,391.135,1618.43,-581.088,347.356,1606.89,-480.835,511.149,1629.81,-579.675,554.886,1622.31
1698,0,151.153,812.872,1355.7,161.916,736.71,1300.04,173.556,660.591,1243.75,178.485,634.534,1224.91,,,,,,,,,,,,,-556.082,211.532,812.064,-524.308,260.458,826.689,-547.107,215.231,773.928,-515.05,265.115,788.109,-480.461,391.113,1618.44,-581.085,347.323,1606.91,-480.813,511.144,1629.82,-579.551,554.858,1622.22
1699,0,151.162,812.919,1355.77,161.932,736.784,1300.08,173.562,660.708,1243.74,178.515,634.701,1224.94,,,,,,,,,,,,,-556.086,211.541,812.055,-524.297,260.445,826.669,-547.167,215.103,773.955,-515.048,265.419,787.912,-480.463,391.121,1618.44,-581.391,347.352,1606.9,-480.806,511.137,1629.82,-579.576,554.896,1622.25
1700,0,151.202,812.987,1355.86,161.961,736.881,1300.13,173.598,660.862,1243.77,178.583,634.918,1224.9,,,,,,,,,,,,,-556.083,211.524,812.057,-524.27,260.462,826.685,-547.153,215.113,773.945,-515.035,265.123,788.089,-480.442,391.11,1618.44,-581.381,347.285,1606.98,-480.78,511.133,1629.82,-579.872,554.827,1622.57
1701,0,151.221,813.045,1355.98,162.012,736.991,1300.2,173.649,660.992,1243.78,178.616,635.056,1224.94,,,,,,,,,,,,,-555.95,211.552,811.842,-524.299,260.42,826.694,-547.126,215.272,773.897,-515.028,265.41,787.904,-480.443,391.108,1618.44,-581.039,347.35,1606.91,-480.76,511.144,1629.83,-579.591,554.963,1622.29
1702,0,151.234,813.083,1356.09,162.042,737.061,1300.25,173.665,661.092,1243.81,178.645,635.193,1224.92,,,,,,,,,,,,,-555.971,211.552,811.845,-524.307,260.431,826.669,-546.935,215.73,773.836,-515.03,265.41,787.884,-480.429,391.086,1618.44,-581.03,347.301,1606.9,-480.758,511.117,1629.82,-579.827,554.814,1622.56
1703,0,151.233,813.099,1356.15,162.05,737.099,1300.3,173.671,661.166,1243.82,178.611,635.254,1224.98,,,,,,,,,,,,,-555.961,211.564,811.84,-524.286,260.422,826.648,-547.17,215.168,773.9,-515.019,265.104,788.066,-480.419,391.097,1618.43,-581.036,347.319,1606.91,-480.739,511.101,1629.83,-579.473,554.912,1622.21
1704,0,151.272,813.114,1356.22,162.057,737.135,1300.33,173.677,661.218,1243.8,178.634,635.342,1224.95,,,,,,,,,,,,,-555.967,211.578,811.819,-524.301,260.41,826.643,-546.974,215.639,773.805,-515.016,265.117,788.071,-480.417,391.08,1618.43,-580.984,347.294,1606.86,-480.719,511.087,1629.83,-579.474,554.925,1622.23
1705,0,151.291,813.128,1356.28,162.085,737.182,1300.36,173.684,661.28,1243.82,178.617,635.397,1224.94,,,,,,,,,,,,,-555.972,211.561,811.812,-524.288,260.408,826.643,-546.936,215.679,773.808,-515.006,265.089,788.059,-480.412,391.063,1618.43,-581.286,347.312,1606.83,-480.686,511.072,1629.85,-579.426,554.89,1622.2
1706,0,151.309,813.182,1356.32,162.109,737.243,1300.36,173.697,661.356,1243.82,178.593,635.446,1224.95,,,,,,,,,,,,,-555.955,211.547,811.811,-524.295,260.419,826.614,-547.187,215.075,773.892,-515.015,265.07,788.055,-480.4,391.053,1618.43,-581.015,347.246,1606.92,-480.698,511.071,1629.84,-579.418,554.897,1622.2
1707,0,151.37,813.219,1356.33,162.155,737.3,1300.38,173.696,661.412,1243.82,178.59,635.497,1224.96,,,,,,,,,,,,,-555.943,211.56,811.799,-524.265,260.406,826.627,-546.899,215.728,773.793,-515.01,265.078,788.053,-480.393,391.051,1618.43,-581.309,347.246,1606.96,-480.659,511.061,1629.86,-579.716,554.868,1622.53
1708,0,151.44,813.244,1356.34,162.19,737.327,1300.36,173.72,661.435,1243.81,178.612,635.533,1224.94,,,,,,,,,,,,,-555.935,211.557,811.793,-524.25,260.41,826.608,-546.942,215.711,773.783,-514.999,265.088,788.043,-480.376,391.011,1618.45,-581.223,347.338,1606.87,-480.644,511.039,1629.86,-579.718,554.813,1622.57
1709,0,151.51,813.263,1356.31,162.24,737.35,1300.33,173.726,661.444,1243.8,178.592,635.51,1224.96,,,,,,,,,,,,,-555.933,211.558,811.808,-524.249,260.401,826.622,-546.95,215.647,773.811,-514.969,265.083,788.068,-480.366,391.016,1618.44,-581.126,347.237,1606.9,-480.622,511.034,1629.86,-579.276,554.761,1622.13
1710,0,151.592,813.296,1356.26,162.283,737.371,1300.33,173.746,661.445,1243.8,178.601,635.523,1224.93,,,,,,,,,,,,,-555.917,211.559,811.792,-524.225,260.383,826.63,-547.119,215.134,773.921,-514.968,265.081,788.08,-480.353,391.014,1618.44,-581.258,347.265,1606.93,-480.613,511.022,1629.88,-579.337,554.829,1622.19
1711,0,151.651,813.319,1356.24,162.317,737.388,1300.34,173.777,661.451,1243.79,178.605,635.514,1224.94,,,,,,,,,,,,,-555.878,211.562,811.77,-524.199,260.394,826.646,-546.346,217.21,773.56,-514.94,265.084,788.098,-480.35,391.012,1618.44,-580.988,347.247,1606.95,-480.601,511.017,1629.87,-579.555,554.968,1622.38
1712,0,151.703,813.344,1356.21,162.36,737.396,1300.3,173.795,661.439,1243.77,178.633,635.524,1224.92,,,,,,,,,,,,,-555.868,211.553,811.768,-524.187,260.391,826.635,-546.655,216.292,773.658,-514.961,265.118,788.034,-480.341,391.003,1618.44,-581.151,347.27,1606.87,-480.582,511.007,1629.87,-579.513,554.878,1622.38
1713,0,151.75,813.366,1356.19,162.379,737.406,1300.3,173.823,661.453,1243.77,178.63,635.512,1224.95,,,,,,,,,,,,,-555.865,211.563,811.755,-524.195,260.421,826.598,-546.64,216.344,773.673,-514.943,265.122,788.064,-480.336,391.006,1618.44,-581.167,347.259,1606.9,-480.567,510.996,1629.87,-579.335,554.892,1622.21
1714,0,151.766,813.38,1356.18,162.394,737.427,1300.29,173.837,661.457,1243.78,178.64,635.529,1224.93,,,,,,,,,,,,,-555.827,211.558,811.744,-524.164,260.394,826.643,-546.618,216.321,773.688,-514.899,265.129,788.082,-480.306,390.988,1618.45,-580.948,347.214,1606.97,-480.562,510.999,1629.87,-579.652,554.807,1622.55
1715,0,151.782,813.426,1356.14,162.399,737.438,1300.26,173.835,661.482,1243.75,178.64,635.517,1224.96,,,,,,,,,,,,,-555.813,211.565,811.733,-524.152,260.393,826.608,-546.59,216.383,773.657,-514.907,265.107,788.079,-480.298,391.006,1618.44,-580.915,347.235,1606.96,-480.538,511.002,1629.87,-579.651,554.809,1622.55
1716,0,151.805,813.456,1356.1,162.417,737.473,1300.24,173.858,661.499,1243.74,178.637,635.515,1224.96,,,,,,,,,,,,,-555.818,211.597,811.767,-524.109,260.377,826.603,-546.52,216.505,773.591,-514.897,265.148,788.056,-480.287,391.001,1618.45,-580.92,347.201,1606.99,-480.543,511.004,1629.88,-579.647,554.817,1622.56
1717,0,151.83,813.498,1356.06,162.431,737.512,1300.2,173.865,661.524,1243.74,178.638,635.515,1224.97,,,,,,,,,,,,,-555.769,211.585,811.726,-524.083,260.372,826.622,-546.583,216.336,773.661,-514.858,265.112,788.06,-480.283,391.013,1618.45,-580.895,347.235,1606.96,-480.535,511.005,1629.88,-579.419,554.91,1622.31
1718,0,151.854,813.543,1356.02,162.421,737.54,1300.17,173.878,661.534,1243.72,178.644,635.531,1224.95,,,,,,,,,,,,,-555.773,211.581,811.747,-524.106,260.399,826.606,-546.566,216.332,773.575,-514.863,265.133,788.059,-480.259,391.025,1618.46,-580.838,347.256,1606.94,-480.528,511.016,1629.89,-579.289,554.802,1622.18
1719,0,151.883,813.571,1355.98,162.426,737.558,1300.17,173.877,661.545,1243.7,178.621,635.52,1224.95,,,,,,,,,,,,,-555.762,211.596,811.715,-524.087,260.396,826.607,-546.593,216.26,773.61,-514.851,265.148,788.052,-480.25,391.027,1618.47,-580.817,347.261,1606.93,-480.519,511.026,1629.91,-579.659,554.838,1622.56
1720,0,151.894,813.592,1355.97,162.43,737.568,1300.14,173.88,661.547,1243.68,178.643,635.53,1224.97,,,,,,,,,,,,,-555.768,211.597,811.706,-524.077,260.396,826.565,-546.615,216.172,773.593,-514.856,265.148,788.02,-480.228,391.052,1618.48,-581.178,347.316,1606.9,-480.528,511.032,1629.92,-579.671,554.837,1622.56
1721,0,151.902,813.602,1355.94,162.44,737.57,1300.12,173.885,661.547,1243.68,178.646,635.531,1224.97,,,,,,,,,,,,,-555.767,211.6,811.705,-524.084,260.436,826.561,-546.697,215.976,773.621,-514.842,265.152,788.002,-480.208,391.063,1618.49,-580.796,347.234,1606.97,-480.526,511.038,1629.92,-579.402,554.959,1622.26
1722,0,151.915,813.629,1355.93,162.447,737.596,1300.11,173.885,661.558,1243.66,178.638,635.544,1224.96,,,,,,,,,,,,,-555.927,211.592,811.94,-524.062,260.425,826.533,-546.664,216.036,773.585,-514.829,265.44,787.824,-480.202,391.083,1618.51,-581.108,347.278,1606.97,-480.534,511.061,1629.94,-579.451,554.917,1622.32
1723,0,151.937,813.656,1355.93,162.471,737.62,1300.1,173.91,661.59,1243.66,178.644,635.548,1224.96,,,,,,,,,,,,,-555.776,211.611,811.741,-524.078,260.451,826.533,-546.722,215.888,773.604,-514.815,265.448,787.823,-480.202,391.092,1618.52,-580.743,347.311,1606.93,-480.526,511.062,1629.94,-579.413,554.884,1622.29
1724,0,151.965,813.685,1355.94,162.494,737.645,1300.09,173.934,661.613,1243.65,178.655,635.562,1224.95,,,,,,,,,,,,,-555.775,211.624,811.771,-524.07,260.439,826.542,-546.74,215.87,773.582,-514.801,265.461,787.827,-480.18,391.099,1618.53,-580.964,347.266,1606.91,-480.52,511.079,1629.95,-579.691,554.849,1622.6
1725,0,151.988,813.706,1355.91,162.511,737.659,1300.1,173.95,661.635,1243.65,178.684,635.565,1224.95,,,,,,,,,,,,,-555.763,211.833,811.802,-524.075,260.469,826.497,-546.77,215.757,773.611,-514.797,265.468,787.828,-480.166,391.107,1618.54,-580.753,347.229,1606.98,-480.522,511.081,1629.96,-579.418,554.899,1622.31
1726,0,152.022,813.723,1355.92,162.534,737.67,1300.1,173.984,661.642,1243.65,178.699,635.603,1224.95,,,,,,,,,,,,,-555.762,211.651,811.731,-524.042,260.499,826.517,-546.935,215.319,773.677,-514.79,265.473,787.82,-480.13,391.123,1618.57,-580.736,347.268,1607.03,-480.52,511.099,1629.99,-579.352,554.925,1622.25
1727,0,152.047,813.739,1355.92,162.567,737.68,1300.1,174.012,661.647,1243.64,178.701,635.595,1224.94,,,,,,,,,,,,,-555.811,211.926,811.891,-524.053,260.498,826.496,-546.814,215.613,773.568,-514.802,265.212,787.97,-480.138,391.122,1618.58,-581.004,347.297,1606.91,-480.515,511.098,1629.99,-579.338,554.89,1622.25
1728,0,152.072,813.744,1355.9,162.592,737.688,1300.09,174.057,661.654,1243.64,178.724,635.588,1224.95,,,,,,,,,,,,,-555.741,211.659,811.728,-524.043,260.513,826.475,-546.843,215.527,773.601,-514.777,265.516,787.785,-480.129,391.151,1618.58,-581.136,347.253,1607.03,-480.507,511.102,1629.99,-579.698,554.874,1622.61
1729,0,152.087,813.752,1355.91,162.63,737.681,1300.09,174.097,661.652,1243.63,178.774,635.579,1224.95,,,,,,,,,,,,,-555.824,211.877,811.945,-524.019,260.511,826.492,-546.862,215.428,773.63,-514.765,265.524,787.785,-480.121,391.149,1618.58,-580.895,347.244,1607.01,-480.501,511.121,1630.01,-579.337,554.914,1622.25
1730,0,152.099,813.747,1355.91,162.653,737.683,1300.09,174.115,661.653,1243.65,178.807,635.588,1224.94,,,,,,,,,,,,,-555.787,211.917,811.929,-523.978,260.524,826.515,-546.885,215.36,773.632,-514.754,265.537,787.795,-480.1,391.161,1618.6,-580.641,347.286,1606.99,-480.488,511.114,1630.01,-579.277,554.838,1622.2
1731,0,152.108,813.73,1355.88,162.665,737.68,1300.1,174.131,661.654,1243.64,178.831,635.599,1224.95,,,,,,,,,,,,,-555.779,211.901,811.953,-523.995,260.557,826.505,-546.838,215.408,773.613,-514.743,265.546,787.797,-480.103,391.177,1618.6,-580.979,347.336,1607.01,-480.498,511.128,1630.02,-579.273,554.819,1622.21
1732,0,152.092,813.717,1355.88,162.667,737.678,1300.1,174.137,661.648,1243.65,178.848,635.584,1224.95,,,,,,,,,,,,,-555.688,211.892,811.816,-523.976,260.547,826.514,-546.915,215.09,773.887,-514.712,265.564,787.808,-480.077,391.156,1618.62,-580.953,347.31,1607.05,-480.482,511.141,1630.01,-579.292,554.878,1622.21
1733,0,152.081,813.727,1355.9,162.673,737.684,1300.08,174.149,661.65,1243.64,178.874,635.581,1224.95,,,,,,,,,,,,,-555.699,211.932,811.939,-523.941,260.554,826.515,-547.019,214.76,773.96,-514.689,265.641,787.783,-480.07,391.176,1618.61,-581.083,347.293,1607.1,-480.478,511.131,1630.02,-579.36,554.976,1622.26
1734,0,152.094,813.751,1355.9,162.672,737.692,1300.09,174.148,661.663,1243.63,178.861,635.6,1224.95,,,,,,,,,,,,,-555.708,211.932,811.964,-523.915,260.544,826.524,-546.787,215.413,773.615,-514.674,265.628,787.789,-480.056,391.187,1618.64,-580.646,347.305,1607.09,-480.461,511.158,1630.04,-579.415,555.02,1622.32
1735,0,152.109,813.757,1355.88,162.684,737.707,1300.09,174.169,661.689,1243.62,178.876,635.607,1224.94,,,,,,,,,,,,,-555.598,211.903,811.831,-523.911,260.554,826.507,-546.972,214.77,773.967,-514.654,265.67,787.757,-480.04,391.195,1618.65,-580.608,347.293,1607.07,-480.453,511.172,1630.04,-579.363,554.982,1622.28
1736,0,152.124,813.782,1355.88,162.714,737.722,1300.08,174.2,661.703,1243.62,178.882,635.6,1224.94,,,,,,,,,,,,,-555.633,212.019,811.924,-523.867,260.557,826.52,-546.919,214.865,773.921,-514.621,265.702,787.749,-480.023,391.212,1618.65,-580.613,347.295,1607.1,-480.449,511.177,1630.05,-579.442,555.007,1622.36
1737,0,152.124,813.769,1355.89,162.725,737.719,1300.09,174.246,661.709,1243.61,178.931,635.615,1224.96,,,,,,,,,,,,,-555.514,211.939,811.787,-523.853,260.547,826.525,-546.889,214.854,773.923,-514.621,265.328,787.988,-480.021,391.22,1618.66,-580.944,347.316,1607.12,-480.459,511.193,1630.05,-579.685,554.936,1622.61
1738,0,152.109,813.746,1355.94,162.758,737.715,1300.1,174.276,661.701,1243.61,178.961,635.611,1224.97,,,,,,,,,,,,,-555.482,212.021,811.765,-523.834,260.529,826.532,-546.868,214.869,773.928,-514.581,265.618,787.83,-480.012,391.25,1618.66,-580.915,347.359,1607.15,-480.444,511.225,1630.05,-579.682,554.941,1622.59
1739,0,152.161,813.736,1355.92,162.789,737.7,1300.13,174.307,661.694,1243.63,178.992,635.609,1224.96,,,,,,,,,,,,,-555.466,212.034,811.793,-523.787,260.501,826.534,-546.838,214.845,773.908,-514.564,265.591,787.821,-480.001,391.266,1618.68,-580.929,347.387,1607,-480.438,511.224,1630.06,-579.388,555.002,1622.29
1740,0,152.165,813.683,1355.96,162.806,737.687,1300.17,174.345,661.688,1243.64,179.025,635.604,1224.95,,,,,,,,,,,,,-555.408,212.079,811.754,-523.782,260.502,826.523,-546.803,214.879,773.919,-514.547,265.583,787.847,-480.008,391.283,1618.68,-580.845,347.392,1607.02,-480.452,511.246,1630.05,-579.341,554.981,1622.24
1741,0,152.178,813.643,1356.02,162.84,737.653,1300.19,174.368,661.675,1243.65,179.059,635.576,1224.94,,,,,,,,,,,,,-555.439,211.958,811.783,-523.781,260.463,826.55,-546.793,214.901,773.883,-514.553,265.308,787.958,-479.991,391.307,1618.69,-580.955,347.389,1607.14,-480.454,511.26,1630.06,-579.318,554.999,1622.2
1742,0,152.167,813.585,1356.08,162.84,737.624,1300.24,174.378,661.659,1243.67,179.075,635.575,1224.95,,,,,,,,,,,,,-555.393,212.094,811.793,-523.742,260.435,826.533,-546.775,214.854,773.895,-514.54,265.306,787.964,-480.004,391.333,1618.69,-580.52,347.379,1607.12,-480.471,511.28,1630.05,-579.367,555.053,1622.24
1743,0,152.18,813.541,1356.14,162.854,737.605,1300.27,174.386,661.657,1243.68,179.093,635.589,1224.94,,,,,,,,,,,,,-555.409,211.94,811.773,-523.723,260.428,826.564,-546.776,214.871,773.909,-514.529,265.294,787.974,-480,391.351,1618.72,-580.512,347.399,1607.12,-480.49,511.316,1630.07,-579.452,555.113,1622.32
1744,0,152.192,813.485,1356.18,162.853,737.579,1300.3,174.409,661.651,1243.67,179.102,635.579,1224.95,,,,,,,,,,,,,-555.398,211.624,811.666,-523.716,260.403,826.566,-546.755,214.814,773.925,-514.532,265.288,787.962,-480.003,391.375,1618.73,-580.821,347.382,1607.11,-480.473,511.313,1630.09,-579.432,555.098,1622.29
1745,0,152.19,813.437,1356.24,162.878,737.551,1300.32,174.416,661.644,1243.67,179.111,635.561,1224.93,,,,,,,,,,,,,-555.374,211.601,811.654,-523.713,260.407,826.544,-546.724,214.844,773.894,-514.514,265.316,787.969,-480.004,391.368,1618.77,-580.883,347.396,1607.17,-480.486,511.328,1630.1,-579.453,555.033,1622.32
1746,0,152.203,813.371,1356.3,162.878,737.521,1300.35,174.411,661.625,1243.66,179.127,635.529,1224.94,,,,,,,,,,,,,-555.378,211.59,811.618,-523.699,260.371,826.57,-546.718,214.825,773.92,-514.503,265.288,787.953,-480.011,391.396,1618.79,-580.53,347.386,1607.21,-480.49,511.352,1630.12,-579.367,555.063,1622.22
1747,0,152.199,813.32,1356.35,162.865,737.478,1300.39,174.412,661.61,1243.67,179.118,635.53,1224.93,,,,,,,,,,,,,-555.355,211.602,811.641,-523.692,260.355,826.579,-546.683,214.862,773.883,-514.504,265.284,787.954,-480.011,391.406,1618.81,-580.827,347.477,1607.14,-480.507,511.369,1630.13,-579.751,555.051,1622.62
1748,0,152.181,813.273,1356.42,162.869,737.454,1300.41,174.398,661.61,1243.67,179.126,635.539,1224.95,,,,,,,,,,,,,-555.334,211.585,811.628,-523.685,260.365,826.549,-546.708,214.795,773.958,-514.507,265.276,787.979,-480.007,391.413,1618.85,-580.524,347.439,1607.21,-480.505,511.386,1630.14,-579.569,555.128,1622.41
1749,0,152.188,813.216,1356.5,162.862,737.416,1300.45,174.409,661.607,1243.67,179.132,635.544,1224.94,,,,,,,,,,,,,-555.326,211.586,811.606,-523.666,260.328,826.57,-546.696,214.849,773.902,-514.494,265.271,787.979,-480.014,391.432,1618.85,-580.497,347.426,1607.17,-480.507,511.404,1630.15,-579.58,555.198,1622.42
1750,0,152.179,813.153,1356.57,162.848,737.393,1300.49,174.397,661.615,1243.67,179.134,635.57,1224.94,,,,,,,,,,,,,-555.329,211.577,811.643,-523.666,260.35,826.588,-546.667,214.858,773.898,-514.496,265.252,787.992,-480.026,391.449,1618.86,-580.869,347.444,1607.25,-480.521,511.431,1630.16,-579.407,555.105,1622.24
1751,0,152.175,813.099,1356.65,162.846,737.357,1300.52,174.404,661.609,1243.68,179.107,635.552,1224.94,,,,,,,,,,,,,-555.315,211.542,811.621,-523.67,260.324,826.589,-546.695,214.764,773.944,-514.513,265.244,787.966,-480.022,391.444,1618.89,-580.781,347.479,1607.24,-480.529,511.436,1630.16,-579.443,555.106,1622.27
1752,0,152.152,813.033,1356.72,162.851,737.337,1300.57,174.417,661.607,1243.69,179.135,635.548,1224.94,,,,,,,,,,,,,-555.325,211.543,811.638,-523.681,260.312,826.606,-546.69,214.728,773.965,-514.491,265.244,787.974,-480.041,391.468,1618.89,-580.562,347.419,1607.28,-480.537,511.447,1630.16,-579.43,555.132,1622.24
1753,0,152.137,812.967,1356.8,162.847,737.291,1300.6,174.421,661.598,1243.69,179.15,635.563,1224.94,,,,,,,,,,,,,-555.309,211.551,811.637,-523.68,260.312,826.605,-546.673,214.798,773.931,-514.495,265.248,787.99,-480.049,391.472,1618.9,-580.902,347.461,1607.31,-480.531,511.452,1630.17,-579.483,555.15,1622.28
1754,0,152.107,812.892,1356.87,162.829,737.246,1300.65,174.418,661.59,1243.7,179.136,635.523,1224.94,,,,,,,,,,,,,-555.279,211.517,811.602,-523.661,260.294,826.602,-546.687,214.773,773.945,-514.494,265.232,787.985,-480.034,391.458,1618.94,-580.977,347.529,1607.23,-480.546,511.486,1630.18,-579.554,555.121,1622.35
1755,0,152.083,812.811,1356.97,162.811,737.208,1300.69,174.411,661.565,1243.72,179.148,635.534,1224.93,,,,,,,,,,,,,-555.275,211.517,811.605,-523.653,260.271,826.591,-546.666,214.765,773.958,-514.499,265.209,787.999,-480.042,391.487,1618.94,-580.795,347.524,1607.28,-480.558,511.498,1630.19,-579.591,555.234,1622.35
1756,0,152.062,812.747,1357.04,162.807,737.16,1300.72,174.409,661.56,1243.72,179.162,635.524,1224.91,,,,,,,,,,,,,-555.281,211.505,811.619,-523.689,260.27,826.618,-546.698,214.73,773.956,-514.503,265.214,787.999,-480.06,391.486,1618.97,-580.597,347.43,1607.32,-480.592,511.52,1630.18,-579.362,555.152,1622.12
1757,0,152.137,812.688,1356.95,162.791,737.131,1300.74,174.396,661.541,1243.71,179.165,635.535,1224.9,,,,,,,,,,,,,-555.269,211.507,811.598,-523.655,260.227,826.625,-546.694,214.698,773.971,-514.476,265.221,787.996,-480.049,391.493,1619,-580.557,347.569,1607.26,-480.6,511.53,1630.18,-579.365,555.137,1622.11
1758,0,152.106,812.626,1356.99,162.785,737.098,1300.78,174.386,661.546,1243.71,179.163,635.532,1224.89,,,,,,,,,,,,,-555.289,211.488,811.604,-523.645,260.238,826.616,-546.649,214.78,773.922,-514.489,265.216,787.994,-480.065,391.515,1619,-580.588,347.581,1607.31,-480.604,511.54,1630.19,-579.486,555.21,1622.21
1759,0,152.016,812.612,1357.17,162.753,737.083,1300.82,174.384,661.546,1243.71,179.159,635.562,1224.91,,,,,,,,,,,,,-555.265,211.499,811.61,-523.66,260.246,826.635,-546.645,214.791,773.947,-514.503,265.184,787.996,-480.087,391.526,1619.01,-580.616,347.529,1607.32,-480.616,511.548,1630.2,-579.454,555.244,1622.17
1760,0,152.009,812.577,1357.23,162.743,737.071,1300.83,174.366,661.563,1243.71,179.116,635.53,1224.94,,,,,,,,,,,,,-555.282,211.506,811.635,-523.64,260.267,826.636,-546.672,214.678,774.051,-514.496,265.201,788.022,-480.092,391.535,1619.05,-580.894,347.563,1607.32,-480.638,511.574,1630.2,-579.889,555.204,1622.6
1761,0,151.965,812.544,1357.28,162.729,737.058,1300.86,174.368,661.568,1243.71,179.116,635.533,1224.95,,,,,,,,,,,,,-555.282,211.499,811.641,-523.652,260.229,826.64,-546.7,214.68,774.002,-514.492,265.211,788.015,-480.107,391.537,1619.04,-580.94,347.618,1607.22,-480.645,511.586,1630.2,-579.745,555.26,1622.42
1762,0,151.953,812.508,1357.34,162.707,737.036,1300.88,174.389,661.584,1243.69,179.126,635.559,1224.96,,,,,,,,,,,,,-555.273,211.474,811.625,-523.639,260.243,826.644,-546.685,214.699,774.001,-514.502,265.205,788.011,-480.127,391.547,1619.06,-580.672,347.525,1607.38,-480.659,511.582,1630.21,-579.599,555.249,1622.26
1763,0,151.914,812.457,1357.38,162.694,737.016,1300.9,174.358,661.584,1243.71,179.122,635.572,1224.94,,,,,,,,,,,,,-555.255,211.497,811.616,-523.653,260.233,826.66,-546.669,214.716,774.021,-514.492,265.194,788.02,-480.145,391.554,1619.05,-581.014,347.563,1607.39,-480.672,511.609,1630.19,-579.661,555.253,1622.29
1764,0,151.887,812.417,1357.45,162.676,736.98,1300.95,174.372,661.586,1243.7,179.115,635.552,1224.95,,,,,,,,,,,,,-555.273,211.502,811.641,-523.649,260.262,826.656,-546.674,214.68,774.044,-514.503,265.187,788.041,-480.141,391.561,1619.08,-581.015,347.592,1607.25,-480.7,511.606,1630.2,-579.972,555.233,1622.59
1765,0,151.86,812.379,1357.5,162.663,736.959,1300.96,174.38,661.574,1243.7,179.12,635.56,1224.95,,,,,,,,,,,,,-555.271,211.482,811.64,-523.672,260.247,826.647,-546.712,214.64,774.023,-514.506,265.208,788.033,-480.173,391.564,1619.09,-581.031,347.606,1607.36,-480.698,511.616,1630.2,-579.624,555.229,1622.2
1766,0,151.822,812.334,1357.55,162.637,736.921,1300.99,174.357,661.562,1243.71,179.116,635.552,1224.92,,,,,,,,,,,,,-555.285,211.497,811.635,-523.664,260.242,826.651,-546.514,215.194,773.731,-514.52,265.199,788.032,-480.169,391.557,1619.11,-580.693,347.564,1607.34,-480.721,511.625,1630.2,-579.871,555.237,1622.44
1767,0,151.777,812.311,1357.6,162.612,736.9,1301.02,174.347,661.558,1243.71,179.108,635.562,1224.94,,,,,,,,,,,,,-555.265,211.476,811.626,-523.668,260.246,826.654,-546.716,214.648,774.022,-514.509,265.19,788.045,-480.194,391.56,1619.1,-581.072,347.512,1607.45,-480.73,511.615,1630.21,-579.684,555.188,1622.24
1768,0,151.753,812.278,1357.64,162.576,736.876,1301.05,174.34,661.546,1243.72,179.1,635.554,1224.94,,,,,,,,,,,,,-555.3,211.487,811.646,-523.69,260.23,826.639,-546.731,214.646,774.019,-514.532,265.179,788.039,-480.199,391.555,1619.11,-580.733,347.587,1607.37,-480.759,511.599,1630.22,-579.714,555.267,1622.25
1769,0,151.731,812.258,1357.67,162.563,736.869,1301.04,174.316,661.557,1243.71,179.101,635.563,1224.94,,,,,,,,,,,,,-555.315,211.479,811.647,-523.685,260.239,826.643,-546.753,214.598,774.04,-514.54,265.184,788.023,-480.235,391.559,1619.08,-581.07,347.543,1607.27,-480.77,511.611,1630.21,-580.064,555.219,1622.59
1770,0,151.711,812.243,1357.7,162.553,736.867,1301.04,174.318,661.572,1243.7,179.081,635.553,1224.95,,,,,,,,,,,,,-555.34,211.458,811.639,-523.726,260.206,826.631,-546.561,215.132,773.732,-514.57,265.151,788.028,-480.248,391.543,1619.09,-580.745,347.6,1607.31,-480.786,511.59,1630.22,-579.751,555.223,1622.24
1771,0,151.711,812.25,1357.72,162.563,736.882,1301.05,174.323,661.586,1243.69,179.085,635.577,1224.94,,,,,,,,,,,,,-555.332,211.437,811.594,-523.734,260.233,826.645,-546.767,214.606,774.023,-514.578,265.133,788.027,-480.274,391.548,1619.09,-581.105,347.487,1607.39,-480.806,511.581,1630.23,-580.1,555.205,1622.6
1772,0,151.712,812.237,1357.73,162.574,736.889,1301.04,174.334,661.595,1243.7,179.085,635.562,1224.94,,,,,,,,,,,,,-555.347,211.434,811.616,-523.738,260.197,826.638,-546.799,214.571,774.053,-514.588,265.105,788.021,-480.274,391.516,1619.1,-580.816,347.477,1607.29,-480.812,511.569,1630.24,-579.852,555.165,1622.31
1773,0,151.701,812.237,1357.74,162.581,736.881,1301.04,174.328,661.599,1243.7,179.105,635.594,1224.95,,,,,,,,,,,,,-555.396,211.42,811.645,-523.769,260.218,826.651,-546.652,215.121,773.734,-514.607,265.088,788.052,-480.312,391.513,1619.1,-581.097,347.531,1607.24,-480.858,511.547,1630.23,-579.85,555.232,1622.27
1774,0,151.71,812.222,1357.75,162.587,736.876,1301.06,174.332,661.6,1243.69,179.102,635.564,1224.96,,,,,,,,,,,,,-555.401,211.414,811.626,-523.777,260.209,826.639,-546.675,215.074,773.729,-514.632,265.062,788.053,-480.33,391.501,1619.12,-581.189,347.527,1607.3,-480.86,511.552,1630.24,-579.901,555.217,1622.32
1775,0,151.709,812.216,1357.77,162.576,736.86,1301.07,174.326,661.598,1243.69,179.096,635.565,1224.96,,,,,,,,,,,,,-555.399,211.391,811.615,-523.811,260.21,826.637,-546.701,215.15,773.701,-514.652,265.047,788.041,-480.355,391.489,1619.13,-581.248,347.479,1607.26,-480.895,511.544,1630.25,-579.93,555.237,1622.31
1776,0,151.713,812.19,1357.77,162.587,736.854,1301.07,174.33,661.587,1243.69,179.098,635.569,1224.94,,,,,,,,,,,,,-555.423,211.39,811.635,-523.828,260.228,826.652,-546.72,215.081,773.767,-514.663,265.04,788.062,-480.386,391.485,1619.12,-580.97,347.457,1607.37,-480.926,511.53,1630.26,-579.971,555.191,1622.34
1777,0,151.726,812.184,1357.8,162.584,736.849,1301.07,174.33,661.579,1243.69,179.093,635.569,1224.94,,,,,,,,,,,,,-555.4,211.395,811.633,-523.831,260.201,826.662,-546.735,215.085,773.743,-514.684,265.039,788.098,-480.418,391.473,1619.13,-580.969,347.45,1607.34,-480.951,511.521,1630.27,-579.927,555.206,1622.24
1778,0,151.721,812.185,1357.79,162.578,736.851,1301.07,174.323,661.59,1243.68,179.094,635.57,1224.94,,,,,,,,,,,,,-555.429,211.369,811.634,-523.849,260.215,826.664,-546.752,215.133,773.762,-514.706,265.035,788.073,-480.434,391.453,1619.15,-581.145,347.472,1607.31,-480.979,511.519,1630.27,-580.039,555.262,1622.3
1779,0,151.7,812.2,1357.79,162.561,736.857,1301.06,174.321,661.6,1243.67,179.076,635.58,1224.95,,,,,,,,,,,,,-555.453,211.377,811.643,-523.868,260.218,826.661,-546.799,215.039,773.785,-514.722,265.043,788.078,-480.495,391.456,1619.15,-581.422,347.483,1607.33,-481.02,511.506,1630.27,-580.02,555.171,1622.26
1780,0,151.69,812.193,1357.78,162.559,736.866,1301.06,174.302,661.601,1243.67,179.071,635.59,1224.95,,,,,,,,,,,,,-555.449,211.36,811.637,-523.874,260.25,826.649,-546.787,215.062,773.768,-514.736,265.028,788.096,-480.518,391.44,1619.17,-581.109,347.419,1607.34,-481.046,511.503,1630.28,-580.179,555.184,1622.38
1781,0,151.701,812.224,1357.76,162.556,736.886,1301.03,174.298,661.613,1243.66,179.079,635.586,1224.95,,,,,,,,,,,,,-555.436,211.34,811.593,-523.879,260.226,826.652,-546.818,214.999,773.795,-514.748,265.018,788.092,-480.575,391.439,1619.17,-581.444,347.522,1607.28,-481.092,511.498,1630.28,-580.05,555.149,1622.2
1782,0,151.706,812.254,1357.72,162.561,736.924,1301,174.294,661.627,1243.63,179.058,635.583,1224.94,,,,,,,,,,,,,-555.477,211.336,811.639,-523.913,260.203,826.657,-546.831,215.024,773.831,-514.778,265.02,788.096,-480.62,391.437,1619.18,-581.212,347.451,1607.35,-481.137,511.48,1630.3,-580.258,555.253,1622.34
1783,0,151.719,812.295,1357.68,162.576,736.97,1300.96,174.286,661.644,1243.62,179.053,635.605,1224.93,,,,,,,,,,,,,-555.464,211.315,811.601,-523.912,260.206,826.65,-546.866,214.942,773.847,-514.785,265.015,788.109,-480.669,391.454,1619.16,-581.496,347.529,1607.24,-481.169,511.486,1630.29,-580.207,555.193,1622.23
1784,0,151.747,812.326,1357.64,162.575,737.001,1300.95,174.303,661.662,1243.61,179.071,635.621,1224.98,,,,,,,,,,,,,-555.478,211.311,811.643,-523.955,260.223,826.658,-546.892,214.922,773.864,-514.813,264.992,788.115,-480.728,391.442,1619.16,-581.61,347.449,1607.37,-481.192,511.485,1630.33,-580.297,555.17,1622.28
1785,0,151.76,812.367,1357.57,162.584,737.038,1300.92,174.298,661.679,1243.59,179.069,635.628,1224.95,,,,,,,,,,,,,-555.479,211.324,811.635,-523.957,260.234,826.642,-546.866,215.07,773.833,-514.82,265.011,788.143,-480.767,391.433,1619.2,-581.693,347.471,1607.41,-481.254,511.475,1630.34,-580.29,555.198,1622.21
1786,0,151.767,812.406,1357.53,162.591,737.057,1300.88,174.297,661.691,1243.58,179.093,635.643,1224.94,,,,,,,,,,,,,-555.504,211.309,811.613,-523.968,260.235,826.672,-546.938,214.919,773.94,-514.856,265.008,788.144,-480.806,391.432,1619.21,-581.637,347.462,1607.26,-481.305,511.49,1630.34,-580.44,555.175,1622.3
1787,0,151.776,812.446,1357.49,162.593,737.088,1300.85,174.31,661.702,1243.57,179.062,635.635,1224.96,,,,,,,,,,,,,-555.523,211.288,811.652,-524.004,260.231,826.689,-546.985,214.833,773.941,-514.892,265.02,788.162,-480.866,391.461,1619.21,-581.752,347.45,1607.37,-481.364,511.488,1630.36,-580.453,555.219,1622.24
1788,0,151.78,812.485,1357.43,162.599,737.117,1300.81,174.312,661.702,1243.55,179.077,635.644,1224.95,,,,,,,,,,,,,-555.511,211.311,811.647,-524.008,260.242,826.721,-547.023,214.809,773.982,-514.902,264.992,788.193,-480.926,391.464,1619.22,-581.748,347.437,1607.52,-481.421,511.502,1630.37,-580.446,555.19,1622.18
1789,0,151.774,812.522,1357.37,162.612,737.139,1300.75,174.314,661.713,1243.55,179.09,635.64,1224.95,,,,,,,,,,,,,-555.558,211.325,811.75,-524.038,260.233,826.716,-546.943,214.97,773.97,-514.942,264.993,788.177,-480.999,391.505,1619.22,-581.827,347.495,1607.48,-481.495,511.507,1630.39,-580.539,555.223,1622.21
1790,0,151.785,812.576,1357.31,162.615,737.16,1300.73,174.299,661.711,1243.54,179.094,635.64,1224.92,,,,,,,,,,,,,-555.582,211.326,811.814,-524.072,260.245,826.746,-547.067,214.798,774.056,-514.964,264.997,788.219,-481.07,391.51,1619.23,-581.896,347.476,1607.52,-481.586,511.493,1630.42,-580.643,555.15,1622.25
1791,0,151.78,812.617,1357.22,162.598,737.186,1300.67,174.282,661.716,1243.51,179.07,635.651,1224.95,,,,,,,,,,,,,-555.546,211.33,811.779,-524.049,260.262,826.773,-547.091,214.732,774.082,-514.968,264.97,788.261,-481.109,391.514,1619.27,-582.069,347.456,1607.56,-481.655,511.498,1630.43,-580.709,555.255,1622.26
1792,0,151.76,812.674,1357.15,162.594,737.223,1300.63,174.273,661.721,1243.5,179.062,635.668,1224.94,,,,,,,,,,,,,-555.586,211.329,811.85,-524.085,260.283,826.806,-547.08,214.79,774.095,-514.986,264.966,788.28,-481.182,391.504,1619.29,-582.135,347.436,1607.55,-481.731,511.496,1630.47,-580.658,555.242,1622.16
1793,0,151.761,812.735,1357.07,162.592,737.264,1300.58,174.27,661.745,1243.47,179.07,635.659,1224.95,,,,,,,,,,,,,-555.596,211.324,811.862,-524.127,260.29,826.821,-547.134,214.671,774.188,-515.018,264.988,788.307,-481.232,391.527,1619.31,-582.125,347.44,1607.59,-481.812,511.516,1630.49,-580.774,555.229,1622.21
1794,0,151.749,812.798,1356.99,162.579,737.306,1300.53,174.276,661.758,1243.46,179.044,635.654,1224.94,,,,,,,,,,,,,-555.615,211.322,811.881,-524.134,260.286,826.846,-547.156,214.603,774.21,-515.008,264.98,788.328,-481.329,391.525,1619.34,-582.062,347.549,1607.39,-481.886,511.508,1630.53,-581.01,555.241,1622.42
1795,0,151.736,812.861,1356.91,162.568,737.355,1300.48,174.256,661.778,1243.44,179.026,635.663,1224.94,,,,,,,,,,,,,-555.612,211.334,811.904,-524.145,260.295,826.856,-547.075,214.827,774.166,-515.035,264.996,788.321,-481.391,391.532,1619.39,-581.959,347.492,1607.5,-481.975,511.532,1630.56,-580.921,555.17,1622.28
1796,0,151.716,812.92,1356.86,162.566,737.397,1300.43,174.257,661.799,1243.39,179.013,635.641,1224.94,,,,,,,,,,,,,-555.599,211.316,811.884,-524.168,260.296,826.852,-547.153,214.684,774.184,-515.039,264.988,788.334,-481.472,391.545,1619.4,-582.242,347.518,1607.59,-482.06,511.532,1630.58,-581.049,555.261,1622.34
1797,0,151.71,812.962,1356.81,162.556,737.44,1300.4,174.258,661.821,1243.38,179.038,635.674,1224.93,,,,,,,,,,,,,-555.642,211.313,811.941,-524.169,260.294,826.866,-547.125,214.785,774.201,-515.047,264.97,788.385,-481.56,391.554,1619.41,-582.098,347.501,1607.55,-482.133,511.551,1630.62,-581.048,555.256,1622.3
1798,0,151.705,813.014,1356.77,162.549,737.46,1300.37,174.25,661.844,1243.37,179.015,635.675,1224.95,,,,,,,,,,,,,-555.627,211.309,811.91,-524.187,260.301,826.893,-546.982,214.861,773.872,-515.074,264.988,788.382,-481.609,391.565,1619.46,-582.295,347.448,1607.75,-482.224,511.556,1630.64,-581.053,555.268,1622.24
1799,0,151.716,813.041,1356.72,162.541,737.486,1300.34,174.245,661.867,1243.35,179.024,635.698,1224.94,,,,,,,,,,,,,-555.654,211.332,811.96,-524.191,260.301,826.872,-546.931,214.999,773.839,-515.086,264.964,788.412,-481.68,391.573,1619.46,-582.556,347.517,1607.67,-482.299,511.563,1630.67,-581.176,555.266,1622.31
1800,0,151.717,813.068,1356.73,162.553,737.499,1300.31,174.249,661.876,1243.34,179.033,635.706,1224.95,,,,,,,,,,,,,-555.672,211.337,811.961,-524.216,260.31,826.893,-547.131,214.845,774.225,-515.112,265.019,788.401,-481.751,391.588,1619.47,-582.394,347.532,1607.59,-482.384,511.556,1630.68,-581.686,555.242,1622.8
1801,0,151.747,813.085,1356.72,162.558,737.513,1300.3,174.243,661.89,1243.33,179.037,635.709,1224.94,,,,,,,,,,,,,-555.705,211.318,811.987,-524.254,260.309,826.933,-547.099,214.988,774.188,-515.1,264.979,788.451,-481.826,391.6,1619.47,-582.469,347.513,1607.64,-482.456,511.556,1630.69,-581.572,555.232,1622.63
1802,0,151.753,813.077,1356.71,162.568,737.519,1300.31,174.24,661.896,1243.33,179.072,635.732,1224.91,,,,,,,,,,,,,-555.706,211.332,812.012,-524.251,260.295,826.944,-547.005,214.876,773.957,-515.126,264.958,788.486,-481.884,391.596,1619.49,-582.433,347.529,1607.55,-482.532,511.562,1630.73,-581.425,555.177,1622.44
1803,0,151.759,813.08,1356.7,162.57,737.518,1300.3,174.249,661.902,1243.32,179.054,635.732,1224.91,,,,,,,,,,,,,-555.719,211.322,812.024,-524.274,260.311,826.941,-546.994,214.945,773.95,-515.163,264.962,788.494,-481.947,391.603,1619.51,-582.48,347.535,1607.65,-482.605,511.565,1630.75,-581.856,555.256,1622.83
1804,0,151.764,813.081,1356.73,162.578,737.523,1300.31,174.247,661.901,1243.32,179.052,635.738,1224.91,,,,,,,,,,,,,-555.697,211.334,812.011,-524.297,260.313,826.993,-547.195,214.855,774.26,-515.164,264.962,788.53,-481.996,391.586,1619.51,-582.822,347.498,1607.63,-482.678,511.572,1630.76,-581.668,555.219,1622.58
1805,0,151.806,813.089,1356.72,162.588,737.539,1300.3,174.243,661.922,1243.3,179.052,635.739,1224.9,,,,,,,,,,,,,-555.741,211.333,812.047,-524.311,260.334,826.999,-546.959,215.128,773.947,-515.172,264.943,788.57,-482.032,391.6,1619.55,-582.751,347.56,1607.63,-482.755,511.589,1630.78,-581.99,555.273,1622.85
1806,0,151.826,813.095,1356.72,162.602,737.549,1300.31,174.252,661.931,1243.3,179.045,635.747,1224.91,,,,,,,,,,,,,-555.738,211.535,812.135,-524.328,260.346,827.063,-547.223,214.848,774.284,-515.207,264.959,788.566,-482.102,391.584,1619.55,-583.056,347.553,1607.64,-482.804,511.597,1630.79,-581.724,555.272,1622.53
1807,0,151.828,813.104,1356.74,162.613,737.552,1300.31,174.243,661.94,1243.29,179.029,635.757,1224.9,,,,,,,,,,,,,-555.737,211.329,812.059,-524.355,260.37,827.065,-547.009,215.006,774.026,-515.225,264.942,788.607,-482.157,391.621,1619.55,-582.692,347.542,1607.68,-482.875,511.624,1630.8,-582.089,555.268,1622.85
1808,0,151.85,813.088,1356.76,162.612,737.558,1300.31,174.239,661.962,1243.28,179.025,635.769,1224.91,,,,,,,,,,,,,-555.74,211.525,812.159,-524.313,260.386,827.099,-546.981,215.134,774.045,-515.232,264.926,788.628,-482.222,391.648,1619.56,-583.089,347.539,1607.75,-482.94,511.647,1630.81,-581.839,555.262,1622.51
1809,0,151.887,813.077,1356.78,162.624,737.554,1300.33,174.244,661.964,1243.29,179.03,635.77,1224.92,,,,,,,,,,,,,-555.764,211.344,812.117,-524.392,260.386,827.087,-547.044,215.016,774.077,-515.261,264.967,788.646,-482.289,391.66,1619.55,-583.097,347.533,1607.76,-482.993,511.672,1630.82,-582.203,555.286,1622.85
1810,0,151.92,813.057,1356.81,162.628,737.547,1300.35,174.247,661.963,1243.28,179.034,635.778,1224.9,,,,,,,,,,,,,-555.795,211.512,812.196,-524.399,260.425,827.106,-546.834,215.499,774.061,-515.275,265.291,788.45,-482.343,391.676,1619.54,-582.809,347.535,1607.69,-483.034,511.683,1630.82,-581.906,555.235,1622.51
1811,0,151.929,813.044,1356.85,162.642,737.551,1300.36,174.249,661.973,1243.27,179.016,635.786,1224.92,,,,,,,,,,,,,-555.786,211.542,812.176,-524.385,260.424,827.124,-546.982,215.209,774.11,-515.305,265.285,788.464,-482.418,391.715,1619.54,-583.017,347.55,1607.76,-483.077,511.703,1630.83,-582.012,555.337,1622.52
1812,0,151.973,813.021,1356.88,162.669,737.556,1300.37,174.256,661.99,1243.27,179.004,635.786,1224.93,,,,,,,,,,,,,-555.822,211.554,812.226,-524.403,260.435,827.107,-547.049,215.079,774.078,-515.322,265.321,788.46,-482.47,391.752,1619.56,-583.253,347.679,1607.52,-483.129,511.728,1630.83,-582.04,555.4,1622.48
1813,0,152.01,812.999,1356.92,162.678,737.543,1300.4,174.266,661.992,1243.27,179.044,635.826,1225.21,,,,,,,,,,,,,-555.82,211.544,812.212,-524.411,260.452,827.14,-547.056,214.999,774.125,-515.32,265.327,788.482,-482.501,391.765,1619.56,-582.933,347.62,1607.68,-483.189,511.766,1630.82,-582.15,555.344,1622.56
1814,0,152.041,812.963,1356.95,162.691,737.529,1300.42,174.263,661.988,1243.26,179.035,635.788,1224.91,,,,,,,,,,,,,-555.853,211.491,812.264,-524.443,260.452,827.166,-547.008,215.131,774.099,-515.331,265.306,788.497,-482.553,391.8,1619.54,-583.192,347.654,1607.71,-483.232,511.812,1630.83,-582.078,555.343,1622.42
1815,0,152.045,812.916,1357.01,162.708,737.51,1300.45,174.277,661.987,1243.26,179.027,635.789,1224.92,,,,,,,,,,,,,-555.836,211.512,812.25,-524.439,260.441,827.148,-547.032,215.01,774.082,-515.347,265.35,788.481,-482.617,391.863,1619.53,-583.169,347.723,1607.66,-483.271,511.845,1630.83,-582.384,555.439,1622.67
1816,0,152.085,812.883,1357.05,162.721,737.481,1300.48,174.283,661.974,1243.26,179.005,635.769,1224.94,,,,,,,,,,,,,-555.84,211.341,812.148,-524.471,260.439,827.17,-547.071,214.987,774.12,-515.382,265.398,788.482,-482.634,391.898,1619.54,-583.386,347.77,1607.67,-483.316,511.911,1630.82,-582.319,555.532,1622.53
1817,0,152.185,812.813,1356.97,162.747,737.45,1300.5,174.304,661.976,1243.26,179.034,635.776,1224.92,,,,,,,,,,,,,-556.032,211.528,812.534,-524.478,260.443,827.199,-547.035,215.087,774.08,-515.385,265.429,788.482,-482.657,391.917,1619.55,-583.378,347.773,1607.7,-483.361,511.972,1630.8,-582.319,555.482,1622.45
1818,0,152.144,812.776,1357.16,162.753,737.422,1300.53,174.313,661.969,1243.27,179.049,635.772,1224.9,,,,,,,,,,,,,-556.062,211.524,812.555,-524.497,260.485,827.218,-546.963,215.232,774.055,-515.39,265.442,788.476,-482.667,391.953,1619.56,-583.4,347.821,1607.69,-483.414,512.013,1630.8,-582.737,555.532,1622.83
1819,0,152.139,812.729,1357.25,162.769,737.378,1300.57,174.322,661.963,1243.28,179.048,635.767,1224.92,,,,,,,,,,,,,-556.021,211.378,812.487,-524.499,260.504,827.189,-546.823,215.553,774.096,-515.406,265.518,788.475,-482.704,392.007,1619.55,-583.442,347.841,1607.71,-483.459,512.079,1630.77,-582.78,555.564,1622.84
1820,0,152.126,812.649,1357.33,162.774,737.342,1300.61,174.315,661.952,1243.29,179.05,635.76,1224.92,,,,,,,,,,,,,-555.878,211.361,812.282,-524.48,260.508,827.24,-546.93,215.219,774.072,-515.427,265.513,788.487,-482.74,392.062,1619.54,-583.488,347.875,1607.65,-483.485,512.134,1630.77,-582.447,555.547,1622.43
1821,0,152.116,812.581,1357.4,162.782,737.308,1300.65,174.327,661.94,1243.3,179.066,635.762,1224.91,,,,,,,,,,,,,-555.933,211.505,812.427,-524.528,260.504,827.227,-546.869,215.302,774.05,-515.42,265.519,788.524,-482.791,392.111,1619.51,-583.504,347.95,1607.57,-483.544,512.179,1630.73,-582.527,555.643,1622.44
1822,0,152.112,812.518,1357.48,162.787,737.271,1300.7,174.348,661.934,1243.32,179.085,635.77,1224.9,,,,,,,,,,,,,-556.023,211.377,812.522,-524.49,260.536,827.267,-546.958,215.203,774.082,-515.412,265.693,788.45,-482.822,392.167,1619.52,-583.483,347.92,1607.71,-483.574,512.211,1630.72,-582.518,555.605,1622.4
1823,0,152.094,812.454,1357.55,162.793,737.226,1300.75,174.347,661.93,1243.32,179.097,635.748,1224.9,,,,,,,,,,,,,-556.062,211.49,812.667,-524.491,260.544,827.286,-547.016,215.044,774.163,-515.419,265.68,788.482,-482.853,392.21,1619.52,-583.48,347.982,1607.68,-483.599,512.271,1630.72,-583.006,555.68,1622.82
1824,0,152.062,812.404,1357.64,162.787,737.202,1300.82,174.353,661.916,1243.34,179.092,635.756,1224.9,,,,,,,,,,,,,-556.002,211.394,812.544,-524.496,260.56,827.291,-546.97,215.07,774.15,-515.42,265.74,788.481,-482.871,392.255,1619.53,-583.571,347.981,1607.67,-483.632,512.324,1630.71,-582.642,555.688,1622.38
1825,0,152.058,812.345,1357.73,162.801,737.161,1300.86,174.374,661.898,1243.34,179.127,635.754,1224.9,,,,,,,,,,,,,-555.995,211.385,812.561,-524.486,260.573,827.37,-546.985,215.05,774.217,-515.408,265.669,788.561,-482.892,392.312,1619.53,-583.278,348.068,1607.66,-483.658,512.367,1630.7,-582.773,555.732,1622.44
1826,0,152.061,812.293,1357.8,162.794,737.123,1300.9,174.378,661.888,1243.36,179.127,635.753,1224.9,,,,,,,,,,,,,-555.979,211.394,812.596,-524.492,260.582,827.376,-546.97,215.072,774.293,-515.405,265.789,788.521,-482.941,392.374,1619.51,-583.535,348.137,1607.54,-483.681,512.425,1630.68,-582.911,555.819,1622.53
1827,0,152.038,812.239,1357.87,162.781,737.076,1300.95,174.385,661.885,1243.37,179.131,635.749,1224.88,,,,,,,,,,,,,-555.982,211.405,812.61,-524.484,260.61,827.386,-546.921,215.185,774.265,-515.413,265.814,788.554,-482.975,392.426,1619.51,-583.558,348.126,1607.74,-483.717,512.464,1630.69,-582.947,555.884,1622.49
1828,0,152.044,812.217,1357.93,162.796,737.036,1300.98,174.379,661.876,1243.38,179.138,635.755,1224.87,,,,,,,,,,,,,-555.982,211.525,812.78,-524.464,260.614,827.398,-546.926,215.142,774.316,-515.418,265.918,788.506,-483.001,392.488,1619.52,-583.368,348.17,1607.7,-483.745,512.533,1630.67,-582.944,555.877,1622.44
1829,0,152.05,812.162,1358,162.82,737.001,1300.99,174.375,661.858,1243.39,179.145,635.757,1224.89,,,,,,,,,,,,,-555.98,211.545,812.791,-524.451,260.592,827.443,-546.908,215.074,774.349,-515.39,265.869,788.572,-483.034,392.539,1619.53,-583.394,348.227,1607.72,-483.787,512.578,1630.69,-582.955,555.872,1622.4
1830,0,152.041,812.114,1358.05,162.821,736.966,1301.02,174.391,661.846,1243.4,179.148,635.734,1224.9,,,,,,,,,,,,,-555.966,211.54,812.827,-524.426,260.602,827.435,-546.88,215.149,774.34,-515.336,265.844,788.625,-483.089,392.602,1619.53,-583.392,348.273,1607.69,-483.838,512.621,1630.67,-583.016,555.922,1622.41
1831,0,152.038,812.068,1358.1,162.801,736.923,1301.06,174.386,661.829,1243.4,179.108,635.715,1224.93,,,,,,,,,,,,,-555.917,211.556,812.874,-524.407,260.575,827.502,-546.859,215.136,774.346,-515.335,265.798,788.69,-483.101,392.656,1619.57,-583.628,348.343,1607.68,-483.876,512.685,1630.65,-583.101,555.932,1622.44
1832,0,152.013,812.028,1358.18,162.793,736.899,1301.09,174.379,661.818,1243.43,179.134,635.743,1224.9,,,,,,,,,,,,,-555.897,211.538,812.914,-524.396,260.573,827.523,-546.856,215.126,774.448,-515.33,265.747,788.773,-483.139,392.718,1619.59,-583.451,348.382,1607.73,-483.916,512.735,1630.66,-583.113,556.097,1622.39
1833,0,152.005,811.97,1358.23,162.77,736.863,1301.11,174.373,661.801,1243.43,179.139,635.732,1224.91,,,,,,,,,,,,,-555.894,211.531,812.929,-524.364,260.548,827.542,-546.83,215.076,774.472,-515.304,265.787,788.761,-483.157,392.774,1619.62,-583.736,348.457,1607.74,-483.955,512.797,1630.64,-583.191,556.047,1622.42
1834,0,151.965,811.931,1358.31,162.759,736.833,1301.13,174.367,661.801,1243.42,179.105,635.717,1224.92,,,,,,,,,,,,,-555.689,211.362,812.622,-524.337,260.525,827.599,-546.781,215.099,774.458,-515.261,265.767,788.802,-483.195,392.842,1619.64,-583.508,348.504,1607.78,-484.015,512.867,1630.65,-583.299,556.155,1622.46
1835,0,151.939,811.9,1358.34,162.738,736.819,1301.15,174.353,661.796,1243.43,179.123,635.729,1224.9,,,,,,,,,,,,,-555.864,211.462,813.011,-524.311,260.511,827.652,-546.817,214.694,774.48,-515.268,265.736,788.81,-483.208,392.889,1619.69,-583.52,348.552,1607.78,-484.077,512.921,1630.66,-583.368,556.257,1622.47
1836,0,151.921,811.873,1358.38,162.723,736.812,1301.18,174.338,661.798,1243.43,179.076,635.711,1224.94,,,,,,,,,,,,,-555.703,211.464,812.847,-524.284,260.481,827.666,-546.819,215.034,774.677,-515.234,265.672,788.891,-483.243,392.964,1619.7,-583.693,348.541,1607.8,-484.12,513.001,1630.68,-583.707,556.285,1622.77
1837,0,151.923,811.846,1358.4,162.731,736.807,1301.19,174.352,661.81,1243.42,179.087,635.715,1224.93,,,,,,,,,,,,,-555.813,211.434,813.094,-524.246,260.469,827.66,-546.771,215.005,774.717,-515.219,265.813,788.828,-483.253,393.002,1619.74,-583.708,348.594,1607.85,-484.163,513.059,1630.67,-583.437,556.267,1622.46
1838,0,151.912,811.832,1358.44,162.729,736.794,1301.21,174.36,661.817,1243.43,179.092,635.717,1224.93,,,,,,,,,,,,,-555.776,211.434,813.098,-524.23,260.464,827.719,-546.701,215.086,774.745,-515.193,265.568,788.963,-483.286,393.062,1619.75,-583.617,348.617,1607.81,-484.224,513.13,1630.67,-583.567,556.287,1622.57
1839,0,151.908,811.804,1358.48,162.723,736.779,1301.22,174.361,661.809,1243.43,179.139,635.745,1224.9,,,,,,,,,,,,,-555.622,211.373,812.982,-524.2,260.461,827.774,-546.683,215.049,774.794,-515.182,265.643,788.944,-483.304,393.135,1619.77,-584.054,348.728,1607.8,-484.26,513.195,1630.67,-583.453,556.443,1622.36
1840,0,151.907,811.784,1358.51,162.719,736.764,1301.23,174.36,661.804,1243.44,179.1,635.725,1224.92,,,,,,,,,,,,,-555.587,211.372,813.004,-524.152,260.45,827.781,-546.647,215.132,774.811,-515.151,265.531,789.03,-483.329,393.2,1619.8,-583.944,348.731,1607.79,-484.301,513.24,1630.69,-583.528,556.409,1622.41
1841,0,151.891,811.756,1358.52,162.711,736.751,1301.25,174.368,661.796,1243.44,179.138,635.743,1224.89,,,,,,,,,,,,,-555.553,211.302,813.077,-524.133,260.417,827.845,-546.442,215.438,774.886,-515.15,265.14,789.269,-483.359,393.259,1619.81,-583.885,348.795,1607.86,-484.355,513.314,1630.7,-583.607,556.528,1622.44
1842,0,151.88,811.737,1358.52,162.71,736.741,1301.24,174.389,661.783,1243.45,179.127,635.719,1224.91,,,,,,,,,,,,,-555.518,211.309,813.138,-524.099,260.418,827.841,-546.406,215.357,774.968,-515.129,265.155,789.278,-483.383,393.309,1619.82,-583.848,348.876,1607.77,-484.394,513.359,1630.71,-583.572,556.629,1622.34
1843,0,151.848,811.737,1358.52,162.685,736.733,1301.24,174.367,661.795,1243.43,179.141,635.736,1224.89,,,,,,,,,,,,,-555.519,211.299,813.2,-524.064,260.374,827.887,-546.391,215.149,774.9,-515.103,265.124,789.325,-483.4,393.358,1619.85,-584.175,348.915,1607.85,-484.442,513.413,1630.69,-583.668,556.629,1622.41
1844,0,151.809,811.748,1358.49,162.666,736.748,1301.23,174.351,661.806,1243.43,179.112,635.724,1224.93,,,,,,,,,,,,,-555.646,211.25,813.515,-524.041,260.366,827.913,-546.413,214.995,774.922,-515.062,265.411,789.183,-483.421,393.412,1619.86,-583.802,348.931,1607.93,-484.477,513.475,1630.69,-583.717,556.655,1622.43
1845,0,151.789,811.775,1358.47,162.648,736.767,1301.22,174.355,661.812,1243.42,179.112,635.736,1224.93,,,,,,,,,,,,,-555.454,211.277,813.315,-524.017,260.334,827.971,-546.456,214.919,774.951,-515.003,265.33,789.245,-483.437,393.459,1619.85,-583.796,348.964,1607.93,-484.534,513.55,1630.69,-584.029,556.734,1622.7
1846,0,151.759,811.796,1358.42,162.622,736.778,1301.2,174.353,661.828,1243.39,179.128,635.749,1224.91,,,,,,,,,,,,,-555.406,211.245,813.432,-524.002,260.313,828.017,-546.39,214.906,774.98,-515.014,265.067,789.45,-483.452,393.495,1619.87,-584.099,348.99,1607.95,-484.576,513.596,1630.69,-583.751,556.685,1622.4
1847,0,151.718,811.828,1358.38,162.6,736.805,1301.17,174.346,661.836,1243.38,179.123,635.754,1224.89,,,,,,,,,,,,,-555.382,211.21,813.463,-523.995,260.307,828.038,-546.379,214.834,774.963,-514.991,265.07,789.486,-483.483,393.54,1619.85,-583.865,349.048,1607.96,-484.623,513.638,1630.7,-583.757,556.814,1622.34
1848,0,151.669,811.862,1358.32,162.56,736.822,1301.14,174.34,661.85,1243.37,179.116,635.757,1224.89,,,,,,,,,,,,,-555.352,211.202,813.525,-523.959,260.297,828.066,-546.357,214.498,774.839,-514.966,265.019,789.552,-483.506,393.574,1619.87,-583.806,349.072,1607.85,-484.652,513.684,1630.69,-583.734,556.814,1622.29
1849,0,151.627,811.928,1358.27,162.533,736.862,1301.11,174.314,661.872,1243.34,179.103,635.766,1224.92,,,,,,,,,,,,,-555.352,211.16,813.603,-523.936,260.278,828.096,-546.322,214.473,774.908,-514.955,265.028,789.561,-483.525,393.61,1619.87,-583.878,349.064,1607.95,-484.7,513.736,1630.69,-583.822,556.875,1622.33
1850,0,151.589,811.96,1358.21,162.528,736.905,1301.05,174.304,661.89,1243.33,179.095,635.773,1224.9,,,,,,,,,,,,,-555.358,211.186,813.703,-523.902,260.27,828.158,-546.299,214.816,775.118,-514.932,264.964,789.644,-483.569,393.643,1619.88,-584.305,349.183,1607.96,-484.722,513.778,1630.69,-583.889,556.944,1622.36
1851,0,151.571,812.023,1358.13,162.507,736.952,1301.02,174.282,661.902,1243.3,179.092,635.782,1224.91,,,,,,,,,,,,,-555.269,211.12,813.64,-523.913,260.206,828.198,-546.238,214.586,774.985,-514.898,264.957,789.704,-483.588,393.669,1619.88,-583.932,349.124,1607.96,-484.753,513.81,1630.68,-583.864,556.888,1622.33
1852,0,151.562,812.09,1358.06,162.491,737.002,1300.98,174.294,661.919,1243.28,179.079,635.791,1224.91,,,,,,,,,,,,,-555.233,211.132,813.636,-523.873,260.205,828.267,-546.18,214.91,775.121,-514.879,264.937,789.765,-483.63,393.696,1619.9,-584.154,349.184,1608,-484.777,513.849,1630.69,-583.94,556.968,1622.36
1853,0,151.562,812.137,1357.96,162.481,737.04,1300.92,174.28,661.93,1243.26,179.067,635.8,1224.9,,,,,,,,,,,,,-555.214,211.097,813.685,-523.861,260.198,828.274,-546.205,214.537,775.043,-514.881,264.94,789.796,-483.682,393.739,1619.87,-584.36,349.242,1608.01,-484.822,513.89,1630.68,-583.9,557.019,1622.28
1854,0,151.581,812.206,1357.86,162.486,737.074,1300.86,174.252,661.939,1243.25,179.069,635.795,1224.91,,,,,,,,,,,,,-555.158,211.083,813.675,-523.871,260.19,828.291,-546.181,214.511,775.07,-514.854,264.927,789.795,-483.705,393.734,1619.89,-584.391,349.266,1607.97,-484.846,513.898,1630.69,-583.924,556.989,1622.31
1855,0,151.581,812.254,1357.78,162.482,737.115,1300.81,174.257,661.947,1243.22,179.052,635.811,1224.92,,,,,,,,,,,,,-555.144,211.076,813.725,-523.851,260.161,828.324,-546.165,214.533,775.044,-514.845,264.9,789.837,-483.74,393.771,1619.89,-584.438,349.299,1607.98,-484.884,513.917,1630.69,-583.822,557.096,1622.16
1856,0,151.589,812.308,1357.7,162.485,737.145,1300.76,174.242,661.953,1243.21,179.045,635.792,1224.92,,,,,,,,,,,,,-555.129,211.036,813.761,-523.821,260.176,828.313,-545.575,216.073,775.26,-514.817,264.893,789.914,-483.79,393.798,1619.91,-584.484,349.319,1608.02,-484.911,513.961,1630.72,-583.892,557.068,1622.23
1857,0,151.588,812.337,1357.64,162.471,737.163,1300.69,174.234,661.95,1243.19,179.02,635.786,1224.92,,,,,,,,,,,,,-555.103,211.026,813.767,-523.817,260.166,828.326,-545.58,215.832,775.25,-514.834,264.881,789.896,-483.823,393.802,1619.93,-584.588,349.371,1608.08,-484.933,513.976,1630.71,-583.947,557.166,1622.23
1858,0,151.572,812.365,1357.57,162.457,737.178,1300.67,174.229,661.955,1243.16,179.024,635.796,1224.92,,,,,,,,,,,,,-555.102,211.081,813.812,-523.827,260.113,828.358,-545.546,216.057,775.325,-514.807,264.852,789.975,-483.853,393.799,1619.94,-584.606,349.309,1608.01,-484.962,513.969,1630.75,-583.98,557.141,1622.25
1859,0,151.575,812.399,1357.5,162.458,737.207,1300.62,174.208,661.962,1243.16,179.021,635.803,1224.93,,,,,,,,,,,,,-555.083,211.01,813.794,-523.82,260.119,828.41,-545.576,215.857,775.291,-514.805,264.826,790,-483.887,393.809,1619.99,-584.62,349.355,1608.09,-484.992,513.977,1630.77,-583.952,557.133,1622.21
1860,0,151.566,812.45,1357.47,162.466,737.238,1300.59,174.207,661.973,1243.14,179.006,635.798,1224.94,,,,,,,,,,,,,-555.09,210.999,813.838,-523.821,260.079,828.431,-545.531,216.046,775.356,-514.798,264.786,790.064,-483.909,393.802,1620.02,-584.716,349.381,1608.07,-485.025,513.987,1630.79,-584.05,557.198,1622.25
1861,0,151.583,812.492,1357.4,162.463,737.272,1300.56,174.197,661.984,1243.13,178.997,635.801,1224.95,,,,,,,,,,,,,-555.088,210.963,813.869,-523.836,260.09,828.478,-545.581,215.836,775.364,-514.801,264.751,790.076,-483.969,393.821,1620.01,-584.661,349.332,1608.12,-485.046,514.006,1630.81,-583.915,557.171,1622.1
1862,0,151.584,812.523,1357.35,162.47,737.302,1300.52,174.208,661.999,1243.11,179.003,635.811,1224.94,,,,,,,,,,,,,-555.115,210.973,813.917,-523.834,260.061,828.465,-545.585,215.796,775.358,-514.809,264.763,790.112,-483.99,393.819,1620.03,-584.332,349.365,1608.09,-485.065,514.004,1630.83,-583.993,557.222,1622.16
1863,0,151.596,812.574,1357.28,162.478,737.341,1300.48,174.211,662.019,1243.09,178.996,635.813,1224.93,,,,,,,,,,,,,-555.109,210.908,813.923,-523.827,260.037,828.494,-545.555,216.018,775.4,-514.823,264.731,790.119,-484.033,393.819,1620.05,-584.835,349.242,1608.04,-485.09,514,1630.85,-584.003,557.163,1622.18
1864,0,151.598,812.613,1357.26,162.475,737.365,1300.47,174.18,662.036,1243.08,179.005,635.867,1225.25,,,,,,,,,,,,,-555.137,210.844,813.967,-523.859,260.009,828.518,-545.616,215.792,775.392,-514.846,264.705,790.133,-484.062,393.835,1620.08,-584.518,349.266,1608.02,-485.122,513.997,1630.9,-584.514,557.161,1622.69
1865,0,151.628,812.644,1357.21,162.488,737.388,1300.44,174.186,662.04,1243.07,178.993,635.823,1224.94,,,,,,,,,,,,,-555.121,210.898,813.939,-523.869,260.01,828.531,-545.6,215.997,775.437,-514.837,264.68,790.134,-484.101,393.825,1620.1,-584.753,349.361,1608.17,-485.149,513.995,1630.92,-584.233,557.17,1622.39
1866,0,151.631,812.652,1357.17,162.492,737.407,1300.41,174.188,662.048,1243.06,179.009,635.843,1224.95,,,,,,,,,,,,,-555.164,210.789,814.009,-523.885,259.98,828.56,-545.612,215.953,775.439,-514.86,264.645,790.157,-484.141,393.813,1620.12,-584.919,349.26,1608.03,-485.177,513.993,1630.93,-584.552,557.161,1622.7
1867,0,151.617,812.69,1357.15,162.491,737.43,1300.4,174.182,662.056,1243.06,178.997,635.827,1224.94,,,,,,,,,,,,,-555.188,210.743,813.973,-523.904,259.948,828.575,-545.662,215.958,775.458,-514.895,264.615,790.152,-484.172,393.814,1620.15,-584.832,349.246,1608.05,-485.198,513.973,1630.97,-584.255,557.236,1622.38
1868,0,151.617,812.709,1357.12,162.498,737.44,1300.37,174.181,662.058,1243.05,178.998,635.845,1224.93,,,,,,,,,,,,,-555.206,210.719,814.035,-523.925,259.922,828.588,-545.683,215.926,775.483,-514.918,264.584,790.182,-484.199,393.838,1620.14,-584.906,349.362,1608.2,-485.195,513.971,1630.99,-584.247,557.255,1622.37
1869,0,151.604,812.709,1357.12,162.475,737.439,1300.37,174.179,662.07,1243.04,178.977,635.829,1224.96,,,,,,,,,,,,,-555.24,210.673,814.019,-523.984,259.874,828.581,-545.737,215.919,775.483,-514.961,264.561,790.195,-484.229,393.827,1620.14,-584.941,349.345,1608.22,-485.233,513.956,1631,-584.303,557.265,1622.41
1870,0,151.602,812.743,1357.09,162.476,737.459,1300.36,174.183,662.078,1243.03,178.996,635.86,1224.97,,,,,,,,,,,,,-555.292,210.654,814.063,-523.978,259.849,828.623,-545.774,215.889,775.497,-514.998,264.541,790.204,-484.255,393.807,1620.15,-584.61,349.349,1608.14,-485.248,513.965,1631,-584.278,557.144,1622.42
1871,0,151.6,812.759,1357.08,162.467,737.467,1300.34,174.178,662.091,1243.02,178.998,635.869,1224.96,,,,,,,,,,,,,-555.298,210.602,814.047,-524.001,259.816,828.623,-545.844,215.848,775.495,-515.057,264.516,790.202,-484.26,393.812,1620.15,-584.773,349.361,1608.16,-485.247,513.946,1631.01,-584.255,557.217,1622.38
1872,0,151.585,812.783,1357.04,162.463,737.498,1300.32,174.187,662.111,1243.01,178.988,635.872,1224.98,,,,,,,,,,,,,-555.324,210.598,814.048,-524.04,259.816,828.631,-545.862,215.851,775.487,-515.112,264.51,790.216,-484.294,393.825,1620.14,-585.019,349.37,1608.14,-485.288,513.958,1630.98,-584.331,557.236,1622.42
1873,0,151.595,812.822,1357.02,162.465,737.512,1300.28,174.181,662.118,1242.99,178.991,635.881,1224.98,,,,,,,,,,,,,-555.256,210.439,813.913,-524.053,259.81,828.635,-545.886,215.862,775.493,-515.136,264.579,790.192,-484.311,393.81,1620.14,-585.054,349.405,1608.15,-485.276,513.957,1630.98,-584.378,557.312,1622.43
1874,0,151.607,812.837,1356.98,162.468,737.53,1300.26,174.182,662.133,1242.98,179.015,635.945,1225.27,,,,,,,,,,,,,-555.34,210.516,814.036,-524.089,259.807,828.632,-545.966,215.588,775.488,-515.182,264.562,790.202,-484.333,393.806,1620.14,-584.708,349.388,1608.19,-485.288,513.948,1630.95,-584.353,557.313,1622.38
1875,0,151.589,812.861,1356.95,162.469,737.551,1300.23,174.188,662.14,1242.95,178.981,635.881,1224.97,,,,,,,,,,,,,-555.343,210.526,814.016,-524.117,259.788,828.651,-546.117,215.197,775.875,-515.244,264.607,790.197,-484.358,393.826,1620.1,-584.715,349.408,1608.17,-485.316,513.933,1630.95,-584.364,557.286,1622.39
1876,0,151.607,812.892,1356.9,162.469,737.574,1300.2,174.186,662.156,1242.94,178.984,635.878,1224.95,,,,,,,,,,,,,-555.294,210.403,813.9,-524.136,259.814,828.656,-546.144,214.828,775.839,-515.302,264.605,790.208,-484.378,393.814,1620.1,-585.103,349.385,1608.14,-485.328,513.948,1630.92,-584.372,557.259,1622.37
1877,0,151.616,812.96,1356.84,162.465,737.601,1300.18,174.194,662.165,1242.93,178.978,635.89,1224.95,,,,,,,,,,,,,-555.285,210.402,813.878,-524.167,259.829,828.651,-546.076,215.786,775.553,-515.366,264.638,790.179,-484.397,393.83,1620.07,-585.03,349.445,1608.14,-485.342,513.95,1630.9,-584.333,557.264,1622.33
1878,0,151.622,812.99,1356.78,162.473,737.628,1300.13,174.211,662.172,1242.91,178.99,635.883,1224.98,,,,,,,,,,,,,-555.314,210.362,813.895,-524.193,259.842,828.674,-546.217,214.856,775.884,-515.438,264.649,790.198,-484.409,393.809,1620.07,-585.143,349.434,1608.19,-485.364,513.943,1630.87,-584.434,557.309,1622.41
1879,0,151.631,813.043,1356.69,162.476,737.658,1300.1,174.217,662.18,1242.9,179.008,635.9,1224.96,,,,,,,,,,,,,-555.384,210.463,814.023,-524.22,259.825,828.678,-546.245,214.871,775.859,-515.487,264.708,790.165,-484.433,393.819,1620.05,-585.081,349.442,1608.09,-485.382,513.948,1630.86,-584.38,557.282,1622.33
1880,0,151.632,813.112,1356.63,162.499,737.705,1300.05,174.227,662.197,1242.89,179.003,635.903,1224.98,,,,,,,,,,,,,-555.301,210.357,813.864,-524.267,259.844,828.643,-546.182,215.606,775.58,-515.53,264.699,790.197,-484.449,393.831,1620.04,-585.165,349.464,1608.14,-485.392,513.956,1630.87,-584.347,557.29,1622.28
1881,0,151.669,813.173,1356.49,162.507,737.739,1300,174.225,662.207,1242.88,179.019,635.889,1225,,,,,,,,,,,,,-555.398,210.436,814.033,-524.278,259.829,828.654,-546.217,215.842,775.557,-515.599,264.745,790.194,-484.456,393.821,1620.04,-585.171,349.444,1608.12,-485.429,513.965,1630.84,-584.734,557.224,1622.67
1882,0,151.693,813.246,1356.4,162.534,737.8,1299.93,174.231,662.225,1242.85,179.032,635.896,1224.98,,,,,,,,,,,,,-555.402,210.444,814.021,-524.303,259.815,828.688,-546.292,215.606,775.566,-515.635,264.787,790.202,-484.465,393.83,1620.04,-585.242,349.458,1608.22,-485.436,513.952,1630.83,-584.456,557.311,1622.34
1883,0,151.814,813.318,1356.16,162.545,737.856,1299.88,174.234,662.255,1242.83,179.039,635.912,1224.99,,,,,,,,,,,,,-555.356,210.336,813.884,-524.318,259.822,828.689,-546.298,215.638,775.539,-515.693,264.803,790.204,-484.49,393.838,1620.02,-585.244,349.396,1608.22,-485.448,513.979,1630.84,-584.549,557.312,1622.41
1884,0,151.826,813.393,1356.07,162.566,737.899,1299.83,174.25,662.278,1242.81,179.029,635.919,1224.99,,,,,,,,,,,,,-555.377,210.317,813.931,-524.341,259.788,828.699,-546.333,215.641,775.579,-515.719,264.781,790.237,-484.511,393.836,1620.02,-585.383,349.523,1608.05,-485.474,513.978,1630.83,-584.53,557.294,1622.38
1885,0,151.785,813.463,1356.14,162.593,737.952,1299.78,174.266,662.301,1242.79,179.066,635.949,1224.97,,,,,,,,,,,,,-555.444,210.397,814.061,-524.341,259.787,828.744,-546.364,215.672,775.578,-515.745,264.807,790.252,-484.538,393.846,1619.99,-585.26,349.488,1608.15,-485.491,513.979,1630.79,-584.472,557.301,1622.28
1886,0,151.801,813.521,1356.07,162.606,737.989,1299.74,174.272,662.323,1242.76,179.097,636.005,1225.3,,,,,,,,,,,,,-555.428,210.407,814.048,-524.382,259.769,828.736,-546.379,215.713,775.589,-515.744,264.782,790.277,-484.571,393.862,1620,-585.478,349.462,1608.29,-485.528,513.961,1630.8,-584.528,557.338,1622.3
1887,0,151.829,813.559,1356.03,162.627,738.016,1299.71,174.281,662.334,1242.75,179.101,636.018,1225.33,,,,,,,,,,,,,-555.407,210.388,814.069,-524.332,259.76,828.785,-546.373,215.709,775.581,-515.749,264.769,790.3,-484.586,393.848,1620,-585.404,349.437,1608.23,-485.536,513.976,1630.8,-584.638,557.358,1622.4
1888,0,151.836,813.594,1355.99,162.645,738.052,1299.69,174.289,662.347,1242.73,179.069,635.966,1224.98,,,,,,,,,,,,,-555.347,210.296,813.943,-524.335,259.746,828.813,-546.376,215.914,775.639,-515.759,264.8,790.315,-484.627,393.849,1619.99,-585.435,349.47,1608.16,-485.557,513.963,1630.8,-584.606,557.297,1622.34
1889,0,151.855,813.624,1355.96,162.668,738.068,1299.65,174.29,662.357,1242.72,179.109,636.068,1225.29,,,,,,,,,,,,,-555.406,210.399,814.105,-524.315,259.756,828.849,-546.364,215.839,775.597,-515.759,264.819,790.341,-484.651,393.851,1619.99,-585.47,349.505,1608.14,-485.594,513.948,1630.81,-584.631,557.334,1622.35
1890,0,151.864,813.652,1355.94,162.679,738.089,1299.63,174.289,662.37,1242.71,179.096,635.99,1224.98,,,,,,,,,,,,,-555.373,210.356,814.123,-524.338,259.742,828.814,-546.341,215.831,775.601,-515.766,264.792,790.347,-484.678,393.848,1619.99,-585.671,349.491,1608.26,-485.609,513.956,1630.79,-584.633,557.356,1622.32
1891,0,151.858,813.663,1355.93,162.677,738.104,1299.61,174.294,662.38,1242.7,179.082,635.99,1224.99,,,,,,,,,,,,,-555.409,210.373,814.141,-524.319,259.741,828.86,-546.38,215.847,775.611,-515.764,264.823,790.334,-484.705,393.84,1620.01,-585.496,349.486,1608.24,-485.633,513.946,1630.8,-584.647,557.296,1622.34
1892,0,151.849,813.703,1355.91,162.674,738.131,1299.6,174.289,662.405,1242.68,179.063,636.012,1224.99,,,,,,,,,,,,,-555.386,210.365,814.135,-524.318,259.74,828.821,-546.342,215.901,775.615,-515.755,264.799,790.385,-484.727,393.833,1620,-585.548,349.452,1608.13,-485.647,513.934,1630.82,-584.476,557.254,1622.14
1893,0,151.838,813.733,1355.88,162.661,738.159,1299.58,174.294,662.423,1242.66,179.1,636.083,1225.41,,,,,,,,,,,,,-555.294,210.291,813.967,-524.286,259.733,828.855,-546.358,215.933,775.589,-515.743,264.787,790.366,-484.753,393.83,1620.03,-585.093,349.43,1608.16,-485.685,513.924,1630.81,-584.629,557.371,1622.27
1894,0,151.828,813.756,1355.87,162.651,738.19,1299.56,174.291,662.447,1242.65,179.1,636.115,1225.42,,,,,,,,,,,,,-555.32,210.279,814.016,-524.263,259.725,828.871,-546.35,215.926,775.59,-515.737,264.811,790.349,-484.767,393.814,1620.03,-585.464,349.43,1608.28,-485.698,513.909,1630.82,-584.696,557.281,1622.34
1895,0,151.81,813.796,1355.82,162.639,738.209,1299.52,174.283,662.47,1242.63,179.081,636.118,1225.38,,,,,,,,,,,,,-555.324,210.287,814.011,-524.265,259.72,828.854,-546.346,215.99,775.576,-515.722,264.784,790.361,-484.805,393.807,1620.02,-585.161,349.434,1608.17,-485.736,513.904,1630.83,-584.687,557.275,1622.32
1896,0,151.794,813.814,1355.81,162.631,738.235,1299.5,174.283,662.488,1242.61,179.037,636.05,1225.02,,,,,,,,,,,,,-555.285,210.282,814.009,-524.243,259.722,828.855,-546.355,215.902,775.56,-515.716,264.764,790.369,-484.801,393.786,1620.04,-585.507,349.406,1608.27,-485.735,513.883,1630.86,-584.552,557.338,1622.15
1897,0,151.772,813.839,1355.79,162.614,738.263,1299.49,174.258,662.503,1242.59,179.034,636.064,1225.01,,,,,,,,,,,,,-555.365,210.382,814.159,-524.249,259.749,828.84,-546.352,215.732,775.517,-515.703,264.778,790.338,-484.836,393.779,1620.04,-585.43,349.434,1608.12,-485.77,513.871,1630.85,-584.726,557.291,1622.35
1898,0,151.754,813.871,1355.77,162.601,738.275,1299.47,174.246,662.526,1242.57,179.024,636.06,1225.02,,,,,,,,,,,,,-555.378,210.402,814.146,-524.225,259.753,828.845,-546.361,215.832,775.569,-515.71,264.784,790.356,-484.846,393.761,1620.04,-585.525,349.445,1608.2,-485.757,513.859,1630.89,-584.58,557.25,1622.21
1899,0,151.737,813.883,1355.77,162.574,738.29,1299.46,174.238,662.54,1242.58,179.025,636.089,1225.03,,,,,,,,,,,,,-555.384,210.404,814.163,-524.226,259.767,828.819,-546.332,215.881,775.591,-515.692,264.791,790.343,-484.848,393.746,1620.04,-585.46,349.398,1608.23,-485.787,513.844,1630.86,-585.06,557.206,1622.72
1900,0,151.709,813.89,1355.74,162.562,738.301,1299.45,174.22,662.556,1242.56,179.255,636.12,1224.79,,,,,,,,,,,,,-555.349,210.417,814.091,-524.247,259.775,828.808,-546.361,215.827,775.542,-515.691,264.786,790.336,-484.856,393.753,1620.04,-585.636,349.429,1608.09,-485.78,513.845,1630.88,-584.824,557.277,1622.45
1901,0,151.696,813.903,1355.72,162.54,738.321,1299.44,174.207,662.576,1242.54,178.984,636.088,1225.05,,,,,,,,,,,,,-555.396,210.397,814.116,-524.233,259.786,828.813,-546.366,215.879,775.504,-515.697,264.814,790.316,-484.865,393.767,1620.04,-585.261,349.428,1608.21,-485.81,513.829,1630.88,-584.858,557.28,1622.48
1902,0,151.684,813.919,1355.72,162.537,738.338,1299.42,174.21,662.586,1242.53,178.997,636.127,1225.52,,,,,,,,,,,,,-555.385,210.467,814.122,-524.25,259.832,828.79,-546.372,215.934,775.544,-515.695,264.852,790.304,-484.862,393.76,1620.03,-585.523,349.418,1608.16,-485.786,513.835,1630.9,-584.776,557.236,1622.41
1903,0,151.671,813.924,1355.7,162.523,738.348,1299.41,174.188,662.596,1242.52,178.974,636.09,1225.05,,,,,,,,,,,,,-555.396,210.485,814.088,-524.255,259.841,828.779,-546.366,216.04,775.539,-515.712,264.872,790.295,-484.87,393.743,1620.04,-585.235,349.396,1608.18,-485.811,513.814,1630.9,-585.096,557.191,1622.75
1904,0,151.649,813.933,1355.68,162.505,738.358,1299.4,174.178,662.611,1242.5,178.992,636.164,1225.49,,,,,,,,,,,,,-555.397,210.549,814.075,-524.292,259.892,828.741,-546.391,215.942,775.512,-515.734,264.914,790.27,-484.882,393.749,1620.02,-585.672,349.434,1608.19,-485.807,513.823,1630.9,-584.777,557.258,1622.42
1905,0,151.616,813.946,1355.67,162.495,738.366,1299.38,174.16,662.61,1242.49,178.958,636.105,1225.05,,,,,,,,,,,,,-555.421,210.584,814.018,-524.296,259.936,828.721,-546.407,215.922,775.497,-515.799,265.353,790.067,-484.854,393.763,1620.02,-585.671,349.466,1608.07,-485.792,513.838,1630.9,-584.802,557.253,1622.45
1906,0,151.589,813.94,1355.67,162.479,738.363,1299.38,174.166,662.614,1242.49,178.988,636.164,1225.49,,,,,,,,,,,,,-555.385,210.467,813.921,-524.326,259.988,828.656,-546.404,216.156,775.499,-515.805,265.386,790.031,-484.852,393.757,1620.03,-585.624,349.473,1608.1,-485.787,513.844,1630.88,-584.695,557.193,1622.35
1907,0,151.561,813.935,1355.67,162.455,738.357,1299.38,174.156,662.618,1242.47,178.96,636.135,1225.52,,,,,,,,,,,,,-555.457,210.633,813.972,-524.326,260.004,828.654,-546.708,215.293,775.426,-515.821,265.45,790.009,-484.827,393.763,1620.02,-585.65,349.413,1608.21,-485.777,513.85,1630.88,-584.784,557.285,1622.43
1908,0,151.51,813.92,1355.67,162.43,738.354,1299.38,174.145,662.621,1242.48,178.937,636.081,1225.06,,,,,,,,,,,,,-555.48,210.689,813.978,-524.356,260.045,828.621,-546.693,215.583,775.428,-515.821,265.48,789.972,-484.816,393.767,1620.01,-585.464,349.46,1608.14,-485.772,513.866,1630.86,-584.733,557.289,1622.38
1909,0,151.48,813.914,1355.69,162.395,738.341,1299.4,174.149,662.615,1242.49,178.951,636.09,1225.06,,,,,,,,,,,,,-555.508,210.711,813.933,-524.38,260.101,828.586,-546.742,215.578,775.449,-515.847,265.51,789.91,-484.811,393.8,1620,-585.531,349.513,1608.08,-485.742,513.869,1630.87,-584.701,557.267,1622.36
1910,0,151.437,813.905,1355.71,162.372,738.328,1299.41,174.138,662.614,1242.49,178.955,636.079,1225.07,,,,,,,,,,,,,-555.531,210.756,813.913,-524.414,260.108,828.553,-546.814,215.289,775.36,-515.887,265.602,789.814,-484.787,393.812,1619.99,-585.473,349.487,1608.06,-485.713,513.898,1630.86,-584.826,557.358,1622.46
1911,0,151.394,813.879,1355.7,162.352,738.311,1299.41,174.149,662.606,1242.49,178.96,636.089,1225.06,,,,,,,,,,,,,-555.54,210.783,813.892,-524.427,260.15,828.524,-546.814,215.399,775.328,-515.885,265.674,789.768,-484.762,393.834,1619.99,-585.552,349.486,1608.09,-485.705,513.926,1630.85,-584.655,557.285,1622.31
1912,0,151.342,813.853,1355.7,162.322,738.297,1299.42,174.152,662.596,1242.49,178.983,636.114,1225.05,,,,,,,,,,,,,-555.555,210.899,813.811,-524.449,260.175,828.495,-546.856,215.396,775.312,-515.905,265.726,789.742,-484.734,393.851,1619.97,-585.061,349.475,1608.08,-485.69,513.952,1630.83,-584.651,557.381,1622.3
1913,0,151.288,813.831,1355.69,162.268,738.28,1299.44,174.13,662.591,1242.49,178.966,636.103,1225.54,,,,,,,,,,,,,-555.598,210.993,813.721,-524.48,260.236,828.476,-546.897,215.319,775.293,-515.952,265.784,789.69,-484.695,393.867,1619.98,-585.088,349.478,1608.13,-485.667,513.993,1630.84,-584.631,557.374,1622.29
1914,0,151.237,813.802,1355.71,162.236,738.247,1299.44,174.134,662.567,1242.51,178.993,636.099,1225.04,,,,,,,,,,,,,-555.57,211.054,813.655,-524.508,260.251,828.41,-546.934,215.524,775.318,-515.964,265.889,789.623,-484.686,393.886,1619.95,-584.999,349.511,1608.08,-485.634,514.015,1630.82,-584.975,557.28,1622.67
1915,0,151.17,813.77,1355.73,162.183,738.213,1299.46,174.123,662.541,1242.52,179.014,636.171,1225.44,,,,,,,,,,,,,-555.661,211.04,813.737,-524.528,260.319,828.413,-547.007,215.496,775.3,-516.005,265.939,789.546,-484.667,393.941,1619.92,-585.398,349.544,1608.1,-485.633,514.033,1630.8,-584.683,557.349,1622.36
1916,0,151.093,813.735,1355.75,162.128,738.196,1299.47,174.101,662.541,1242.5,178.966,636.084,1225.05,,,,,,,,,,,,,-555.699,211.093,813.742,-524.592,260.37,828.355,-547.375,215.471,775.709,-516.049,266.046,789.473,-484.653,393.967,1619.92,-585.35,349.584,1608.05,-485.628,514.065,1630.76,-584.607,557.348,1622.3
1917,0,151.089,813.67,1355.61,162.086,738.173,1299.47,174.085,662.534,1242.52,178.965,636.067,1225.04,,,,,,,,,,,,,-555.743,211.156,813.733,-524.612,260.398,828.37,-547.258,215.43,775.498,-516.013,265.483,789.796,-484.629,393.99,1619.9,-584.937,349.585,1608.11,-485.577,514.088,1630.77,-584.644,557.377,1622.31
1918,0,150.936,813.668,1355.76,162.04,738.157,1299.49,174.082,662.538,1242.51,178.982,636.1,1225.06,,,,,,,,,,,,,-555.747,211.212,813.684,-524.642,260.473,828.287,-547.529,215.253,775.723,-516.027,265.63,789.709,-484.589,394.002,1619.91,-585.227,349.595,1608.11,-485.553,514.127,1630.78,-584.632,557.361,1622.33
1919,0,150.934,813.62,1355.64,162,738.136,1299.5,174.08,662.532,1242.5,179.004,636.15,1225.51,,,,,,,,,,,,,-555.732,211.282,813.652,-524.633,260.497,828.313,-547.595,215.059,775.744,-516.046,266.036,789.486,-484.56,394.007,1619.91,-584.841,349.615,1608.04,-485.537,514.138,1630.74,-584.62,557.389,1622.34
1920,0,150.848,813.59,1355.68,161.948,738.115,1299.51,174.081,662.524,1242.51,179.012,636.145,1225.45,,,,,,,,,,,,,-555.722,211.343,813.6,-524.682,260.551,828.265,-547.672,214.915,775.76,-516.067,266.098,789.444,-484.524,394.044,1619.89,-585.113,349.616,1608.06,-485.507,514.157,1630.73,-584.5,557.389,1622.21
1921,0,150.688,813.574,1355.83,161.903,738.081,1299.52,174.072,662.509,1242.51,178.984,636.071,1225.05,,,,,,,,,,,,,-555.736,211.38,813.567,-524.695,260.638,828.245,-547.733,214.836,775.742,-516.086,266.114,789.379,-484.488,394.051,1619.88,-585.121,349.608,1608.08,-485.484,514.185,1630.72,-584.502,557.396,1622.23
1922,0,150.599,813.532,1355.87,161.857,738.047,1299.53,174.063,662.496,1242.51,178.987,636.063,1225.04,,,,,,,,,,,,,-555.748,211.422,813.523,-524.712,260.652,828.205,-547.66,214.883,775.775,-516.105,266.191,789.352,-484.472,394.063,1619.87,-584.759,349.635,1608.02,-485.463,514.218,1630.71,-584.602,557.42,1622.34
1923,0,150.537,813.509,1355.89,161.808,738.002,1299.53,174.069,662.472,1242.51,179.053,636.176,1225.44,,,,,,,,,,,,,-555.759,211.457,813.526,-524.731,260.692,828.16,-547.72,214.816,775.753,-516.12,266.232,789.31,-484.447,394.08,1619.86,-585.074,349.689,1608.03,-485.451,514.221,1630.69,-584.439,557.38,1622.19
1924,0,150.443,813.469,1355.92,161.747,737.964,1299.54,174.061,662.444,1242.51,179.017,636.048,1225.04,,,,,,,,,,,,,-555.742,211.484,813.445,-524.731,260.714,828.168,-547.756,214.782,775.741,-516.111,266.296,789.289,-484.419,394.085,1619.86,-584.711,349.623,1608.02,-485.427,514.234,1630.68,-584.434,557.443,1622.17
1925,0,150.362,813.443,1355.93,161.682,737.928,1299.54,174.045,662.429,1242.52,179.017,636.047,1225.03,,,,,,,,,,,,,-555.733,211.524,813.398,-524.735,260.754,828.14,-547.745,214.901,775.663,-516.112,266.303,789.262,-484.402,394.103,1619.84,-584.715,349.623,1608.04,-485.407,514.242,1630.68,-584.429,557.43,1622.19
1926,0,150.274,813.402,1355.96,161.641,737.885,1299.52,174.052,662.4,1242.51,179.043,635.998,1225.02,,,,,,,,,,,,,-555.731,211.548,813.391,-524.743,260.773,828.127,-547.743,214.811,775.706,-516.099,266.342,789.227,-484.372,394.085,1619.85,-585.095,349.697,1608.02,-485.379,514.253,1630.67,-584.322,557.463,1622.09
1927,0,150.206,813.357,1355.94,161.595,737.811,1299.5,174.053,662.344,1242.48,179.072,635.934,1225.02,,,,,,,,,,,,,-555.732,211.625,813.342,-524.751,260.753,828.106,-547.743,214.833,775.703,-516.104,266.363,789.168,-484.351,394.076,1619.84,-584.959,349.714,1607.92,-485.389,514.25,1630.64,-584.38,557.475,1622.17
1928,0,150.121,813.301,1355.92,161.575,737.762,1299.47,174.068,662.286,1242.47,179.135,635.907,1225.01,,,,,,,,,,,,,-555.748,211.614,813.347,-524.715,260.84,828.074,-547.762,214.79,775.716,-516.098,266.373,789.154,-484.327,394.083,1619.84,-584.66,349.677,1608.05,-485.341,514.259,1630.65,-584.384,557.472,1622.21
1929,0,150.131,813.198,1355.78,161.546,737.694,1299.45,174.075,662.22,1242.46,179.208,635.944,1225.37,,,,,,,,,,,,,-555.732,211.625,813.331,-524.734,260.861,828.015,-547.784,214.8,775.683,-516.097,266.41,789.146,-484.31,394.077,1619.83,-584.975,349.718,1608.01,-485.341,514.248,1630.64,-584.37,557.511,1622.19
1930,0,149.967,813.167,1355.87,161.511,737.646,1299.43,174.078,662.146,1242.44,179.259,635.905,1225.44,,,,,,,,,,,,,-555.743,211.646,813.299,-524.746,260.806,828.121,-547.563,215.531,775.322,-516.08,266.426,789.127,-484.302,394.08,1619.82,-584.646,349.693,1608.03,-485.32,514.25,1630.62,-584.195,557.474,1622.07
1931,0,149.945,813.056,1355.71,161.461,737.56,1299.4,174.11,662.063,1242.41,179.211,635.585,1225.48,,,,,,,,,,,,,-555.744,211.62,813.29,-524.718,260.857,828.008,-547.77,214.745,775.7,-516.054,266.44,789.102,-484.277,394.068,1619.83,-584.639,349.716,1608.04,-485.307,514.246,1630.61,-584.193,557.537,1622.09
1932,0,149.788,813.005,1355.78,161.425,737.482,1299.35,174.096,661.971,1242.4,179.26,635.621,1225.06,,,,,,,,,,,,,-555.733,211.624,813.291,-524.733,260.855,827.984,-547.575,215.469,775.336,-516.08,266.495,789.056,-484.262,394.065,1619.82,-584.98,349.706,1608.04,-485.291,514.244,1630.6,-584.06,557.377,1621.99
1933,0,149.666,812.94,1355.71,161.367,737.42,1299.31,174.08,661.897,1242.39,179.276,635.581,1225.06,,,,,,,,,,,,,-555.741,211.664,813.248,-524.704,260.889,827.963,-547.543,215.511,775.325,-516.046,266.492,789.055,-484.243,394.053,1619.82,-584.904,349.749,1608,-485.258,514.238,1630.6,-584.513,557.352,1622.48
1934,0,149.532,812.898,1355.66,161.3,737.383,1299.28,174.052,661.856,1242.36,179.344,635.643,1225.37,,,,,,,,,,,,,-555.749,211.659,813.265,-524.711,260.88,827.96,-547.546,215.536,775.302,-516.059,266.494,789.043,-484.228,394.044,1619.83,-584.867,349.704,1608.06,-485.246,514.217,1630.59,-584.159,557.359,1622.16
1935,0,149.406,812.874,1355.64,161.227,737.354,1299.26,174.035,661.837,1242.36,179.288,635.533,1225.09,,,,,,,,,,,,,-555.757,211.653,813.22,-524.715,260.898,827.96,-547.529,215.465,775.338,-516.04,266.513,789.032,-484.199,394.039,1619.83,-584.586,349.708,1608.03,-485.249,514.218,1630.57,-584.233,557.412,1622.24
1936,0,149.282,812.861,1355.61,161.122,737.345,1299.25,173.992,661.842,1242.33,179.267,635.518,1225.07,,,,,,,,,,,,,-555.777,211.668,813.189,-524.706,260.889,827.946,-547.537,215.54,775.274,-516.051,266.522,788.988,-484.213,394.026,1619.81,-584.58,349.694,1607.99,-485.232,514.208,1630.56,-584.149,557.406,1622.19
1937,0,149.147,812.87,1355.61,161.041,737.354,1299.24,173.948,661.852,1242.32,179.256,635.544,1225.07,,,,,,,,,,,,,-555.765,211.663,813.211,-524.734,260.874,827.923,-547.783,214.805,775.597,-516.048,266.484,789.008,-484.197,394.02,1619.8,-584.529,349.714,1607.98,-485.215,514.196,1630.56,-584.146,557.348,1622.23
1938,0,148.99,812.86,1355.6,160.921,737.355,1299.25,173.921,661.874,1242.32,179.243,635.548,1225.09,,,,,,,,,,,,,-555.784,211.659,813.137,-524.727,260.895,827.916,-547.611,215.355,775.321,-516.053,266.502,788.977,-484.171,394.002,1619.8,-584.695,349.638,1608,-485.197,514.181,1630.57,-584.087,557.367,1622.22
1939,0,148.843,812.861,1355.58,160.818,737.355,1299.24,173.898,661.896,1242.31,179.238,635.552,1225.09,,,,,,,,,,,,,-555.791,211.683,813.131,-524.736,260.881,827.893,-547.593,215.507,775.248,-516.049,266.51,788.971,-484.167,393.987,1619.79,-584.896,349.668,1608,-485.18,514.174,1630.55,-584.127,557.353,1622.29
1940,0,148.681,812.877,1355.55,160.714,737.355,1299.22,173.87,661.891,1242.29,179.233,635.564,1225.08,,,,,,,,,,,,,-555.823,211.662,813.107,-524.758,260.871,827.852,-547.606,215.455,775.239,-516.068,266.517,788.951,-484.161,393.981,1619.78,-584.52,349.652,1607.98,-485.162,514.16,1630.55,-584.042,557.309,1622.26
1941,0,148.516,812.869,1355.54,160.606,737.356,1299.21,173.825,661.891,1242.29,179.222,635.572,1225.07,,,,,,,,,,,,,-555.825,211.658,813.094,-524.8,260.883,827.814,-547.654,215.41,775.243,-516.065,266.529,788.932,-484.173,393.967,1619.77,-584.543,349.556,1607.96,-485.148,514.131,1630.54,-583.995,557.317,1622.24
1942,0,148.356,812.854,1355.53,160.495,737.342,1299.21,173.782,661.893,1242.27,179.202,635.561,1225.07,,,,,,,,,,,,,-555.851,211.688,813.046,-524.782,260.892,827.818,-547.319,216.279,775.107,-516.097,266.533,788.908,-484.156,393.952,1619.76,-584.494,349.66,1607.92,-485.138,514.129,1630.53,-583.999,557.26,1622.28
1943,0,148.182,812.831,1355.54,160.393,737.326,1299.2,173.741,661.87,1242.28,179.227,635.574,1225.5,,,,,,,,,,,,,-555.862,211.681,813.07,-524.818,260.904,827.777,-546.883,217.448,774.951,-516.084,266.532,788.895,-484.141,393.916,1619.75,-584.81,349.65,1607.93,-485.118,514.104,1630.5,-583.897,557.311,1622.2
1944,0,147.98,812.803,1355.55,160.284,737.306,1299.2,173.693,661.876,1242.29,179.213,635.642,1225.52,,,,,,,,,,,,,-555.865,211.71,813.019,-524.828,260.921,827.773,-547.142,216.766,775.026,-516.101,266.549,788.893,-484.137,393.906,1619.74,-584.825,349.621,1607.94,-485.114,514.085,1630.48,-583.886,557.311,1622.23
1945,0,147.805,812.779,1355.6,160.164,737.275,1299.21,173.638,661.857,1242.3,179.141,635.554,1225.08,,,,,,,,,,,,,-555.919,211.704,813.034,-524.823,260.953,827.736,-547.129,216.899,774.991,-516.121,266.518,788.864,-484.112,393.854,1619.75,-584.842,349.568,1607.95,-485.088,514.047,1630.47,-583.872,557.179,1622.25
1946,0,147.709,812.698,1355.52,160.053,737.247,1299.24,173.594,661.848,1242.34,179.112,635.525,1225.09,,,,,,,,,,,,,-555.928,211.701,813.022,-524.85,260.979,827.699,-547.064,217.051,774.932,-516.148,266.527,788.794,-484.102,393.842,1619.75,-584.96,349.613,1607.91,-485.09,514.019,1630.47,-583.789,557.209,1622.17
1947,0,147.408,812.642,1355.72,159.919,737.202,1299.28,173.563,661.831,1242.37,179.101,635.534,1225.1,,,,,,,,,,,,,-556.116,211.802,813.253,-524.846,260.962,827.713,-547.127,216.955,774.94,-516.162,266.549,788.773,-484.118,393.805,1619.74,-584.527,349.487,1607.89,-485.059,513.99,1630.46,-583.811,557.265,1622.19
1948,0,147.181,812.545,1355.76,159.802,737.147,1299.33,173.505,661.804,1242.4,179.082,635.521,1225.11,,,,,,,,,,,,,-556.017,211.766,813.067,-524.885,260.98,827.68,-547.154,216.896,774.942,-516.172,266.545,788.768,-484.126,393.768,1619.72,-584.887,349.571,1607.88,-485.039,513.942,1630.43,-583.823,557.331,1622.08
1949,0,146.939,812.455,1355.83,159.64,737.06,1299.4,173.442,661.77,1242.44,179.054,635.516,1225.09,,,,,,,,,,,,,-556.159,211.817,813.199,-524.89,260.99,827.73,-547.161,216.976,774.911,-516.204,266.566,788.75,-484.131,393.737,1619.71,-584.812,349.486,1607.96,-485.029,513.915,1630.44,-583.648,557.157,1621.99
1950,0,146.65,812.342,1355.93,159.448,736.987,1299.49,173.393,661.725,1242.48,179.041,635.528,1225.1,,,,,,,,,,,,,-556.195,211.8,813.183,-524.904,261.029,827.704,-547.164,216.994,774.895,-516.222,266.562,788.736,-484.134,393.691,1619.71,-584.557,349.462,1607.89,-485.016,513.862,1630.41,-583.75,557.218,1622.08
1951,0,146.311,812.2,1356.08,159.223,736.882,1299.58,173.325,661.693,1242.53,179.019,635.511,1225.1,,,,,,,,,,,,,-556.107,211.809,813.026,-524.922,261.026,827.685,-547.239,216.884,774.885,-516.222,266.595,788.721,-484.129,393.638,1619.7,-584.916,349.428,1607.91,-485.001,513.821,1630.4,-583.611,557.098,1622
1952,0,145.863,812.013,1356.29,158.933,736.762,1299.73,173.225,661.655,1242.61,178.99,635.527,1225.08,,,,,,,,,,,,,-556.21,211.849,813.149,-524.938,261.059,827.678,-547.314,216.724,774.894,-516.22,266.622,788.695,-484.158,393.591,1619.67,-584.596,349.393,1607.88,-484.985,513.766,1630.38,-583.707,557.147,1622.06
1953,0,145.396,811.823,1356.49,158.648,736.648,1299.89,173.116,661.623,1242.71,178.955,635.573,1225.56,,,,,,,,,,,,,-556.25,211.864,813.139,-524.95,261.09,827.645,-547.318,216.742,774.891,-516.242,266.587,788.704,-484.152,393.527,1619.67,-584.859,349.383,1607.91,-484.951,513.707,1630.38,-583.709,557.117,1622.1
1954,0,144.896,811.665,1356.7,158.317,736.584,1300.08,172.955,661.633,1242.84,178.841,635.631,1225.11,,,,,,,,,,,,,-556.263,211.872,813.157,-524.967,261.084,827.672,-547.401,216.629,774.923,-516.262,266.621,788.698,-484.177,393.467,1619.66,-584.999,349.351,1607.89,-484.957,513.653,1630.37,-583.634,557.016,1622.23
1955,0,144.259,811.55,1357,157.906,736.548,1300.32,172.732,661.723,1242.97,178.926,635.703,1224.85,,,,,,,,,,,,,-556.273,211.87,813.128,-524.988,261.095,827.675,-547.474,216.439,774.946,-516.279,266.638,788.667,-484.221,393.419,1619.62,-584.947,349.314,1607.85,-484.934,513.595,1630.35,-583.6,556.961,1622.24
1956,0,143.451,811.499,1357.34,157.393,736.556,1300.53,172.427,661.897,1243.13,178.726,635.939,1224.82,,,,,,,,,,,,,-556.29,211.887,813.135,-525.008,261.12,827.652,-547.66,216.065,774.978,-516.289,266.653,788.682,-484.219,393.355,1619.62,-584.73,349.227,1607.87,-484.916,513.511,1630.35,-583.733,557.045,1622.33
1957,0,142.606,811.54,1357.66,156.78,736.652,1300.82,172.022,662.129,1243.29,178.17,636.309,1225.38,,,,,,,,,,,,,-556.313,211.892,813.145,-525.011,261.14,827.638,-547.706,215.985,774.97,-516.335,266.703,788.64,-484.254,393.29,1619.6,-584.719,349.192,1607.79,-484.896,513.428,1630.37,-583.742,556.967,1622.38
1958,0,141.702,811.602,1357.98,156.079,736.861,1301.07,171.579,662.434,1243.43,177.765,636.616,1225,,,,,,,,,,,,,-556.341,211.904,813.109,-525.06,261.157,827.625,-547.087,217.761,774.695,-516.354,266.706,788.632,-484.295,393.226,1619.58,-585.208,349.238,1607.8,-484.888,513.352,1630.36,-583.361,556.824,1621.89
1959,0,140.654,811.771,1358.28,155.21,737.113,1301.3,170.996,662.765,1243.6,177.238,637.006,1224.95,,,,,,,,,,,,,-556.377,211.896,813.137,-525.068,261.168,827.623,-547.085,217.76,774.66,-516.362,266.744,788.591,-484.32,393.158,1619.58,-584.793,349.107,1607.73,-484.863,513.276,1630.38,-583.624,556.864,1622.14
1960,0,139.586,811.935,1358.58,154.349,737.36,1301.46,170.238,663.156,1243.73,176.452,637.5,1225.12,,,,,,,,,,,,,-556.386,211.905,813.115,-525.1,261.184,827.605,-547.134,217.752,774.677,-516.365,266.746,788.619,-484.34,393.067,1619.57,-584.877,349.076,1607.79,-484.841,513.158,1630.39,-583.464,556.669,1622.24
1961,0,138.385,812.139,1358.93,153.3,737.672,1301.77,169.447,663.583,1243.81,175.881,638.154,1225.55,,,,,,,,,,,,,-556.417,211.95,813.085,-525.031,261.678,827.461,-547.159,217.851,774.646,-516.402,266.748,788.591,-484.354,392.984,1619.55,-585.248,349.019,1607.76,-484.794,513.059,1630.4,-583.912,556.557,1622.75
1962,0,137.089,812.34,1359.24,152.297,737.948,1302.01,168.654,663.866,1244.06,175.309,638.517,1224.84,,,,,,,,,,,,,-556.442,211.964,813.082,-525.065,261.668,827.461,-547.206,217.885,774.62,-516.429,266.74,788.605,-484.383,392.89,1619.53,-585.342,348.947,1607.79,-484.737,512.942,1630.42,-583.65,556.69,1622.45
1963,0,135.707,812.552,1359.64,151.228,738.221,1302.45,167.851,664.16,1244.51,173.953,638.911,1225.97,,,,,,,,,,,,,-556.506,211.979,813.087,-525.078,261.696,827.475,-547.266,217.767,774.66,-516.451,266.768,788.59,-484.389,392.764,1619.52,-585.085,348.895,1607.74,-484.671,512.823,1630.44,-583.691,556.686,1622.36
1964,0,134.383,812.742,1359.88,150.049,738.406,1302.98,167.045,664.372,1245.14,173.346,639.193,1225.68,,,,,,,,,,,,,-556.543,211.968,813.08,-525.11,261.714,827.469,-547.329,217.629,774.714,-516.476,266.775,788.589,-484.45,392.693,1619.45,-585.435,348.845,1607.72,-484.675,512.694,1630.41,-584.031,556.503,1622.77
1965,0,132.783,812.891,1360.57,148.918,738.467,1303.7,166.294,664.388,1246.08,172.603,639.246,1226.77,,,,,,,,,,,,,-556.592,211.977,813.083,-525.184,261.714,827.481,-547.395,217.481,774.784,-516.505,266.772,788.605,-484.483,392.552,1619.44,-585.648,348.804,1607.63,-484.626,512.568,1630.39,-583.707,556.513,1622.48
1966,0,131.182,813.057,1361.22,147.806,738.481,1304.69,165.594,664.236,1247.39,172.058,639.307,1228.28,,,,,,,,,,,,,-556.672,211.951,813.15,-525.231,261.784,827.453,-547.34,217.866,774.61,-516.578,266.789,788.575,-484.517,392.399,1619.4,-585.336,348.649,1607.74,-484.577,512.43,1630.38,-583.948,556.349,1622.78
1967,0,129.528,813.13,1361.98,146.654,738.363,1305.88,164.994,663.928,1249.03,171.69,639.131,1229.94,,,,,,,,,,,,,-556.745,211.967,813.194,-525.242,261.892,827.446,-547.375,217.838,774.647,-516.567,266.773,788.649,-484.569,392.226,1619.35,-585.37,348.629,1607.64,-484.592,512.285,1630.3,-583.891,556.26,1622.8
1968,0,127.756,813.213,1362.9,145.487,738.131,1307.38,164.42,663.393,1251.15,171.202,638.567,1232.05,,,,,,,,,,,,,-556.777,211.961,813.238,-525.3,261.892,827.489,-547.411,217.796,774.669,-516.568,266.773,788.703,-484.662,392.082,1619.24,-585.483,348.575,1607.59,-484.587,512.126,1630.26,-583.826,556.149,1622.77
1969,0,125.979,813.201,1364.01,144.265,737.797,1309.18,163.803,662.708,1253.61,170.958,637.729,1234.64,,,,,,,,,,,,,-556.844,211.972,813.294,-525.354,261.948,827.512,-547.462,217.691,774.774,-516.603,266.74,788.764,-484.744,391.903,1619.14,-585.63,348.461,1607.57,-484.557,511.967,1630.19,-583.768,556.045,1622.75
1970,0,123.971,813.206,1365.23,142.936,737.328,1311.18,163.174,661.782,1256.49,170.352,636.756,1237.82,,,,,,,,,,,,,-556.908,211.985,813.292,-525.392,262.013,827.471,-547.493,217.663,774.792,-516.64,266.727,788.763,-484.863,391.708,1619.01,-585.74,348.333,1607.48,-484.619,511.777,1630.1,-583.716,555.948,1622.72
1971,0,121.917,813.087,1366.69,141.491,736.719,1313.54,162.385,660.671,1259.84,169.913,635.474,1241.4,,,,,,,,,,,,,-557.004,211.976,813.356,-525.434,262.073,827.561,-547.541,217.659,774.801,-516.678,266.702,788.83,-484.983,391.479,1618.88,-586.297,348.298,1607.4,-484.681,511.569,1630.02,-583.681,555.87,1622.68
1972,0,119.896,812.94,1368.19,139.899,736.019,1316.15,161.527,659.334,1263.52,169.157,634.105,1245.52,,,,,,,,,,,,,-557.096,211.945,813.394,-525.505,262.106,827.537,-547.591,217.614,774.837,-516.702,266.684,788.845,-485.119,391.253,1618.72,-586.042,348.209,1607.33,-484.708,511.381,1629.93,-583.631,555.766,1622.64
1973,0,117.573,812.743,1369.96,138.171,735.238,1318.97,160.316,657.962,1267.59,168.268,632.551,1249.93,,,,,,,,,,,,,-557.166,212.027,813.317,-525.541,262.179,827.552,-547.681,217.563,774.909,-516.766,266.661,788.895,-485.26,391.031,1618.59,-586.637,348.023,1607.33,-484.757,511.144,1629.82,-583.594,555.65,1622.57
1974,0,114.851,812.608,1371.53,136.222,734.446,1321.97,159.143,656.539,1271.83,167.251,630.939,1254.59,,,,,,,,,,,,,-557.293,212.036,813.329,-525.621,262.199,827.578,-547.77,217.473,774.961,-516.828,266.599,788.926,-485.445,390.841,1618.42,-586.507,347.942,1607.18,-484.785,510.897,1629.69,-583.566,555.547,1622.52
1975,0,112.154,812.341,1373.39,134.211,733.54,1325.09,157.744,654.998,1276.27,165.992,629.255,1259.45,,,,,,,,,,,,,-557.422,212.018,813.344,-525.706,262.221,827.577,-547.818,217.698,774.866,-516.901,266.591,788.953,-485.629,390.54,1618.29,-587.163,347.837,1607.01,-484.79,510.609,1629.52,-583.562,555.384,1622.46
1976,0,109.312,812.046,1375.35,131.98,732.633,1328.36,156.067,653.482,1280.9,164.562,627.522,1264.57,,,,,,,,,,,,,-557.539,212.023,813.323,-525.854,262.077,827.614,-547.92,217.648,774.888,-516.99,266.567,788.982,-485.926,390.26,1618.07,-587.044,347.646,1606.87,-484.719,510.284,1629.36,-583.553,555.2,1622.4
1977,0,106.293,811.675,1377.34,129.549,731.645,1331.78,154.281,651.777,1285.78,163.165,625.51,1269.82,,,,,,,,,,,,,-557.648,212.101,813.292,-525.982,262.092,827.633,-548.072,217.634,774.895,-517.105,266.499,789.003,-486.201,389.958,1617.85,-587.34,347.469,1606.75,-484.68,509.934,1629.18,-583.54,555.002,1622.32
1978,0,103.109,811.147,1379.56,126.996,730.412,1335.5,152.248,649.934,1290.98,161.164,623.485,1275.55,,,,,,,,,,,,,-557.805,212.1,813.319,-526.224,261.804,827.68,-548.196,217.592,774.928,-517.26,266.462,788.995,-486.456,389.634,1617.67,-587.722,347.246,1606.74,-484.717,509.611,1629.03,-583.541,554.799,1622.23
1979,0,99.9041,810.442,1381.69,124.27,729.069,1339.4,150.03,647.826,1296.58,159.417,621.188,1281.64,,,,,,,,,,,,,-557.994,212.109,813.317,-526.34,262.034,827.63,-548.328,217.565,774.957,-517.391,266.42,789.056,-486.724,389.256,1617.51,-588.076,347.125,1606.6,-484.755,509.207,1628.92,-583.56,554.6,1622.22
1980,0,96.268,809.654,1384.3,121.292,727.595,1343.63,147.666,645.47,1302.64,157.057,618.682,1288.29,,,,,,,,,,,,,-558.206,212.136,813.299,-526.576,261.843,827.752,-548.501,217.494,774.978,-517.557,266.358,789.143,-487.006,388.837,1617.36,-588.858,346.966,1606.43,-484.922,508.786,1628.77,-583.576,554.394,1622.18
1981,0,92.5614,808.659,1386.98,118.16,725.795,1348.33,144.932,642.966,1309.3,154.372,615.961,1295.71,,,,,,,,,,,,,-558.417,212.193,813.257,-526.726,261.831,827.738,-549.194,216.11,775.236,-517.723,266.3,789.247,-487.398,388.384,1617.18,-588.928,346.741,1606.35,-485.071,508.336,1628.61,-583.585,554.165,1622.16
1982,0,88.7891,807.506,1390.01,114.867,723.833,1353.5,142.12,640.122,1316.59,151.996,612.646,1303.71,,,,,,,,,,,,,-558.642,212.193,813.266,-526.928,261.827,827.737,-549.508,215.579,775.237,-517.923,266.245,789.353,-487.783,387.911,1617.05,-589.793,346.513,1606.31,-485.099,507.89,1628.53,-583.596,553.932,1622.11
1983,0,84.7951,806.077,1393.01,111.732,721.657,1359.07,139.164,637.051,1324.64,148.877,609.425,1312.67,,,,,,,,,,,,,-558.888,212.205,813.292,-527.09,261.829,827.753,-549.528,216.597,775.206,-518.12,266.263,789.363,-488.171,387.464,1616.9,-590.243,346.242,1606.24,-485.203,507.396,1628.41,-583.529,553.65,1622
1984,0,81.0862,804.716,1396.54,108.045,719.349,1365.11,135.965,633.853,1333.37,146.118,605.776,1322.23,,,,,,,,,,,,,-559.155,212.205,813.292,-527.332,261.807,827.877,-549.755,216.871,775.241,-518.321,266.273,789.412,-488.678,386.888,1616.75,-590.832,346.008,1606.27,-485.382,506.878,1628.31,-583.499,553.384,1621.96
1985,0,76.8808,803.288,1400.17,104.341,716.986,1371.51,132.464,630.534,1342.56,142.786,602.165,1332.41,,,,,,,,,,,,,-559.418,212.224,813.298,-527.61,261.821,827.94,-550.005,216.979,775.232,-518.548,266.311,789.511,-489.202,386.354,1616.65,-591.542,345.711,1606.23,-485.558,506.338,1628.21,-583.51,553.062,1621.95
1986,0,72.8288,801.555,1403.87,100.544,714.601,1378.1,128.725,627.16,1352.2,138.889,598.528,1343.1,,,,,,,,,,,,,-559.725,212.222,813.377,-527.969,261.839,828.123,-550.376,216.842,775.288,-518.781,266.265,789.617,-489.783,385.733,1616.53,-591.833,345.421,1606.11,-485.751,505.643,1628.18,-583.534,552.756,1621.97
1987,0,68.3467,799.841,1407.86,96.2615,712.061,1385.03,124.498,623.652,1362.15,134.713,594.817,1354.15,,,,,,,,,,,,,-560.081,212.211,813.418,-528.331,261.691,828.186,-550.364,217.684,775.252,-519.072,266.213,789.734,-490.331,385.003,1616.42,-592.754,345.077,1606.12,-485.762,504.912,1628.07,-583.511,552.398,1621.99
1988,0,63.9126,798.008,1411.64,91.6392,709.395,1392.1,120.095,620.198,1372.41,130.045,590.97,1365.54,,,,,,,,,,,,,-560.445,212.177,813.536,-528.653,261.692,828.226,-550.745,217.455,775.478,-519.38,265.946,790.011,-490.988,384.332,1616.18,-593.311,344.721,1606.09,-485.825,504.16,1627.94,-583.441,552.033,1621.97
1989,0,59.3056,795.951,1415.79,86.78,706.633,1399.37,114.947,616.688,1382.82,124.954,587.122,1377.16,,,,,,,,,,,,,-560.871,212.205,813.585,-528.995,261.585,828.441,-551.08,217.46,775.58,-519.736,266.076,789.922,-491.466,383.459,1616.13,-594.101,344.457,1605.99,-485.996,503.408,1627.83,-583.318,551.622,1621.87
1990,0,54.5123,793.852,1419.77,81.5697,703.872,1406.63,109.242,613.23,1393.48,119.366,583.38,1388.96,,,,,,,,,,,,,-561.289,212.236,813.704,-529.284,261.707,828.515,-551.669,216.687,775.723,-520.073,266.079,789.932,-491.867,382.458,1616.18,-594.919,344.119,1605.99,-486.08,502.512,1627.68,-583.292,551.277,1621.91
1991,0,49.8871,791.569,1423.59,76.0011,701.077,1414.03,103.174,609.734,1404.19,113.138,579.735,1401.09,,,,,,,,,,,,,-561.713,212.195,813.777,-529.656,261.631,828.461,-551.955,216.773,775.737,-520.321,266.019,790.122,-492.569,381.563,1616.06,-596.179,343.832,1605.68,-486.181,501.595,1627.58,-583.201,550.786,1621.92
1992,0,44.8166,789.198,1427.58,70.3998,698.275,1421.26,96.764,606.445,1414.78,106.593,576.23,1412.83,,,,,,,,,,,,,-562.182,211.64,814.146,-530.013,261.59,828.544,-552.305,216.72,775.766,-520.627,265.977,790.2,-493.552,380.876,1615.76,-597.156,343.33,1605.83,-486.4,500.744,1627.49,-583.094,550.273,1621.89
1993,0,39.7493,786.791,1431.36,64.5811,695.473,1428.36,90.0385,603.204,1425.15,99.5143,572.723,1424.59,,,,,,,,,,,,,-562.468,212.274,813.873,-530.376,261.606,828.513,-552.676,216.712,775.853,-520.946,265.823,790.307,-494.214,379.769,1615.67,-598.103,342.945,1605.72,-486.648,499.747,1627.36,-582.899,549.825,1621.82
1994,0,34.632,784.33,1434.83,58.5441,692.637,1435.27,83.0839,600.042,1435.37,92.5278,569.494,1435.64,,,,,,,,,,,,,-562.875,212.248,813.966,-530.729,261.528,828.625,-553.081,216.599,776.005,-521.25,265.649,790.466,-495.044,378.806,1615.47,-598.644,342.548,1605.7,-486.491,498.581,1627.25,-582.713,549.375,1621.75
1995,0,29.701,781.521,1438.44,52.4194,689.735,1442.07,75.9151,596.899,1445.36,84.8231,566.377,1446.69,,,,,,,,,,,,,-563.274,212.2,814.014,-531.104,261.466,828.716,-553.592,216.247,776.207,-521.605,265.484,790.567,-495.793,377.813,1615.25,-600,342.08,1605.54,-486.549,497.542,1627.02,-582.449,548.799,1621.66
1996,0,24.3676,778.841,1442.06,46.1827,686.805,1448.68,68.5274,593.83,1455.18,77.1521,563.276,1457.5,,,,,,,,,,,,,-563.699,212.14,814.202,-531.498,261.255,828.915,-554.635,214.159,777.303,-521.998,265.497,790.57,-496.597,376.713,1614.99,-600.719,341.643,1605.57,-486.734,496.344,1626.78,-582.205,548.239,1621.57
1997,0,19.3976,775.758,1445.46,39.8351,683.768,1455.29,60.9444,590.83,1464.75,69.1848,560.272,1468.17,,,,,,,,,,,,,-564.185,212.097,814.364,-531.867,261.145,829.061,-554.618,215.754,776.594,-522.344,265.477,790.763,-497.456,375.517,1614.77,-602.085,341.206,1605.51,-486.753,495.242,1626.56,-581.918,547.71,1621.48
1998,0,14.2623,772.82,1448.73,33.4297,680.609,1461.71,53.301,587.785,1474.38,60.9603,557.271,1478.73,,,,,,,,,,,,,-564.635,212.086,814.461,-532.548,260.324,829.538,-555.099,215.452,776.762,-522.731,265.342,790.902,-498.353,374.429,1614.51,-603.289,340.681,1605.39,-486.684,494.015,1626.17,-581.664,547.126,1621.23
1999,0,9.03573,769.312,1451.92,26.9165,677.356,1468.08,45.3896,584.693,1483.84,52.708,554.233,1489.17,,,,,,,,,,,,,-565.084,212.068,814.542,-532.791,260.638,829.557,-555.528,215.193,776.872,-523.057,265.278,791.044,-499.275,373.237,1614.1,-604.119,340.072,1605.09,-486.766,492.686,1625.82,-581.315,546.455,1621.17
2000,0,3.94923,765.559,1455.19,20.3658,673.897,1474.27,37.3384,581.541,1493.14,44.2337,551.143,1499.45,,,,,,,,,,,,,-565.646,211.4,814.979,-533.127,260.517,829.657,-555.988,214.957,777.072,-523.36,265.255,791.111,-500.074,371.955,1613.71,-605.661,339.56,1604.95,-486.831,491.365,1625.51,-580.89,545.802,1620.97
2001,0,-1.19962,761.503,1458.28,13.7566,670.32,1480.33,29.2766,578.36,1502.04,35.586,548.085,1509.34,,,,,,,,,,,,,-566.005,211.816,814.832,-533.432,260.495,829.846,-556.437,214.768,777.224,-523.69,265.174,791.277,-501.003,370.679,1613.28,-606.693,339.127,1604.82,-486.884,489.942,1625.14,-580.551,545.17,1620.82
2002,0,-6.18213,757.189,1461.44,7.17315,666.553,1486.11,21.1605,574.978,1510.45,26.9818,544.83,1518.92,,,,,,,,,,,,,-566.425,211.833,814.978,-533.834,260.399,829.97,-556.58,215.233,777.133,-524.037,265.102,791.343,-501.979,369.372,1612.85,-607.805,338.582,1604.79,-486.7,488.452,1624.65,-580.111,544.436,1620.62
2003,0,-11.2838,752.831,1464.31,0.508214,662.697,1491.62,12.8259,571.608,1518.65,17.8828,541.863,1527.97,,,,,,,,,,,,,-566.883,211.772,815.055,-534.236,260.243,830.123,-557.087,214.903,777.248,-524.399,264.934,791.498,-502.876,367.961,1612.44,-609.101,337.953,1604.37,-486.818,487.051,1624.21,-579.707,543.692,1620.42
2004,0,-16.4234,748.223,1467.04,-6.236,658.722,1496.87,4.39672,568.175,1526.42,9.11043,538.582,1536.59,,,,,,,,,,,,,-567.327,211.739,815.153,-534.803,259.717,830.434,-557.524,214.884,777.438,-524.716,264.705,791.692,-503.851,366.637,1611.9,-609.891,337.473,1604.36,-486.709,485.431,1623.67,-579.328,542.967,1620.23
2005,0,-21.5232,743.447,1469.73,-13.0421,654.633,1501.86,-4.01539,564.726,1533.63,-0.251544,535.447,1544.61,,,,,,,,,,,,,-567.775,211.716,815.244,-535.118,260.112,830.295,-557.996,214.778,777.566,-525,264.485,791.959,-504.789,365.165,1611.25,-611.127,336.935,1604.1,-486.686,483.883,1623,-578.784,542.136,1619.95
2006,0,-26.5227,738.476,1472.17,-19.8596,650.329,1506.35,-12.6764,561.039,1540.31,-9.44552,531.964,1552.04,,,,,,,,,,,,,-568.304,211.646,815.437,-535.566,260.1,830.472,-558.505,214.537,777.774,-525.348,264.288,792.202,-505.786,363.766,1610.64,-612.718,336.44,1603.78,-486.687,482.354,1622.43,-578.243,541.305,1619.61
2007,0,-31.5587,733.314,1474.39,-26.5855,645.778,1510.42,-21.2564,557.123,1546.22,-18.1953,528.169,1558.79,,,,,,,,,,,,,-568.826,211.703,815.553,-536.003,259.907,830.707,-559.038,214.171,778.011,-525.702,264.144,792.452,-506.802,362.249,1609.99,-613.579,335.822,1603.5,-486.539,480.691,1621.65,-577.697,540.515,1619.25
2008,0,-36.6656,727.849,1476.17,-33.3125,640.871,1513.87,-29.5322,552.876,1551.38,-27.312,524.279,1564.6,,,,,,,,,,,,,-569.369,211.68,815.664,-536.384,259.802,830.896,-559.191,214.814,778.014,-525.366,264.618,793.069,-507.833,360.811,1609.24,-615.435,335.169,1603.03,-486.471,479.056,1620.92,-577.155,539.58,1618.89
2009,0,-41.663,722.15,1477.92,-39.8769,635.766,1516.93,-37.8619,548.253,1555.75,-36.1434,519.862,1569.48,,,,,,,,,,,,,-569.861,211.705,815.834,-536.823,259.78,831.119,-559.689,214.664,778.029,-525.782,264.429,793.245,-508.781,359.192,1608.54,-616.54,334.662,1602.69,-486.432,477.317,1620.09,-576.564,538.646,1618.51
2010,0,-46.5624,716.253,1479.41,-46.4283,630.328,1519.54,-45.9981,543.344,1559.47,-44.5238,514.844,1573.56,,,,,,,,,,,,,-570.34,211.755,815.903,-537.247,259.728,831.311,-560.214,214.36,778.364,-526.194,264.413,793.415,-509.841,357.766,1607.59,-617.746,334.077,1602.3,-486.341,475.689,1619.27,-575.837,537.626,1618.06
2011,0,-51.417,710.096,1480.61,-52.8287,624.574,1521.64,-53.9388,538.051,1562.45,-53.2414,509.736,1576.88,,,,,,,,,,,,,-570.891,211.664,815.936,-537.68,259.625,831.43,-559.977,216.219,778.114,-526.628,264.391,793.484,-510.955,356.329,1606.63,-618.64,333.509,1601.92,-486.237,473.859,1618.28,-575.222,536.572,1617.59
2012,0,-55.912,703.569,1481.55,-59.1194,618.528,1523.38,-61.7654,532.37,1565.04,-61.6471,504.133,1579.6,,,,,,,,,,,,,-571.479,211.628,816.056,-538.139,259.535,831.682,-560.445,216.205,778.182,-527.039,264.331,793.759,-511.89,354.704,1605.66,-619.927,332.905,1601.48,-486.158,472.122,1617.32,-574.578,535.578,1617.01
2013,0,-60.9972,696.92,1482.57,-65.3742,612.118,1524.95,-69.5494,526.396,1567.24,-69.8423,498.059,1581.88,,,,,,,,,,,,,-572.102,211.555,816.286,-538.579,259.428,831.818,-561.32,215.477,778.458,-527.423,264.203,793.915,-512.889,353.182,1604.62,-621.205,332.324,1601.04,-486.014,470.299,1616.17,-573.78,534.222,1616.37
2014,0,-65.8539,689.826,1483.28,-71.726,605.441,1526.21,-77.0463,519.969,1569.11,-78.4149,491.841,1583.75,,,,,,,,,,,,,-572.773,211.57,816.45,-539.083,259.337,832.007,-561.784,215.764,778.573,-527.79,264.085,794.033,-513.942,351.586,1603.54,-622.83,331.899,1600.46,-486.019,468.58,1615.11,-573.136,533.236,1615.8
2015,0,-70.688,682.536,1483.9,-77.8024,598.438,1527.16,-84.5959,513.376,1570.55,-86.4899,485.155,1585.41,,,,,,,,,,,,,-573.427,211.798,816.461,-539.674,259.124,832.059,-562.491,215.271,778.896,-528.185,263.975,794.097,-515.079,350.096,1602.42,-624.093,331.265,1600.06,-485.89,466.715,1613.9,-572.463,532.088,1615.2
2016,0,-75.462,675.088,1484.34,-84.0502,591.3,1528.01,-92.3308,506.619,1571.73,-94.5111,478.502,1586.59,,,,,,,,,,,,,-574.119,211.699,816.6,-540.117,259.156,832.152,-563.08,215.398,778.94,-528.63,263.861,794.15,-516.221,348.494,1601.3,-624.906,330.621,1599.58,-485.91,464.903,1612.69,-571.833,531.115,1614.55
2017,0,-80.273,667.463,1484.69,-90.2416,584.029,1528.58,-99.9002,499.659,1572.66,-102.157,471.425,1587.41,,,,,,,,,,,,,-574.8,211.713,816.677,-540.639,259.138,832.369,-563.305,216.341,778.873,-529.195,263.667,794.478,-517.3,346.873,1600.06,-626.237,329.992,1598.96,-485.705,462.914,1611.45,-571.04,529.908,1613.81
2018,0,-85.0857,659.825,1484.84,-96.4177,576.574,1528.97,-107.403,492.579,1573.29,-110.529,464.383,1588.21,,,,,,,,,,,,,-575.801,211.029,817.273,-541.368,258.992,832.609,-564.472,215.375,779.087,-529.796,263.6,794.745,-518.428,345.381,1598.82,-627.839,329.428,1598.41,-485.72,461.051,1610.23,-570.355,528.847,1613.04
2019,0,-89.5831,651.932,1484.81,-102.681,569.038,1529.2,-114.99,485.347,1573.66,-118.622,457.189,1588.74,,,,,,,,,,,,,-576.591,211.813,817.021,-542.02,259.098,832.621,-565.439,215.269,779.322,-530.539,263.457,794.872,-519.423,343.705,1597.53,-628.815,328.79,1597.9,-485.542,459.114,1608.8,-569.608,527.713,1612.36
2020,0,-94.5735,644.037,1484.82,-108.757,561.396,1529.19,-122.433,477.988,1573.86,-126.541,449.85,1588.72,,,,,,,,,,,,,-577.502,211.944,816.933,-542.756,259.172,832.647,-566.338,215.671,779.211,-531.263,263.478,794.76,-520.601,342.059,1596.25,-630.021,328.153,1597.3,-485.461,457.199,1607.47,-568.931,526.611,1611.62
2021,0,-99.2632,635.896,1484.62,-114.891,553.556,1529.06,-129.889,470.533,1573.78,-134.737,442.412,1588.93,,,,,,,,,,,,,-578.396,211.989,816.868,-543.63,259.177,832.664,-567.055,215.727,779.187,-531.952,263.334,794.983,-521.764,340.424,1594.93,-631.326,327.634,1596.73,-485.493,455.251,1606,-568.193,525.398,1610.66
2022,0,-103.633,627.569,1484.27,-121.281,545.424,1528.84,-137.288,462.802,1573.64,-142.895,434.867,1588.54,,,,,,,,,,,,,-579.415,211.961,817.039,-544.446,259.188,832.698,-567.975,215.696,779.281,-532.794,263.355,795.042,-523.021,338.95,1593.58,-632.595,327.09,1596.09,-485.319,453.292,1604.46,-567.461,524.218,1609.88
2023,0,-108.694,619.267,1483.95,-126.998,537.346,1528.47,-144.702,454.905,1573.24,-150.529,426.845,1588.18,,,,,,,,,,,,,-580.425,212.303,817.062,-545.47,259.199,832.768,-569,215.76,779.411,-533.666,263.468,795.086,-524.171,337.248,1592.12,-633.901,326.643,1595.42,-485.466,451.363,1602.99,-566.789,523.006,1609.07
2024,0,-113.537,610.57,1483.52,-133.036,528.968,1527.91,-151.994,446.831,1572.55,-158.603,418.753,1587.6,,,,,,,,,,,,,-581.408,212.457,817.047,-546.368,259.494,832.699,-570.021,215.841,779.5,-534.674,263.336,795.089,-525.314,335.793,1590.61,-635.174,326.114,1594.81,-485.324,449.365,1601.47,-566.095,521.877,1608.19
2025,0,-118.276,601.778,1482.82,-139.283,520.361,1527.14,-159.194,438.373,1571.75,-166.436,410.418,1586.62,,,,,,,,,,,,,-582.504,212.556,817.027,-547.53,259.413,832.719,-571.066,215.781,779.459,-535.607,263.378,795.221,-526.507,334.156,1589.2,-636.456,325.566,1594.18,-485.385,447.424,1599.91,-565.188,520.334,1607.25
2026,0,-123.459,592.805,1482.17,-145.484,511.548,1526.22,-166.549,429.697,1570.61,-174.292,401.995,1585.26,,,,,,,,,,,,,-583.849,212.722,817.038,-548.554,259.4,832.753,-572.326,215.751,779.553,-536.638,263.43,795.146,-527.667,332.552,1587.95,-637.994,325.117,1593.52,-485.44,445.511,1598.26,-564.462,519.173,1606.35
2027,0,-127.993,583.586,1481.17,-151.655,502.677,1525.05,-173.838,420.936,1569.18,-182.189,393.287,1583.72,,,,,,,,,,,,,-585.064,212.961,816.935,-549.671,259.504,832.585,-573.596,215.858,779.572,-537.659,263.599,795.029,-529.215,330.913,1586.16,-639.019,324.577,1592.85,-485.468,443.404,1596.65,-563.813,518.048,1605.42
2028,0,-133.195,574.453,1479.88,-157.843,493.72,1523.75,-181.459,412.2,1567.32,-189.599,384.302,1581.95,,,,,,,,,,,,,-586.56,212.317,817.268,-550.962,259.517,832.62,-574.38,217.393,779.157,-538.85,263.653,794.959,-530.546,329.31,1584.65,-640.354,324.081,1592.26,-485.713,441.43,1595.01,-563.069,516.741,1604.41
2029,0,-138.317,565.156,1478.74,-163.825,484.708,1522.16,-189.22,403.449,1565.47,-198.1,375.722,1579.94,,,,,,,,,,,,,-588.088,212.713,817.169,-552.074,259.582,832.628,-576.136,216.62,779.186,-539.949,263.451,795.015,-531.879,327.794,1583.23,-641.602,323.665,1591.59,-485.7,439.343,1593.32,-562.392,515.581,1603.46
2030,0,-143.037,555.815,1477.39,-170.098,475.621,1520.53,-196.498,394.375,1563.41,-206.321,366.9,1577.85,,,,,,,,,,,,,-589.422,212.953,816.914,-553.384,259.592,832.606,-577.134,218.176,778.86,-541.203,263.619,794.913,-533.108,326.116,1581.82,-642.977,323.141,1590.98,-486.278,437.216,1591.56,-561.616,514.009,1602.34
2031,0,-147.94,546.424,1475.62,-176.298,466.5,1518.51,-204.25,385.588,1560.88,-214.226,357.989,1575.04,,,,,,,,,,,,,-590.87,213.86,816.536,-554.715,259.776,832.549,-578.93,217.154,778.909,-542.481,263.684,794.891,-534.503,324.605,1580.41,-644.314,322.759,1590.32,-486.114,435.113,1590.06,-560.986,512.966,1601.36
2032,0,-152.779,537.037,1473.66,-182.115,457.229,1516.24,-211.974,376.642,1558.04,-222.1,348.955,1571.91,,,,,,,,,,,,,-592.571,213.059,817.031,-555.975,259.989,832.523,-580.406,217.398,778.91,-543.708,263.597,794.937,-535.92,323.009,1578.91,-645.674,322.303,1589.68,-486.547,432.888,1588.38,-560.183,511.592,1600.34
2033,0,-157.549,527.802,1471.59,-188.711,448.151,1512.95,-219.55,367.638,1554.72,-229.061,339.793,1567.91,,,,,,,,,,,,,-594.107,213.108,817.059,-557.374,259.96,832.525,-581.767,217.859,778.747,-544.979,263.66,794.946,-537.365,321.459,1577.47,-646.984,321.901,1588.98,-486.599,430.879,1586.89,-559.529,510.204,1599.37
2034,0,-162.146,518.21,1469.29,-194.61,438.777,1509.84,-226.97,358.538,1550.93,-237.525,330.952,1564.17,,,,,,,,,,,,,-595.595,213.746,816.796,-558.73,259.965,832.46,-583.289,217.617,778.826,-546.433,263.596,794.981,-538.802,319.86,1576.06,-648.309,321.545,1588.29,-486.801,428.772,1585.24,-558.627,508.734,1598.6
2035,0,-166.686,508.595,1466.65,-200.512,429.42,1506.52,-234.464,349.437,1547.01,-245.234,321.808,1559.91,,,,,,,,,,,,,-597.099,214.002,816.642,-560.129,259.952,832.596,-584.767,218.26,778.605,-547.557,263.712,795.01,-540.308,318.391,1574.64,-649.713,321.148,1587.61,-487.163,426.72,1583.46,-557.829,507.411,1597.56
2036,0,-171.138,498.904,1463.73,-206.285,420.044,1503.05,-241.207,340.226,1542.92,-252.537,312.671,1555.41,,,,,,,,,,,,,-598.719,214.11,816.671,-561.374,260.081,832.489,-586.138,218.381,778.513,-548.847,263.616,795.01,-541.798,316.82,1573.17,-651.079,320.841,1586.91,-487.354,424.551,1581.78,-557.161,506.271,1596.38
2037,0,-175.564,489.241,1460.82,-211.929,410.45,1499.28,-247.915,330.876,1538.43,-259.958,303.544,1550.52,,,,,,,,,,,,,-600.008,215.427,815.994,-562.763,260.03,832.433,-587.743,218.04,778.776,-550.143,263.555,795.079,-543.3,315.318,1571.68,-652.512,320.614,1586.2,-487.653,422.439,1580.23,-556.459,504.867,1595.22
2038,0,-179.939,479.538,1457.61,-217.09,400.71,1495.52,-254.487,321.352,1533.72,-266.827,294.073,1545.48,,,,,,,,,,,,,-601.757,214.263,816.698,-564.027,260.027,832.52,-589.069,218.858,778.471,-551.288,263.438,795.17,-544.811,313.874,1570.16,-653.861,320.312,1585.53,-488.142,420.179,1578.8,-555.867,503.584,1594.12
2039,0,-184.124,469.564,1454.64,-222.448,390.936,1491.38,-260.603,311.475,1528.53,-273.43,284.284,1540.32,,,,,,,,,,,,,-603.074,215.84,815.901,-565.351,259.799,832.796,-591.111,216.455,778.992,-552.556,263.284,795.331,-546.359,312.376,1568.76,-655.275,320.049,1584.9,-488.628,418.137,1577.06,-555.13,502.282,1593.04
2040,0,-188.576,459.77,1450.83,-227.745,381.116,1486.68,-266.963,301.543,1522.85,-279.611,274.299,1534.57,,,,,,,,,,,,,-604.487,215.972,815.877,-566.624,259.843,832.813,-592.173,218.202,778.687,-553.601,263.226,795.339,-547.933,310.952,1567.25,-656.551,319.625,1584.22,-488.851,416.085,1575.29,-554.365,500.751,1591.94
2041,0,-192.475,449.584,1447.41,-232.753,371.155,1482.01,-272.464,291.297,1517.09,-285.683,264.11,1528.51,,,,,,,,,,,,,-606.182,215.262,816.396,-567.851,259.756,832.889,-593.457,218.38,778.635,-554.789,263.103,795.536,-549.441,309.633,1565.71,-657.842,319.378,1583.56,-489.449,414.323,1573.28,-553.704,499.434,1590.72
2042,0,-196.879,439.736,1443.09,-237.66,361.076,1476.95,-278.441,281.248,1510.99,-291.963,254.134,1522.06,,,,,,,,,,,,,-607.501,216.321,815.868,-568.95,259.686,832.9,-595.27,216.827,778.879,-555.819,262.804,795.724,-551.04,308.329,1564.3,-659.132,319.174,1582.93,-489.679,412.177,1571.63,-553.095,498.109,1589.52
2043,0,-201.138,429.873,1439.08,-242.593,351.043,1471.45,-283.961,271,1504.47,-298.017,244.122,1515.62,,,,,,,,,,,,,-608.469,216.605,816.163,-570.135,259.598,832.966,-595.468,220.669,778.544,-556.832,262.719,795.837,-552.55,307.018,1562.85,-660.411,319.022,1582.32,-490.349,410.248,1569.91,-552.505,496.982,1588.26
2044,0,-204.744,419.513,1434.94,-247.302,340.915,1465.92,-289.373,260.897,1497.86,-303.236,233.554,1508.22,,,,,,,,,,,,,-609.76,216.902,816.237,-571.262,259.471,833.221,-596.59,220.838,778.543,-558.006,262.627,796.062,-554.061,305.836,1561.33,-661.74,318.909,1581.64,-490.691,408.371,1568.1,-551.881,495.526,1587.05
2045,0,-208.717,409.66,1430.45,-251.97,330.849,1460.36,-294.785,250.616,1490.93,-309.116,223.414,1500.98,,,,,,,,,,,,,-611.059,217.086,816.26,-572.327,259.356,833.311,-597.721,220.738,778.638,-559.024,262.543,796.179,-555.615,304.561,1560,-662.942,318.721,1581.1,-491.241,406.599,1566.33,-551.38,494.294,1585.8
2046,0,-213.126,399.852,1425.49,-256.578,320.815,1454.58,-299.87,240.483,1483.83,-314.4,213.12,1493.56,,,,,,,,,,,,,-612.2,217.087,816.25,-573.383,259.448,833.485,-598.882,220.862,778.812,-559.808,262.446,796.182,-557.121,303.325,1558.72,-664.204,318.655,1580.52,-491.672,404.728,1564.5,-550.87,493.165,1584.66
2047,0,-216.862,389.866,1420.52,-261.011,310.657,1448.75,-305.377,230.416,1476.35,-319.928,203.034,1485.84,,,,,,,,,,,,,-613.705,215.605,817.018,-574.277,259.579,833.523,-599.931,221.203,778.813,-560.724,262.326,796.412,-558.602,302.253,1557.35,-665.333,318.458,1579.93,-492.272,402.968,1563.04,-550.363,491.948,1583.31
2048,0,-221.023,380.021,1415.66,-265.561,300.609,1442.51,-310.447,220.414,1468.94,-325.261,192.949,1477.87,,,,,,,,,,,,,-614.562,217.517,816.434,-575.319,259.493,833.798,-600.85,221.179,778.875,-561.654,262.271,796.7,-560.077,301.183,1556.03,-666.574,318.429,1579.4,-493.167,401.54,1560.72,-549.988,490.849,1582.04
2049,0,-225.011,370.125,1410.37,-269.694,290.551,1435.8,-315.488,210.265,1461.23,-330.694,182.997,1469.44,,,,,,,,,,,,,-615.454,217.55,816.479,-576.214,259.376,833.957,-601.861,221.15,779.036,-562.617,262.392,796.817,-561.514,300.128,1554.81,-667.733,318.335,1578.95,-493.609,399.805,1559.13,-549.58,489.744,1580.92
2050,0,-229.024,360.293,1404.8,-274.629,280.722,1428.79,-320.652,200.171,1452.97,-336.058,172.902,1460.63,,,,,,,,,,,,,-616.506,217.637,816.648,-577.172,259.493,834.024,-602.851,221.485,779.148,-563.332,262.366,796.89,-562.943,299.168,1553.59,-668.791,318.284,1578.4,-493.941,398.428,1557.05,-549.124,488.606,1579.67
2051,0,-232.93,350.472,1398.96,-279.274,270.883,1421.53,-325.748,190.193,1444.19,-341.17,163.026,1451.18,,,,,,,,,,,,,-617.607,218.007,816.729,-578.117,259.41,834.223,-603.77,221.688,779.14,-564.177,262.286,797.098,-564.36,298.255,1552.37,-669.865,318.207,1577.93,-494.954,396.578,1556.14,-548.873,487.574,1578.28
2052,0,-236.483,340.588,1392.85,-283.697,260.95,1413.92,-331.055,180.27,1434.51,-346.441,153.038,1441.34,,,,,,,,,,,,,-618.488,218.064,816.743,-578.943,259.553,834.29,-604.656,221.57,779.3,-564.973,262.231,797.303,-565.732,297.339,1551.13,-670.992,318.177,1577.51,-495.074,395.537,1553.64,-548.515,486.536,1577.11
2053,0,-240.705,331.092,1386.47,-288.204,251.296,1406.02,-335.526,170.373,1425.37,-351.36,143.242,1431.17,,,,,,,,,,,,,-619.337,218.097,816.658,-579.8,259.63,834.385,-605.573,221.571,779.432,-565.727,262.285,797.32,-567.114,296.465,1550.04,-672.05,318.173,1577.01,-495.895,393.994,1552.2,-548.225,485.474,1575.99
2054,0,-244.132,321.344,1379.78,-292.404,241.546,1397.84,-340.563,160.673,1415.37,-356.321,133.608,1420.67,,,,,,,,,,,,,-620.357,218.124,816.868,-580.566,259.644,834.411,-606.505,221.912,779.428,-566.656,262.328,797.399,-568.549,295.63,1548.95,-673.073,318.173,1576.65,-496.4,392.784,1550.51,-548.003,484.57,1574.73
2055,0,-247.925,311.92,1373.49,-296.5,231.973,1389.64,-345.439,150.679,1405.49,-360.971,123.66,1410.33,,,,,,,,,,,,,-621.422,218.509,816.779,-581.417,259.487,834.656,-607.41,222,779.44,-567.318,262.096,797.575,-569.98,294.822,1547.85,-674.173,318.235,1576.32,-497.266,391.118,1549.34,-547.8,483.66,1573.55
2056,0,-251.582,302.441,1366.53,-300.392,222.307,1381.33,-349.581,141.137,1395.44,-365.444,114.117,1399.86,,,,,,,,,,,,,-622.201,218.541,816.823,-582.27,259.434,834.807,-608.199,222.062,779.504,-568.099,262.074,797.764,-571.282,294.174,1546.79,-675.224,318.239,1575.98,-497.716,390.056,1547.48,-547.539,482.696,1572.43
2057,0,-255.08,292.909,1359.65,-304.19,212.736,1372.93,-353.612,131.54,1385.46,-369.631,104.468,1389.24,,,,,,,,,,,,,-623.068,218.556,816.709,-583.108,259.521,834.847,-609.083,221.989,779.517,-568.928,262.2,797.81,-572.765,293.371,1545.97,-676.272,318.253,1575.68,-498.68,388.735,1546.38,-547.35,481.822,1571.29
2058,0,-258.568,283.363,1352.59,-307.869,203.182,1363.92,-357.681,121.863,1374.93,-373.624,94.6973,1378.44,,,,,,,,,,,,,-624.353,216.921,817.454,-583.927,259.521,834.84,-610.002,221.58,779.546,-569.669,262.154,797.895,-574.123,292.74,1545.2,-677.311,318.334,1575.36,-499.154,387.56,1544.9,-547.321,481.032,1570.22
2059,0,-262.14,273.853,1345.36,-311.642,193.587,1355.05,-361.531,112.061,1364.48,-377.61,85.141,1367.25,,,,,,,,,,,,,-625.106,218.942,816.822,-584.733,259.506,834.872,-610.929,222.182,779.514,-570.517,262.151,798.038,-575.534,292.036,1544.51,-678.211,318.4,1575.17,-499.754,386.332,1543.69,-547.073,480.188,1569.17
2060,0,-265.799,264.507,1337.97,-315.341,184.093,1345.82,-365.075,102.587,1353.27,-381.192,75.4732,1355.3,,,,,,,,,,,,,-625.874,218.926,816.802,-585.551,259.423,834.947,-611.807,222.091,779.498,-571.159,262.063,798.033,-576.859,291.387,1543.81,-679.314,318.422,1575,-500.465,385.24,1542.45,-547.035,479.344,1568.24
2061,0,-269.423,255.39,1330.44,-319.208,174.929,1336.46,-368.857,93.1948,1341.94,-385.113,66.1725,1343.34,,,,,,,,,,,,,-626.786,218.987,816.734,-586.371,259.358,834.877,-612.644,221.992,779.551,-572.05,261.919,798.179,-578.146,290.724,1543.1,-680.362,318.474,1574.87,-501.166,384.093,1541.21,-547.032,478.595,1567.19
2062,0,-273.091,246.48,1322.96,-322.987,165.954,1327.01,-372.993,84.357,1330.53,-389.292,57.3274,1331.35,,,,,,,,,,,,,-628.115,217.384,817.386,-587.23,259.497,834.87,-613.659,221.857,779.675,-572.883,261.888,798.154,-579.724,289.933,1542.78,-681.283,318.573,1574.72,-501.998,383.089,1540.21,-546.95,477.847,1566.16
2063,0,-276.717,237.878,1315.3,-326.911,157.546,1317.51,-377.113,75.8681,1319.18,-393.576,48.966,1319.3,,,,,,,,,,,,,-629.148,217.629,817.338,-588.067,259.518,834.805,-614.6,222.098,779.586,-573.696,261.748,798.242,-580.789,289.241,1542.01,-682.256,318.696,1574.55,-502.987,381.831,1539.48,-546.867,477.098,1565.34
2064,0,-280.32,229.462,1307.86,-330.775,149.59,1308.15,-381.528,67.9397,1308.11,-398.03,40.9737,1307.54,,,,,,,,,,,,,-629.69,219.352,816.719,-588.958,259.311,834.948,-615.508,222.2,779.544,-574.528,261.722,798.211,-582.088,288.825,1541.64,-683.136,318.758,1574.47,-503.462,380.929,1538.23,-546.816,476.269,1564.43
2065,0,-283.953,221.209,1300.5,-335.074,141.529,1299.11,-386.195,60.3974,1297.44,-402.978,33.4146,1296.61,,,,,,,,,,,,,-630.977,217.968,817.069,-589.836,259.207,834.976,-616.45,222.071,779.543,-575.2,261.754,798.226,-583.337,288.134,1541.05,-684.078,318.896,1574.39,-504.064,379.775,1537.29,-546.872,475.744,1563.5
2066,0,-287.558,213.094,1293.07,-339.167,133.485,1290.23,-390.773,53.0569,1287.07,-407.961,26.3444,1285.84,,,,,,,,,,,,,-631.72,219.713,816.491,-590.697,259.277,835.024,-617.442,221.95,779.595,-576.171,261.634,798.126,-584.643,287.7,1540.77,-685.031,319.055,1574.31,-504.824,378.708,1536.33,-546.936,475.059,1562.51
2067,0,-291.178,205.091,1285.66,-343.329,126.039,1281.46,-395.552,45.9462,1277,-412.649,19.2797,1275.21,,,,,,,,,,,,,-632.731,219.801,816.524,-591.608,259.415,834.782,-618.453,222.225,779.499,-576.945,261.712,798.061,-586.039,287.237,1540.26,-685.935,319.137,1574.26,-505.538,377.9,1535.35,-546.948,474.382,1561.71
2068,0,-294.998,197.264,1278.18,-347.52,118.572,1272.65,-400.217,38.8686,1266.89,-417.724,12.4626,1264.72,,,,,,,,,,,,,-633.994,218.295,816.934,-592.426,259.305,834.891,-619.379,222.373,779.391,-577.825,261.547,798.041,-587.114,287.04,1539.42,-686.862,319.264,1574.16,-506.31,376.868,1534.39,-546.991,473.676,1560.83
2069,0,-298.786,189.403,1270.49,-352.012,111.317,1263.69,-406.277,32.0138,1256.74,-422.607,5.30393,1253.94,,,,,,,,,,,,,-634.989,218.441,816.86,-593.308,259.326,834.851,-620.355,222.319,779.318,-578.754,261.375,798.183,-588.47,286.374,1539.19,-687.787,319.389,1574.13,-507.017,375.936,1533.47,-547.021,473.142,1559.96
2070,0,-302.758,181.806,1262.82,-356.385,104.115,1254.58,-411.387,25.4487,1246.09,-427.707,-1.01124,1242.7,,,,,,,,,,,,,-636.148,218.642,816.788,-594.21,259.282,834.926,-621.325,222.185,779.397,-579.582,261.246,798.209,-589.681,285.909,1538.75,-688.678,319.514,1574.02,-507.846,375.12,1532.58,-547.221,472.504,1559.06
2071,0,-306.764,174.481,1255.15,-360.965,97.3595,1245.44,-415.708,18.996,1235.39,-433.001,-7.11588,1231.78,,,,,,,,,,,,,-636.874,220.445,816.118,-595.195,259.466,834.801,-622.425,222.391,779.339,-580.462,261.229,798.176,-590.793,285.479,1538.24,-689.659,319.807,1573.79,-508.599,374.219,1531.73,-547.276,472.052,1558.42
2072,0,-310.772,167.37,1247.54,-365.627,90.9901,1236.39,-421.049,13.2717,1224.9,-438.397,-12.5079,1220.71,,,,,,,,,,,,,-637.817,220.762,816.019,-596.098,259.548,834.804,-623.352,222.684,779.219,-581.261,261.295,798.128,-591.858,284.977,1537.98,-690.477,319.798,1573.82,-509.377,373.342,1530.96,-547.346,471.163,1557.64
2073,0,-314.794,160.628,1240.06,-370.334,84.8468,1227.77,-426.507,7.90666,1215.03,-444.234,-17.6421,1210.5,,,,,,,,,,,,,-638.916,220.805,815.938,-596.997,259.413,834.872,-624.304,222.664,779.117,-582.244,261.353,798.13,-593.06,284.605,1537.57,-691.262,319.918,1573.73,-510.405,372.457,1530.44,-547.477,470.637,1556.96
2074,0,-318.833,154.109,1232.81,-375.304,79.1136,1219.57,-432.15,2.94393,1205.81,-450.152,-22.3028,1200.98,,,,,,,,,,,,,-640.281,219.325,816.492,-597.944,259.261,834.956,-625.308,222.709,779.153,-583.032,261.331,798.151,-594.239,284.29,1537.13,-692.127,319.999,1573.69,-511.005,371.832,1529.38,-547.722,470.263,1556.22
2075,0,-322.773,147.51,1225.74,-380.006,73.5304,1211.72,-437.909,-1.72476,1197.23,-456.161,-26.6296,1192.16,,,,,,,,,,,,,-641.373,219.586,816.37,-598.881,259.36,834.845,-626.315,222.841,779.145,-583.86,261.261,798.221,-595.51,284.051,1536.69,-692.953,320.099,1573.6,-511.728,371.04,1528.67,-547.86,469.564,1555.5
2076,0,-326.619,141.562,1218.72,-384.648,68.1615,1204.07,-443.499,-6.29065,1188.96,-461.973,-31.0597,1183.64,,,,,,,,,,,,,-642.328,219.74,816.327,-599.737,259.519,834.7,-627.301,222.944,779.136,-584.629,261.171,798.198,-596.572,283.681,1536.32,-693.834,320.185,1573.54,-512.455,370.126,1527.98,-548.023,468.975,1554.92
2077,0,-330.382,135.625,1211.81,-389.173,62.8156,1196.53,-448.764,-10.7995,1180.78,-467.467,-35.4162,1175.26,,,,,,,,,,,,,-643.329,220.011,816.222,-600.623,259.478,834.838,-628.24,223.085,779.082,-585.626,261.079,798.448,-597.72,283.279,1536.05,-694.626,320.247,1573.55,-513.231,369.466,1527.33,-548.17,468.214,1554.31
2078,0,-334.154,129.773,1204.91,-393.526,57.5788,1188.93,-453.859,-15.2608,1172.48,-472.775,-39.786,1166.79,,,,,,,,,,,,,-644.433,220.096,816.208,-601.507,259.378,834.847,-629.126,223.2,779.069,-586.508,261.011,798.519,-598.705,282.908,1535.72,-695.479,320.415,1573.38,-513.986,368.712,1526.67,-548.508,467.52,1553.69
2079,0,-338.031,124.043,1197.94,-397.866,52.4401,1181.16,-458.668,-19.938,1163.86,-477.659,-44.218,1157.94,,,,,,,,,,,,,-645.349,220.254,816.11,-602.428,259.355,835.012,-630.059,223.19,779.102,-587.192,260.956,798.55,-599.858,282.573,1535.45,-696.323,320.528,1573.3,-514.762,367.946,1526.06,-549.029,466.639,1552.93
2080,0,-341.842,118.408,1190.99,-402.106,47.4084,1173.23,-463.449,-24.2408,1155.03,-482.495,-48.3283,1148.64,,,,,,,,,,,,,-646.445,220.319,816.041,-603.282,259.383,834.91,-630.856,223.142,779.219,-587.952,260.91,798.561,-600.883,282.241,1535.11,-697.079,320.697,1573.18,-515.666,366.974,1525.73,-549.195,466.325,1552.19
2081,0,-345.658,113.113,1184.01,-406.48,42.6519,1165.47,-467.823,-28.4373,1145.72,-487.191,-52.1655,1139.15,,,,,,,,,,,,,-647.289,220.327,816.098,-604.154,259.347,835.063,-632.315,221.75,779.478,-588.689,260.799,798.598,-602.225,281.986,1534.85,-697.977,320.8,1573.13,-516.391,366.256,1525.13,-549.628,465.551,1551.65
2082,0,-349.322,107.881,1177,-410.651,38.1203,1157.11,-472.331,-32.2701,1136.44,-491.82,-55.9644,1129.51,,,,,,,,,,,,,-648.45,220.58,815.989,-604.958,259.131,835.128,-632.698,223.264,779.291,-589.528,260.703,798.68,-603.291,281.642,1534.4,-698.763,320.895,1573.06,-516.792,365.547,1524.26,-549.844,464.847,1551.15
2083,0,-352.983,102.816,1170.04,-414.588,33.7917,1148.93,-476.725,-35.9354,1127.18,-496.363,-59.2845,1119.92,,,,,,,,,,,,,-649.214,220.659,815.94,-605.756,258.955,835.313,-633.644,223.378,779.27,-590.307,260.644,798.726,-604.472,281.277,1534.23,-699.625,321.035,1572.99,-517.399,364.737,1523.71,-550.023,464.245,1550.57
2084,0,-356.456,97.9412,1163.07,-418.451,29.5729,1141.18,-480.825,-39.4729,1118.04,-500.709,-62.6112,1110.35,,,,,,,,,,,,,-650.163,220.706,815.89,-606.525,258.982,835.292,-634.44,223.405,779.246,-591.045,260.496,798.826,-605.513,280.972,1533.82,-700.423,321.124,1572.88,-517.978,363.847,1523.09,-550.141,463.758,1549.96
2085,0,-359.716,93.13,1156.11,-422.016,25.3568,1132.89,-484.71,-43.0279,1108.92,-504.768,-65.9444,1100.88,,,,,,,,,,,,,-651.056,220.657,815.922,-607.31,258.997,835.268,-635.168,223.379,779.235,-591.706,260.259,798.852,-606.608,280.678,1533.58,-701.196,321.21,1572.78,-518.517,362.934,1522.69,-550.63,463.277,1549.24
2086,0,-362.865,88.4436,1149.03,-425.419,21.1582,1125.14,-488.417,-46.6419,1099.88,-508.301,-69.4395,1091.51,,,,,,,,,,,,,-651.99,220.796,815.907,-608.144,258.789,835.506,-636.026,223.528,779.212,-592.351,260.197,798.891,-607.754,280.368,1533.29,-702.05,321.321,1572.65,-519.931,362.552,1521.64,-550.987,462.82,1548.7
2087,0,-365.913,83.7587,1142.01,-428.479,16.761,1117.19,-491.513,-50.4867,1090.89,-511.514,-73.1666,1082.31,,,,,,,,,,,,,-652.797,221.08,815.714,-608.856,258.674,835.495,-637.17,222.25,779.416,-592.941,259.985,798.924,-608.768,280.082,1532.92,-702.878,321.449,1572.53,-520.559,362.021,1521.4,-551.148,462.291,1548.18
2088,0,-368.918,79.1332,1135.05,-431.275,12.4086,1109.23,-494.347,-54.5496,1081.99,-514.286,-77.2131,1073.08,,,,,,,,,,,,,-653.667,221.162,815.647,-609.497,258.852,835.593,-637.93,222.301,779.424,-593.687,259.914,799.132,-609.862,279.795,1532.62,-703.636,321.556,1572.4,-521.433,361.047,1520.69,-551.398,461.55,1547.61
2089,0,-371.741,74.5991,1128,-433.977,7.99216,1101.27,-496.782,-58.7352,1073.07,-516.766,-81.2437,1063.84,,,,,,,,,,,,,-654.341,221.049,815.603,-610.178,258.737,835.635,-638.62,222.365,779.292,-594.433,259.865,799.302,-610.876,279.552,1532.26,-704.434,321.699,1572.28,-522.082,360.647,1520.28,-551.658,461.036,1547.17
2090,0,-374.607,70.1323,1121.23,-436.67,3.74806,1093.36,-499.174,-62.8719,1064.21,-519.1,-85.4295,1054.63,,,,,,,,,,,,,-655.382,221.078,815.702,-610.831,258.63,835.516,-639.439,222.347,779.358,-595.058,259.742,799.375,-611.938,279.31,1531.9,-705.228,321.762,1572.2,-523.116,359.526,1519.89,-552.121,460.622,1546.56
2091,0,-377.647,65.8497,1114.26,-439.363,-0.418583,1085.74,-501.552,-66.7904,1055.4,-521.343,-89.1395,1045.57,,,,,,,,,,,,,-656.066,221.191,815.658,-611.548,258.449,835.71,-640.148,222.394,779.364,-595.643,259.64,799.457,-613.038,278.99,1531.63,-705.972,321.876,1572.06,-523.898,359.305,1519.36,-552.35,460.166,1545.88
2092,0,-380.448,61.708,1107.56,-442.011,-4.25429,1078.28,-503.935,-70.4334,1046.8,-523.636,-92.7862,1036.58,,,,,,,,,,,,,-656.948,221.32,815.608,-612.219,258.412,835.779,-640.856,222.401,779.339,-596.221,259.468,799.541,-614.008,278.737,1531.3,-706.78,321.962,1571.91,-524.75,358.613,1518.94,-552.682,459.737,1545.2
2093,0,-383.225,57.832,1100.98,-444.65,-7.83245,1070.69,-506.118,-73.9197,1038.37,-525.862,-96.1442,1027.83,,,,,,,,,,,,,-657.596,221.409,815.569,-612.877,258.263,835.773,-641.517,222.455,779.348,-596.771,259.274,799.689,-615.06,278.489,1531.02,-707.504,322.122,1571.8,-525.343,358.355,1517.67,-552.938,459.129,1544.71
2094,0,-385.785,54.1322,1094.5,-446.973,-11.2497,1063.13,-508.493,-77.0141,1030.24,-528.17,-99.2274,1019.42,,,,,,,,,,,,,-658.224,221.508,815.499,-613.44,258.161,835.919,-642.124,222.314,779.268,-597.325,259.078,799.8,-616.038,278.302,1530.62,-708.28,322.257,1571.67,-526.106,357.788,1516.75,-553.329,458.573,1544.15
2095,0,-388.27,50.5946,1088.21,-449.351,-14.5359,1056.17,-510.604,-80.0565,1022.17,-530.238,-102.089,1011.14,,,,,,,,,,,,,-658.945,221.54,815.52,-614.038,258.081,836.06,-642.88,221.988,779.254,-597.89,258.96,799.898,-617.076,278.07,1530.29,-709.025,322.332,1571.51,-526.74,357.23,1516.34,-553.52,458.301,1543.59
2096,0,-390.647,47.2939,1081.95,-451.556,-17.6881,1049.2,-512.588,-82.9643,1014.47,-532.226,-104.936,1003.2,,,,,,,,,,,,,-659.532,221.677,815.459,-614.604,257.987,835.965,-643.525,222.023,779.383,-598.381,258.911,799.854,-618.095,277.83,1530.05,-709.689,322.419,1571.48,-527.44,356.703,1515.78,-554.017,457.922,1542.87
2097,0,-392.92,44.0705,1075.8,-453.609,-20.7226,1042.32,-514.411,-85.8545,1006.84,-534.074,-107.792,995.386,,,,,,,,,,,,,-660.206,221.767,815.469,-615.495,257.862,835.97,-644.104,222.03,779.396,-598.853,258.743,799.985,-618.933,277.625,1529.65,-710.414,322.539,1571.36,-528.172,356.188,1515.13,-554.384,457.422,1542.24
2098,0,-395.18,40.9793,1069.92,-455.659,-23.6355,1035.53,-516.235,-88.6339,999.364,-535.716,-110.485,987.683,,,,,,,,,,,,,-660.82,221.892,815.453,-615.684,258.067,836.237,-644.69,222.08,779.386,-599.296,258.612,800.095,-619.876,277.423,1529.3,-711.135,322.633,1571.22,-528.904,355.742,1514.58,-554.656,457.048,1541.78
2099,0,-397.47,38.0226,1063.95,-457.669,-26.425,1028.89,-517.94,-91.2632,991.967,-537.372,-113.188,980.005,,,,,,,,,,,,,-661.29,221.969,815.452,-616.144,257.982,836.284,-645.152,222.174,779.457,-599.789,258.493,800.196,-620.858,277.245,1529,-711.823,322.781,1571.13,-529.634,355.223,1514.07,-554.888,456.662,1541.29
2100,0,-399.776,35.2708,1057.86,-459.765,-29.0216,1022.39,-519.843,-93.7184,984.782,-539.22,-115.371,972.657,,,,,,,,,,,,,-661.807,222.008,815.383,-616.562,257.946,836.371,-645.613,222.175,779.452,-600.208,258.385,800.336,-621.785,277.091,1528.78,-712.46,322.899,1571.02,-530.557,354.709,1513.71,-555.286,456.237,1540.7
2101,0,-402.046,32.6964,1052.1,-461.913,-31.3143,1015.93,-521.862,-95.7297,977.764,-541.141,-117.409,965.425,,,,,,,,,,,,,-662.34,222.051,815.451,-617.017,257.916,836.349,-646.088,222.241,779.458,-600.455,258.422,800.309,-622.656,276.874,1528.53,-713.12,323.051,1570.89,-531.259,354.267,1513.24,-555.799,456.009,1540.06
2102,0,-404.322,30.4195,1046.76,-464.109,-33.2906,1009.68,-524.074,-97.3623,970.927,-543.293,-118.934,958.337,,,,,,,,,,,,,-662.778,222.082,815.553,-617.425,257.944,836.439,-646.56,222.284,779.475,-600.709,258.364,800.272,-623.512,276.692,1528.18,-713.791,323.172,1570.79,-532.134,353.727,1512.95,-556.112,455.683,1539.64
2103,0,-406.588,28.3672,1040.91,-466.371,-34.9559,1003.56,-526.363,-98.6216,964.176,-545.693,-120.079,951.429,,,,,,,,,,,,,-663.243,222.253,815.537,-617.797,257.938,836.436,-646.941,222.543,779.439,-601.159,258.3,800.484,-624.401,276.546,1527.96,-714.461,323.267,1570.79,-532.599,353.384,1512.28,-556.328,455.246,1539.18
2104,0,-408.708,26.4896,1035.9,-468.663,-36.397,997.591,-528.757,-99.5267,957.587,-548.177,-120.881,944.657,,,,,,,,,,,,,-663.769,222.392,815.527,-618.269,257.724,836.584,-647.341,222.593,779.466,-601.501,258.42,800.656,-625.327,276.35,1527.8,-715.078,323.369,1570.75,-533.199,352.943,1511.8,-556.544,454.656,1538.75
2105,0,-410.877,24.814,1030.64,-470.963,-37.5374,991.814,-531.129,-100.214,951.095,-550.62,-121.425,937.97,,,,,,,,,,,,,-664.276,222.422,815.625,-618.719,257.592,836.678,-647.749,222.628,779.448,-601.974,258.459,800.803,-626.148,276.217,1527.55,-715.728,323.473,1570.76,-534.213,352.445,1511.66,-556.924,454.282,1538.37
2106,0,-412.871,23.208,1025.59,-473.103,-38.5562,986.159,-533.535,-100.668,944.955,-553,-121.634,931.481,,,,,,,,,,,,,-664.658,222.488,815.67,-619.133,257.559,836.739,-648.121,222.666,779.432,-602.36,258.495,800.897,-626.994,276.053,1527.41,-716.375,323.592,1570.73,-534.808,352.01,1511.31,-557.274,453.932,1537.91
2107,0,-414.882,21.7593,1020.67,-475.175,-39.5888,980.575,-535.748,-101.191,938.907,-555.161,-122.16,925.182,,,,,,,,,,,,,-665.001,222.535,815.693,-619.511,257.575,836.912,-648.565,222.722,779.593,-602.694,258.509,800.945,-627.887,275.976,1527.26,-717.066,323.716,1570.74,-535.22,351.646,1510.7,-557.507,453.58,1537.49
2108,0,-416.82,20.3198,1015.88,-477.177,-40.5513,975.263,-537.712,-101.763,933,-557.256,-122.538,919.121,,,,,,,,,,,,,-665.434,222.575,815.707,-619.869,257.529,837.065,-648.97,222.766,779.656,-603.064,258.585,801.016,-628.713,275.852,1527.11,-717.681,323.882,1570.69,-536.197,351.188,1510.71,-557.847,453.361,1537.09
2109,0,-418.743,18.9834,1011.34,-479.008,-41.5628,970.183,-539.575,-102.322,927.415,-559.043,-122.959,913.27,,,,,,,,,,,,,-665.864,222.614,815.778,-620.211,257.611,837.063,-649.322,222.811,779.658,-603.416,258.553,801.099,-629.514,275.717,1527.02,-718.261,323.991,1570.72,-536.926,350.828,1510.47,-558.299,453.119,1536.68
2110,0,-420.477,17.7028,1006.92,-480.798,-42.4872,965.219,-541.351,-102.876,922.117,-560.827,-123.402,907.693,,,,,,,,,,,,,-666.31,222.632,815.881,-620.575,257.52,837.042,-649.703,222.882,779.757,-603.756,258.439,801.093,-630.287,275.572,1526.9,-718.823,324.156,1570.74,-536.938,350.55,1509.74,-558.677,452.909,1536.4
2111,0,-422.195,16.5519,1002.72,-482.51,-43.3686,960.51,-543.014,-103.487,916.967,-562.463,-123.863,902.413,,,,,,,,,,,,,-666.694,222.629,815.973,-620.916,257.484,837.153,-650.124,222.966,779.847,-604.135,258.323,801.177,-631.087,275.445,1526.87,-719.474,324.307,1570.72,-537.872,350.117,1509.75,-558.897,452.55,1536.14
2112,0,-423.766,15.3654,998.663,-484.14,-44.2201,956.116,-544.737,-103.833,912.14,-564.1,-124.383,897.447,,,,,,,,,,,,,-667.307,222.665,815.996,-621.264,257.555,837.26,-650.512,222.974,779.888,-604.434,258.231,801.189,-631.845,275.378,1526.79,-720.063,324.409,1570.72,-538.789,349.692,1509.75,-559.086,452.016,1535.97
2113,0,-425.206,14.1836,994.859,-485.739,-45.0209,951.928,-546.27,-104.465,907.383,-565.83,-124.663,892.883,,,,,,,,,,,,,-667.538,222.709,816.06,-621.604,257.565,837.33,-650.875,223.025,779.921,-604.73,258.144,801.211,-632.553,275.25,1526.66,-720.598,324.514,1570.77,-539.123,349.364,1509.42,-559.326,451.69,1535.9
2114,0,-426.558,13.1866,990.982,-487.132,-45.8184,948.026,-547.904,-104.915,903.453,-567.401,-125.232,888.619,,,,,,,,,,,,,-667.944,222.75,816.11,-622.23,257.314,837.282,-651.214,223.091,779.987,-605.093,258.008,801.326,-633.267,275.112,1526.68,-721.123,324.677,1570.82,-539.464,349.143,1509.05,-559.678,451.289,1535.98
2115,0,-427.918,12.0517,987.711,-488.552,-46.6946,944.321,-549.416,-105.454,899.614,-568.927,-125.743,884.634,,,,,,,,,,,,,-668.281,222.784,816.166,-622.276,257.5,837.477,-651.617,223.065,780.009,-605.438,257.892,801.421,-633.982,275.01,1526.68,-721.597,324.795,1570.87,-540.301,348.742,1509.11,-560.081,451.042,1535.89
2116,0,-429.058,11.0388,984.287,-489.822,-47.572,940.722,-550.684,-106.246,896.133,-570.261,-126.265,880.878,,,,,,,,,,,,,-668.623,222.783,816.228,-622.64,257.441,837.553,-651.967,223.146,780.058,-605.82,257.769,801.546,-634.696,274.874,1526.67,-722.158,324.965,1570.9,-540.44,348.446,1508.63,-560.494,450.83,1535.79
2117,0,-430.18,9.99242,980.996,-490.867,-48.4695,937.163,-551.762,-107.054,892.5,-571.25,-127.12,877.08,,,,,,,,,,,,,-668.989,222.806,816.302,-623.018,257.36,837.587,-652.28,223.207,780.107,-606.177,257.804,801.652,-635.368,274.796,1526.63,-722.714,325.079,1570.94,-541.452,347.959,1508.94,-560.616,450.476,1535.58
2118,0,-431.121,8.9546,977.67,-491.795,-49.3739,933.695,-552.593,-107.895,888.802,-572.132,-127.88,873.387,,,,,,,,,,,,,-669.338,222.789,816.313,-623.304,257.365,837.66,-652.568,223.289,780.189,-606.528,257.788,801.636,-636.015,274.771,1526.6,-723.219,325.242,1570.98,-542.09,347.617,1508.83,-560.725,450.217,1535.42
2119,0,-431.971,8.01431,974.193,-492.583,-50.2612,930.2,-553.335,-108.817,885.388,-572.765,-128.676,869.514,,,,,,,,,,,,,-669.71,222.767,816.433,-623.68,257.237,837.76,-652.959,223.135,780.237,-606.787,257.707,801.714,-636.675,274.682,1526.67,-723.667,325.383,1571.05,-542.417,347.301,1508.6,-560.939,450.028,1535.27
2120,0,-432.84,7.08865,971.026,-493.144,-51.1423,926.642,-553.796,-109.58,881.513,-573.171,-129.532,865.636,,,,,,,,,,,,,-670.009,222.727,816.504,-624.261,256.94,837.68,-653.302,223.027,780.198,-607.063,257.641,801.629,-637.275,274.587,1526.61,-724.051,325.539,1571.06,-542.731,347.071,1508.39,-561.179,449.889,1535.07
2121,0,-433.563,6.26044,967.919,-493.698,-51.8648,923.14,-554.111,-110.216,877.568,-573.338,-130.23,861.576,,,,,,,,,,,,,-670.316,222.69,816.574,-624.58,256.838,837.628,-653.601,222.993,780.201,-607.355,257.548,801.718,-637.851,274.542,1526.6,-724.471,325.695,1571.09,-543.161,346.797,1508.28,-561.561,449.722,1534.84
2122,0,-434.13,5.46324,964.809,-494.093,-52.5285,919.57,-554.294,-110.645,873.311,-573.578,-130.603,857.551,,,,,,,,,,,,,-670.66,222.718,816.622,-624.6,256.98,837.758,-654.203,223.054,780.315,-607.66,257.474,801.875,-638.404,274.456,1526.6,-724.879,325.84,1571.05,-543.469,346.54,1508.08,-561.784,449.485,1534.64
2123,0,-434.69,4.80224,961.808,-494.464,-53.0253,916.199,-554.544,-111.103,869.798,-573.748,-130.901,853.512,,,,,,,,,,,,,-671.274,222.715,816.622,-624.915,256.847,837.822,-654.281,223,780.438,-608.011,257.325,801.959,-638.902,274.474,1526.55,-725.287,325.96,1571.05,-543.956,346.262,1508,-561.9,449.188,1534.44
2124,0,-435.115,4.14271,958.856,-494.764,-53.4982,912.772,-554.738,-111.391,866.003,-573.768,-131.227,849.523,,,,,,,,,,,,,-671.514,222.708,816.757,-625.567,256.532,837.63,-654.621,222.885,780.515,-608.344,257.221,802.107,-639.384,274.383,1526.53,-725.664,326.093,1571.03,-543.944,346.105,1507.59,-561.96,448.95,1534.26
2125,0,-435.561,3.51268,956,-495.087,-53.9347,909.519,-554.788,-111.493,862.01,-573.877,-131.298,845.734,,,,,,,,,,,,,-671.831,222.687,816.791,-625.793,256.514,837.774,-654.88,222.787,780.534,-608.645,257.023,802.194,-639.813,274.301,1526.47,-725.981,326.187,1571,-544.56,345.76,1507.74,-562.024,448.812,1534.11
2126,0,-436.017,2.9523,953.304,-495.329,-54.3609,906.463,-554.925,-111.847,858.621,-573.926,-131.581,842.147,,,,,,,,,,,,,-672.074,222.648,816.786,-626.049,256.447,837.868,-655.209,222.658,780.45,-608.88,256.876,802.156,-640.245,274.26,1526.45,-726.256,326.324,1570.98,-545.037,345.495,1507.71,-562.175,448.697,1533.95
2127,0,-436.369,2.26478,950.756,-495.566,-54.8976,903.533,-554.979,-112.381,855.568,-573.857,-132.057,838.744,,,,,,,,,,,,,-672.312,222.609,816.788,-625.971,256.684,838.048,-655.435,222.647,780.431,-609.388,256.49,801.963,-640.627,274.241,1526.35,-726.504,326.406,1570.95,-545.138,345.325,1507.41,-562.275,448.582,1533.78
2128,0,-436.804,1.69852,948.287,-495.776,-55.471,900.865,-555.04,-112.852,852.388,-573.931,-132.521,835.608,,,,,,,,,,,,,-672.531,222.585,816.738,-626.246,256.586,838.031,-655.75,222.558,780.448,-609.308,256.563,802.191,-641.007,274.206,1526.32,-726.737,326.526,1570.9,-545.726,345.059,1507.54,-562.34,448.474,1533.61
2129,0,-437.224,1.00878,945.99,-496.071,-56.1085,898.326,-555.113,-113.295,849.466,-573.995,-133.075,832.856,,,,,,,,,,,,,-672.803,222.517,816.719,-626.468,256.495,837.979,-656.072,222.541,780.526,-609.536,256.445,802.252,-641.305,274.123,1526.22,-726.942,326.644,1570.88,-546.113,344.907,1507.43,-562.394,448.327,1533.46
2130,0,-437.648,0.361001,943.823,-496.334,-56.7514,895.964,-555.305,-114.07,847.124,-574.044,-133.813,830.21,,,,,,,,,,,,,-673.077,222.518,816.683,-626.676,256.435,837.928,-656.294,222.536,780.549,-609.753,256.414,802.264,-641.603,274.115,1526.17,-727.143,326.731,1570.83,-546.32,344.698,1507.34,-562.389,448.127,1533.27
2131,0,-438.051,-0.265832,941.744,-496.658,-57.3693,893.785,-555.59,-114.647,845.009,-574.332,-134.274,827.933,,,,,,,,,,,,,-673.372,222.526,816.654,-626.914,256.335,837.922,-656.557,222.448,780.532,-609.965,256.342,802.23,-641.862,274.074,1526.06,-727.339,326.825,1570.79,-546.304,344.637,1506.87,-562.412,447.911,1533.12
2132,0,-438.437,-0.893932,939.817,-497.025,-57.9355,891.739,-555.788,-115.123,842.448,-574.62,-134.818,825.771,,,,,,,,,,,,,-673.594,222.525,816.628,-627.163,256.289,837.898,-656.772,222.461,780.506,-610.247,256.306,802.281,-642.12,274.042,1526.05,-727.502,326.912,1570.8,-546.618,344.425,1506.92,-562.421,447.683,1532.93
2133,0,-438.75,-1.45871,937.888,-497.312,-58.5027,889.808,-556.195,-115.741,840.814,-574.885,-135.44,823.655,,,,,,,,,,,,,-674.04,222.479,816.643,-627.735,255.961,837.795,-657.032,222.397,780.426,-610.459,256.261,802.275,-642.284,273.951,1525.96,-727.61,326.984,1570.76,-546.001,344.438,1506.22,-562.451,447.511,1532.73
2134,0,-439.118,-2.07577,936.079,-497.659,-59.0591,887.834,-556.462,-116.242,838.801,-575.198,-135.894,821.657,,,,,,,,,,,,,-674.292,222.417,816.69,-627.94,255.888,837.876,-657.268,222.385,780.431,-610.668,256.14,802.236,-642.477,273.941,1526.01,-727.736,327.08,1570.79,-546.49,344.202,1506.35,-562.489,447.348,1532.51
2135,0,-439.365,-2.59978,934.297,-497.923,-59.5439,885.985,-556.672,-116.713,836.861,-575.42,-136.211,819.7,,,,,,,,,,,,,-674.522,222.394,816.675,-627.828,256.111,838.05,-657.781,222.369,780.37,-610.86,256.075,802.232,-642.655,273.862,1526.04,-727.834,327.111,1570.81,-546.773,344.019,1506.3,-562.756,447.507,1532.01
2136,0,-439.623,-3.15897,932.589,-498.026,-60.1018,884.125,-556.715,-117.001,834.416,-575.483,-136.673,817.662,,,,,,,,,,,,,-674.563,222.386,816.671,-628.07,256.057,838.067,-657.998,222.359,780.432,-611.068,256.023,802.239,-642.787,273.803,1526.02,-727.935,327.195,1570.87,-546.955,343.87,1506.2,-562.615,447.113,1532.04
2137,0,-439.719,-3.73504,930.833,-498.108,-60.6441,882.266,-556.714,-117.696,832.864,-575.386,-137.235,815.53,,,,,,,,,,,,,-674.804,222.386,816.664,-628.636,255.678,837.919,-658.246,222.284,780.436,-611.255,255.943,802.28,-642.991,273.721,1526.15,-728.043,327.241,1570.93,-546.869,343.736,1506.02,-562.981,447.722,1531.57
2138,0,-439.824,-4.23952,929.265,-498.021,-61.1414,880.475,-556.435,-118.006,830.331,-575.13,-137.601,813.514,,,,,,,,,,,,,-675.013,222.371,816.659,-628.519,255.866,838.081,-658.188,222.268,780.499,-611.721,255.616,802.182,-643.179,273.657,1526.25,-728.143,327.329,1570.99,-547.104,343.592,1505.98,-563.062,447.59,1531.22
2139,0,-439.79,-4.76577,927.648,-497.863,-61.6805,878.694,-556.106,-118.639,828.611,-574.789,-138.125,811.497,,,,,,,,,,,,,-675.235,222.372,816.658,-629.043,255.492,837.931,-658.563,222.226,780.487,-611.902,255.551,802.211,-643.322,273.62,1526.29,-728.227,327.354,1571.04,-547.229,343.47,1505.92,-562.821,446.962,1531.44
2140,0,-439.661,-5.30201,926.107,-497.611,-62.2365,876.938,-555.644,-119.207,826.661,-574.222,-138.795,809.434,,,,,,,,,,,,,-675.465,222.372,816.705,-629.239,255.379,837.902,-658.729,222.273,780.451,-611.736,255.779,802.382,-643.487,273.548,1526.35,-728.31,327.434,1571.07,-547.475,343.305,1505.94,-563.006,447.07,1530.93
2141,0,-439.48,-5.93683,924.541,-497.217,-62.7638,875.291,-555.068,-119.755,824.661,-573.65,-139.239,807.531,,,,,,,,,,,,,-675.722,222.316,816.782,-629.418,255.312,838.026,-658.915,222.229,780.443,-612.24,255.506,802.203,-643.635,273.496,1526.39,-728.407,327.439,1571.14,-547.616,343.147,1505.91,-563.037,446.981,1530.72
2142,0,-439.342,-6.42557,923.405,-496.814,-63.266,873.607,-554.477,-120.249,823.07,-572.988,-139.733,805.617,,,,,,,,,,,,,-675.902,222.292,816.774,-629.288,255.486,838.212,-658.388,224.409,780.111,-612.428,255.484,802.291,-643.767,273.476,1526.44,-728.517,327.495,1571.2,-547.648,343.015,1505.8,-562.852,446.725,1530.99
2143,0,-438.938,-6.85264,921.599,-496.339,-63.7112,871.97,-553.796,-120.586,820.881,-572.233,-140.317,803.611,,,,,,,,,,,,,-676.103,222.245,816.768,-629.757,255.201,838.169,-658.576,224.386,780.051,-612.619,255.49,802.359,-643.919,273.402,1526.48,-728.626,327.538,1571.23,-547.289,342.956,1505.45,-563.074,446.822,1530.45
2144,0,-438.641,-7.33222,920.568,-495.809,-64.1796,870.407,-553.057,-121.178,819.266,-571.371,-140.71,801.81,,,,,,,,,,,,,-676.286,222.207,816.781,-629.625,255.503,838.322,-659.253,222.097,780.438,-612.552,255.743,802.516,-644.063,273.378,1526.55,-728.734,327.587,1571.28,-547.797,342.735,1505.71,-562.888,446.467,1530.76
2145,0,-438.312,-7.65933,919.089,-495.274,-64.6077,868.833,-552.278,-121.591,817.494,-570.682,-141.047,800.036,,,,,,,,,,,,,-676.544,222.217,816.758,-629.761,255.484,838.342,-658.71,224.574,780.144,-613.065,255.359,802.367,-644.215,273.319,1526.58,-728.839,327.595,1571.31,-547.913,342.6,1505.7,-563.129,446.635,1530.25
2146,0,-437.998,-8.09745,918.092,-494.672,-65.0224,867.334,-551.507,-122.016,815.752,-569.795,-141.537,798.248,,,,,,,,,,,,,-676.905,222.209,816.725,-629.932,255.479,838.347,-658.931,224.548,780.16,-613.196,255.314,802.388,-644.34,273.267,1526.6,-728.958,327.609,1571.33,-548.022,342.483,1505.68,-563.191,446.547,1530.14
2147,0,-437.61,-8.49602,916.562,-494.104,-65.422,865.907,-550.664,-122.424,813.997,-568.778,-141.804,796.448,,,,,,,,,,,,,-676.951,222.233,816.745,-630.076,255.455,838.356,-659.125,224.543,780.198,-613.333,255.26,802.366,-644.505,273.228,1526.65,-729.069,327.621,1571.36,-548.237,342.335,1505.72,-562.969,446.14,1530.51
2148,0,-437.163,-8.87225,915.368,-493.504,-65.8494,864.409,-549.853,-122.818,812.221,-567.797,-142.307,794.66,,,,,,,,,,,,,-677.124,222.238,816.758,-630.264,255.424,838.297,-659.303,224.509,780.181,-613.496,255.186,802.357,-644.652,273.171,1526.67,-729.18,327.612,1571.36,-548.257,342.181,1505.77,-563.256,446.353,1530.03
2149,0,-436.785,-9.24005,914.24,-492.926,-66.2219,863.003,-548.982,-123.208,810.603,-567.068,-142.637,792.907,,,,,,,,,,,,,-677.288,222.194,816.785,-630.699,255.136,838.102,-660.199,222.568,780.486,-613.624,255.167,802.372,-644.773,273.134,1526.66,-729.301,327.619,1571.35,-548.103,342.142,1505.51,-563.061,445.957,1530.44
2150,0,-436.311,-9.85347,913.093,-492.234,-66.6363,861.563,-548.105,-123.652,809.002,-566.115,-143.076,791.134,,,,,,,,,,,,,-677.448,222.189,816.77,-630.894,255.117,838.029,-659.621,224.397,780.238,-613.772,255.114,802.333,-644.961,273.036,1526.71,-729.425,327.616,1571.36,-548.609,341.92,1505.81,-563.104,445.879,1530.42
2151,0,-435.979,-10.239,911.983,-491.571,-67.0823,860.217,-547.241,-124.106,807.352,-565.169,-143.53,789.509,,,,,,,,,,,,,-677.582,222.185,816.791,-631.033,255.078,838.002,-659.813,224.299,780.278,-613.896,255.06,802.323,-645.078,272.987,1526.7,-729.504,327.613,1571.31,-548.66,341.79,1505.83,-563.173,445.813,1530.42
2152,0,-435.523,-10.6026,910.882,-490.923,-67.4787,858.902,-546.316,-124.517,805.863,-564.068,-144.076,787.749,,,,,,,,,,,,,-677.665,222.173,816.793,-631.141,255.086,837.979,-660.699,222.457,780.524,-613.731,255.278,802.475,-645.238,272.952,1526.71,-729.636,327.59,1571.33,-548.772,341.665,1505.82,-563.236,445.713,1530.41
2153,0,-435.078,-11.0069,909.894,-490.223,-67.8755,857.636,-545.428,-124.936,804.377,-563.197,-144.364,786.272,,,,,,,,,,,,,-677.822,222.174,816.792,-631.266,255.055,838.018,-660.837,222.428,780.553,-614.147,254.964,802.263,-645.414,272.825,1526.78,-729.738,327.564,1571.3,-548.394,341.664,1505.43,-563.286,445.622,1530.43
2154,0,-434.607,-11.3882,908.941,-489.528,-68.3649,856.393,-544.529,-125.249,802.878,-562.257,-144.732,784.78,,,,,,,,,,,,,-677.955,222.173,816.792,-631.406,255.054,838.014,-660.298,224.151,780.371,-614.225,254.949,802.308,-645.529,272.781,1526.76,-729.854,327.528,1571.29,-548.931,341.451,1505.78,-563.606,446.081,1530.18
2155,0,-434.198,-11.6784,908.018,-488.966,-68.6577,855.254,-543.821,-125.509,801.554,-561.51,-144.959,783.373,,,,,,,,,,,,,-678.066,222.173,816.791,-631.509,255.06,838.083,-660.428,224.154,780.359,-614.062,255.19,802.483,-645.665,272.712,1526.75,-729.981,327.511,1571.27,-549.051,341.329,1505.79,-563.375,445.44,1530.47
2156,0,-433.76,-11.9701,907.064,-488.439,-68.9209,854.147,-543.146,-125.678,800.249,-560.795,-145.124,781.982,,,,,,,,,,,,,-678.15,222.15,816.784,-631.635,255.088,838.118,-661.277,222.378,780.556,-614.164,255.167,802.466,-645.802,272.639,1526.75,-730.082,327.46,1571.2,-548.99,341.247,1505.69,-563.429,445.361,1530.48
2157,0,-433.396,-12.2477,906.199,-487.972,-69.1215,853.088,-542.561,-125.828,798.997,-560.044,-145.34,780.559,,,,,,,,,,,,,-678.24,222.132,816.778,-631.739,255.046,838.086,-661.388,222.399,780.633,-614.262,255.145,802.466,-645.913,272.592,1526.71,-730.205,327.417,1571.18,-548.771,341.236,1505.42,-563.515,445.286,1530.46
2158,0,-433.068,-12.5147,905.359,-487.516,-69.306,852.099,-542.072,-125.931,797.843,-559.557,-145.328,779.426,,,,,,,,,,,,,-678.365,222.131,816.777,-631.857,255.026,838.108,-661.477,222.361,780.638,-614.626,254.876,802.323,-646.069,272.472,1526.7,-730.304,327.372,1571.15,-548.96,341.106,1505.47,-563.584,445.144,1530.44
2159,0,-432.7,-12.7772,904.533,-487.066,-69.5087,851.085,-541.614,-126.006,796.779,-559.13,-145.441,778.215,,,,,,,,,,,,,-678.432,222.116,816.76,-631.931,255.001,838.139,-661.521,222.398,780.623,-614.689,254.842,802.292,-646.197,272.394,1526.68,-730.445,327.304,1571.15,-549.416,340.936,1505.72,-563.702,444.993,1530.39
2160,0,-432.382,-13.0716,903.768,-486.682,-69.6701,850.187,-541.124,-126.158,795.682,-558.558,-145.587,777.034,,,,,,,,,,,,,-678.509,222.11,816.75,-632.029,254.966,838.121,-661.618,222.303,780.626,-614.78,254.842,802.316,-646.335,272.298,1526.64,-730.555,327.275,1571.1,-549.367,340.875,1505.55,-563.782,444.828,1530.35
2161,0,-432.061,-13.3913,902.924,-486.274,-69.9306,849.225,-540.558,-126.356,794.486,-557.946,-145.851,775.863,,,,,,,,,,,,,-678.6,222.12,816.745,-632.038,254.962,838.141,-660.959,224.109,780.418,-614.827,254.813,802.302,-646.478,272.185,1526.63,-730.665,327.197,1571.08,-549.661,340.706,1505.65,-563.842,444.631,1530.31
2162,0,-431.79,-13.6724,902.133,-485.856,-70.2126,848.268,-540.091,-126.624,793.495,-557.544,-145.963,774.836,,,,,,,,,,,,,-678.66,222.1,816.723,-632.172,254.874,838.141,-661.248,223.875,780.321,-614.871,254.785,802.288,-646.62,272.135,1526.56,-730.769,327.133,1571.03,-549.739,340.573,1505.57,-563.876,444.449,1530.26
2163,0,-431.594,-13.9807,901.413,-485.546,-70.5082,847.459,-539.635,-126.814,792.414,-557.057,-146.249,773.777,,,,,,,,,,,,,-678.765,222.079,816.741,-632.235,254.826,838.143,-661.062,224.102,780.349,-614.915,254.758,802.26,-646.768,272.021,1526.49,-730.888,327.05,1570.97,-549.997,340.416,1505.58,-564.089,444.367,1529.9
2164,0,-431.391,-14.2844,900.787,-485.267,-70.798,846.686,-539.273,-127.046,791.47,-556.631,-146.469,772.911,,,,,,,,,,,,,-678.825,222.052,816.732,-632.277,254.846,838.099,-661.385,223.882,780.264,-614.94,254.743,802.273,-646.916,271.901,1526.41,-731.013,326.946,1570.94,-550.096,340.27,1505.53,-564.138,444.241,1529.79
2165,0,-431.122,-14.639,900.077,-485.028,-71.0791,845.95,-539.048,-127.317,790.794,-556.421,-146.664,772.106,,,,,,,,,,,,,-678.906,222.051,816.707,-632.291,254.863,838.124,-661.446,223.858,780.238,-615.044,254.674,802.206,-646.995,271.793,1526.28,-731.158,326.821,1570.94,-550.312,340.136,1505.48,-564.253,444.164,1529.74
2166,0,-430.966,-14.9096,899.599,-484.913,-71.3255,845.459,-538.933,-127.6,790.351,-556.205,-147.178,771.712,,,,,,,,,,,,,-678.951,222.037,816.69,-632.362,254.854,838.101,-661.95,222.34,780.494,-615.091,254.636,802.173,-647.145,271.67,1526.2,-731.226,326.746,1570.81,-550.364,340.018,1505.39,-564.356,444.112,1529.67
2167,0,-430.921,-15.3103,899.319,-484.989,-71.7965,845.324,-539.169,-128.08,790.419,-556.485,-147.598,771.715,,,,,,,,,,,,,-679.051,222.04,816.649,-632.477,254.792,838.031,-661.546,223.887,780.213,-615.149,254.613,802.173,-647.261,271.557,1526.1,-731.333,326.607,1570.75,-550.64,339.884,1505.36,-564.441,444.048,1529.62
2168,0,-430.827,-15.6666,898.987,-484.997,-72.2552,845.14,-539.244,-128.562,790.357,-556.774,-147.925,771.787,,,,,,,,,,,,,-679.104,222.046,816.644,-632.557,254.745,838.025,-661.572,223.896,780.192,-615.223,254.592,802.19,-647.394,271.462,1526.02,-731.452,326.5,1570.68,-550.749,339.728,1505.38,-564.551,444.288,1529.82
2169,0,-430.736,-16.0174,898.659,-484.981,-72.6501,844.875,-539.255,-128.994,790.185,-556.812,-148.473,771.778,,,,,,,,,,,,,-679.13,222.015,816.618,-632.605,254.748,837.97,-661.392,224.089,780.234,-615.274,254.561,802.192,-647.54,271.318,1525.98,-731.542,326.395,1570.61,-550.762,339.621,1505.26,-564.638,443.908,1529.49
2170,0,-430.642,-16.4234,898.312,-484.955,-73.0891,844.693,-539.284,-129.482,790.144,-556.862,-149.007,771.778,,,,,,,,,,,,,-679.162,222.041,816.606,-632.661,254.716,837.983,-661.431,224.094,780.216,-615.332,254.552,802.2,-647.596,271.275,1525.8,-731.637,326.308,1570.55,-550.891,339.542,1505.13,-564.816,444.335,1529.63
2171,0,-430.544,-16.8572,897.98,-484.937,-73.5191,844.523,-539.319,-130.017,790.127,-556.802,-149.621,771.688,,,,,,,,,,,,,-679.201,222.04,816.584,-632.669,254.79,837.99,-661.434,224.117,780.201,-615.378,254.561,802.222,-647.707,271.165,1525.72,-731.721,326.198,1570.45,-551.056,339.379,1505.22,-564.796,443.738,1529.43
2172,0,-430.461,-17.2874,897.729,-484.864,-73.9843,844.359,-539.298,-130.602,790.065,-556.89,-150.068,771.746,,,,,,,,,,,,,-679.237,222.047,816.576,-632.682,254.808,837.949,-661.69,223.975,780.118,-615.394,254.576,802.19,-647.84,271.036,1525.65,-731.825,326.083,1570.38,-551.054,339.322,1505.05,-564.946,443.704,1529.4
2173,0,-430.408,-17.6973,897.477,-484.748,-74.5538,844.171,-539.226,-131.218,790.024,-556.864,-150.762,771.734,,,,,,,,,,,,,-679.268,222.03,816.554,-632.707,254.781,837.916,-661.507,224.119,780.173,-615.417,254.597,802.232,-647.912,270.927,1525.54,-731.925,325.967,1570.34,-551.169,339.224,1504.96,-565.031,443.523,1529.41
2174,0,-430.373,-18.1262,897.288,-484.651,-75.1326,844.052,-539.07,-131.93,789.964,-556.62,-151.616,771.585,,,,,,,,,,,,,-679.281,222.042,816.51,-632.764,254.783,837.898,-661.506,224.121,780.159,-615.457,254.557,802.192,-648.004,270.793,1525.46,-732.031,325.845,1570.27,-550.567,339.26,1504.39,-564.714,442.39,1529.79
2175,0,-430.302,-18.5773,897.088,-484.549,-75.6995,843.95,-538.823,-132.671,789.954,-556.344,-152.362,771.6,,,,,,,,,,,,,-679.316,222.046,816.496,-632.804,254.798,837.857,-661.538,224.142,780.114,-615.475,254.557,802.178,-648.151,270.674,1525.47,-732.111,325.715,1570.16,-550.97,339.092,1504.61,-565.176,443.198,1529.77
2176,0,-430.164,-19.0489,896.941,-484.343,-76.2558,843.867,-538.543,-133.383,789.846,-556.073,-153.014,771.575,,,,,,,,,,,,,-679.332,222.07,816.481,-632.808,254.773,837.839,-662.247,222.405,780.278,-615.451,254.566,802.176,-648.187,270.589,1525.34,-732.234,325.578,1570.16,-551.055,338.963,1504.58,-565.108,442.676,1529.91
2177,0,-430,-19.4814,896.859,-484.036,-76.8498,843.736,-538.188,-134.074,789.834,-555.61,-153.818,771.43,,,,,,,,,,,,,-679.322,222.075,816.442,-632.43,255.093,838.054,-661.572,224.147,780.055,-615.483,254.558,802.145,-648.259,270.444,1525.29,-732.313,325.432,1570.06,-550.813,338.917,1504.32,-565.171,442.522,1529.91
2178,0,-429.794,-19.8999,896.727,-483.756,-77.3632,843.635,-537.791,-134.752,789.791,-555.168,-154.547,771.399,,,,,,,,,,,,,-679.294,222.07,816.435,-632.715,254.826,837.881,-662.26,222.415,780.23,-615.459,254.544,802.128,-648.313,270.322,1525.22,-732.416,325.292,1570.03,-551.211,338.726,1504.53,-565.212,442.388,1529.9
2179,0,-429.592,-20.3335,896.663,-483.475,-77.8506,843.592,-537.403,-135.327,789.744,-554.821,-155.091,771.455,,,,,,,,,,,,,-679.323,222.068,816.389,-632.761,254.788,837.81,-661.565,224.157,780.035,-615.471,254.553,802.1,-648.374,270.167,1525.13,-732.521,325.118,1570.02,-551.302,338.579,1504.5,-565.473,442.61,1529.59
2180,0,-429.346,-20.7633,896.674,-483.114,-78.321,843.587,-537.002,-135.906,789.779,-554.468,-155.697,771.434,,,,,,,,,,,,,-679.302,222.051,816.368,-632.742,254.803,837.816,-662.219,222.416,780.184,-615.479,254.557,802.098,-648.478,270.033,1525.14,-732.567,324.99,1569.98,-551.469,338.472,1504.51,-565.174,441.622,1529.72
2181,0,-429.058,-21.2082,896.641,-482.739,-78.862,843.578,-536.517,-136.581,789.784,-553.792,-156.487,771.292,,,,,,,,,,,,,-679.277,222.053,816.341,-632.386,255.088,838.017,-661.488,224.151,780.024,-615.423,254.573,802.107,-648.524,269.95,1525.09,-732.622,324.863,1569.95,-551.295,338.375,1504.32,-565.634,442.687,1529.68
2182,0,-428.732,-21.6787,896.564,-482.207,-79.4865,843.501,-535.815,-137.37,789.731,-553.167,-157.207,771.434,,,,,,,,,,,,,-679.227,222.031,816.339,-632.651,254.842,837.84,-661.459,224.133,780.007,-615.385,254.573,802.09,-648.55,269.821,1525.04,-732.693,324.736,1569.95,-551.544,338.188,1504.49,-565.646,442.467,1529.64
2183,0,-428.335,-22.1787,896.529,-481.638,-80.1747,843.509,-534.959,-138.316,789.741,-552.26,-158.329,771.44,,,,,,,,,,,,,-679.184,222.044,816.337,-632.302,255.125,838.015,-661.419,224.118,780.014,-615.31,254.601,802.118,-648.608,269.713,1525.06,-732.724,324.636,1569.9,-551.165,338.166,1504.14,-565.746,442.512,1529.58
2184,0,-427.955,-22.6898,896.524,-480.993,-80.9139,843.527,-534.013,-139.327,789.687,-551.29,-159.307,771.495,,,,,,,,,,,,,-679.097,222.041,816.334,-632.257,255.092,838.052,-662.04,222.401,780.205,-614.938,254.905,802.299,-648.651,269.588,1525.03,-732.766,324.531,1569.87,-551.405,338.017,1504.27,-565.513,441.888,1529.88
2185,0,-427.659,-23.2161,896.516,-480.344,-81.7209,843.45,-533.057,-140.378,789.643,-550.219,-160.398,771.386,,,,,,,,,,,,,-679.048,222.03,816.284,-632.191,255.111,838.033,-661.296,224.176,779.971,-615.161,254.675,802.1,-648.718,269.461,1525.05,-732.801,324.409,1569.86,-551.713,337.859,1504.45,-565.562,441.764,1529.89
2186,0,-427.425,-23.69,896.595,-479.805,-82.3873,843.454,-532.217,-141.297,789.595,-549.166,-161.604,771.201,,,,,,,,,,,,,-678.989,222.021,816.271,-632.461,254.828,837.885,-661.242,224.164,779.98,-615.118,254.674,802.085,-648.718,269.357,1525,-732.845,324.267,1569.87,-551.753,337.749,1504.46,-565.62,441.642,1529.91
2187,0,-427.237,-24.1154,896.644,-479.462,-82.9199,843.484,-531.678,-142.032,789.638,-548.656,-162.314,771.446,,,,,,,,,,,,,-678.926,221.997,816.247,-632.394,254.787,837.82,-661.885,222.389,780.145,-615.061,254.705,802.082,-648.724,269.27,1524.97,-732.863,324.13,1569.83,-551.74,337.669,1504.42,-565.666,441.526,1529.92
2188,0,-427.113,-24.4498,896.679,-479.264,-83.3233,843.485,-531.408,-142.481,789.621,-548.317,-162.783,771.455,,,,,,,,,,,,,-678.814,221.968,816.206,-632.336,254.812,837.849,-661.82,222.397,780.11,-614.738,254.965,802.257,-648.765,269.095,1524.97,-732.887,323.995,1569.83,-551.553,337.599,1504.27,-565.86,441.687,1529.78
2189,0,-427.051,-24.7046,896.657,-479.246,-83.5341,843.535,-531.386,-142.653,789.626,-548.207,-163.065,771.311,,,,,,,,,,,,,-678.745,221.942,816.151,-631.98,255.091,837.976,-661.043,224.178,779.875,-614.683,254.944,802.172,-648.797,269.023,1524.98,-732.899,323.852,1569.81,-551.365,337.537,1504.08,-565.753,441.276,1529.96
2190,0,-427.077,-24.8466,896.703,-479.343,-83.5847,843.546,-531.561,-142.596,789.589,-548.296,-163.133,771.323,,,,,,,,,,,,,-678.706,221.917,816.141,-631.909,255.105,837.942,-661.002,224.11,779.847,-614.624,254.973,802.192,-648.766,268.928,1524.87,-732.905,323.744,1569.78,-551.857,337.349,1504.41,-565.914,441.362,1529.84
2191,0,-427.095,-24.965,896.775,-479.471,-83.5917,843.563,-531.766,-142.459,789.537,-548.471,-162.963,771.326,,,,,,,,,,,,,-678.754,221.941,816.18,-631.855,255.073,837.869,-660.891,224.224,779.711,-614.9,254.711,802.003,-648.779,268.819,1524.8,-732.915,323.607,1569.75,-551.852,337.251,1504.39,-566.014,441.306,1529.73
2192,0,-427.118,-25.1033,896.871,-479.521,-83.6449,843.632,-531.878,-142.434,789.545,-548.604,-162.947,771.366,,,,,,,,,,,,,-678.693,221.921,816.139,-632.074,254.832,837.691,-660.789,224.267,779.655,-614.569,254.965,802.146,-648.813,268.695,1524.79,-732.927,323.483,1569.72,-551.916,337.207,1504.31,-565.863,440.477,1529.61
2193,0,-427.079,-25.2452,896.961,-479.527,-83.7187,843.677,-531.905,-142.443,789.549,-548.636,-162.925,771.366,,,,,,,,,,,,,-678.618,221.887,816.092,-631.752,255.076,837.765,-660.717,224.274,779.596,-614.536,254.992,802.168,-648.794,268.59,1524.68,-732.936,323.362,1569.68,-551.755,337.135,1504.16,-565.947,440.755,1529.91
2194,0,-427.042,-25.3727,897.049,-479.504,-83.7929,843.737,-531.892,-142.44,789.539,-548.649,-162.954,771.409,,,,,,,,,,,,,-678.554,221.835,816.063,-631.988,254.776,837.585,-660.646,224.24,779.55,-614.775,254.737,802.005,-648.825,268.472,1524.64,-732.946,323.241,1569.61,-551.936,337.061,1504.18,-565.955,440.641,1529.88
2195,0,-427.006,-25.4876,897.193,-479.481,-83.8249,843.776,-531.895,-142.43,789.539,-548.653,-162.941,771.391,,,,,,,,,,,,,-678.51,221.82,816.009,-631.938,254.796,837.547,-660.579,224.227,779.476,-614.476,254.951,802.09,-648.85,268.354,1524.59,-732.968,323.092,1569.58,-551.973,336.992,1504.13,-566.134,440.614,1529.64
2196,0,-426.946,-25.5829,897.289,-479.454,-83.8626,843.828,-531.888,-142.392,789.515,-548.647,-162.911,771.388,,,,,,,,,,,,,-678.439,221.777,815.946,-631.917,254.698,837.527,-660.485,224.251,779.389,-614.435,254.915,802.048,-648.835,268.277,1524.49,-732.971,322.978,1569.51,-551.884,336.927,1504.03,-566.155,440.484,1529.62
2197,0,-426.909,-25.6512,897.401,-479.423,-83.8619,843.856,-531.884,-142.328,789.508,-548.645,-162.837,771.387,,,,,,,,,,,,,-678.364,221.726,815.953,-631.848,254.678,837.49,-660.458,224.226,779.365,-614.387,254.921,802.029,-648.833,268.224,1524.43,-732.957,322.835,1569.44,-552.054,336.836,1504.09,-566.192,440.423,1529.58
2198,0,-426.851,-25.7215,897.508,-479.41,-83.8551,843.903,-531.875,-142.247,789.47,-548.638,-162.733,771.39,,,,,,,,,,,,,-678.302,221.679,815.906,-631.798,254.601,837.498,-661.18,222.323,779.568,-614.318,254.922,802.018,-648.799,268.123,1524.32,-732.934,322.728,1569.36,-551.922,336.763,1504.02,-566.197,440.374,1529.55
2199,0,-426.818,-25.7878,897.601,-479.394,-83.8311,843.951,-531.89,-142.13,789.472,-548.692,-162.627,771.381,,,,,,,,,,,,,-678.238,221.645,815.88,-631.468,254.819,837.633,-660.342,224.177,779.307,-614.251,254.933,802.018,-648.777,268.023,1524.24,-732.902,322.608,1569.28,-552.052,336.68,1504.03,-566.217,440.321,1529.51
2200,0,-426.79,-25.8261,897.731,-479.43,-83.7891,844.012,-531.942,-141.998,789.472,-548.684,-162.565,771.286,,,,,,,,,,,,,-678.182,221.603,815.857,-631.403,254.787,837.611,-660.545,223.945,779.222,-614.238,254.887,801.961,-648.73,267.989,1524.13,-732.875,322.502,1569.2,-552.018,336.598,1504,-566.235,440.295,1529.47
2201,0,-426.755,-25.8477,897.875,-479.463,-83.7057,844.094,-532.089,-141.832,789.619,-548.804,-162.36,771.295,,,,,,,,,,,,,-678.095,221.573,815.839,-631.376,254.721,837.58,-660.989,222.246,779.524,-614.434,254.635,801.799,-648.697,267.861,1524.04,-732.847,322.37,1569.13,-551.982,336.568,1503.86,-566.114,440.166,1529.73
2202,0,-426.72,-25.8625,898.022,-479.527,-83.5802,844.201,-532.238,-141.579,789.635,-548.958,-162.073,771.308,,,,,,,,,,,,,-678.058,221.521,815.82,-631.326,254.675,837.572,-660.139,224.156,779.278,-614.115,254.834,801.862,-648.62,267.761,1523.93,-732.822,322.247,1569.05,-552.057,336.478,1503.88,-566.174,440.156,1529.49
2203,0,-426.701,-25.8559,898.148,-479.584,-83.4518,844.252,-532.407,-141.315,789.663,-549.189,-161.794,771.299,,,,,,,,,,,,,-677.988,221.477,815.79,-631.278,254.678,837.563,-660.098,224.15,779.262,-614.342,254.608,801.74,-648.578,267.723,1523.82,-732.785,322.144,1568.94,-552.175,336.429,1503.82,-566.12,439.957,1529.39
2204,0,-426.661,-25.8509,898.258,-479.609,-83.3092,844.299,-532.551,-141.05,789.678,-549.393,-161.471,771.331,,,,,,,,,,,,,-677.942,221.467,815.769,-631.553,254.339,837.404,-660.053,224.153,779.225,-614.28,254.608,801.725,-648.522,267.619,1523.7,-732.769,322.039,1568.87,-552.076,336.282,1503.88,-566.178,440.016,1529.29
2205,0,-426.641,-25.8444,898.403,-479.652,-83.1667,844.401,-532.67,-140.804,789.717,-549.505,-161.158,771.271,,,,,,,,,,,,,-677.867,221.439,815.744,-631.232,254.593,837.564,-660.001,224.141,779.205,-614.257,254.604,801.699,-648.506,267.518,1523.64,-732.747,321.92,1568.83,-552.018,336.26,1503.71,-565.998,439.902,1529.59
2206,0,-426.629,-25.858,898.562,-479.666,-83.0799,844.46,-532.718,-140.615,789.729,-549.556,-160.941,771.353,,,,,,,,,,,,,-677.856,221.421,815.739,-631.196,254.59,837.545,-659.935,224.122,779.187,-613.939,254.81,801.806,-648.494,267.448,1523.58,-732.714,321.846,1568.76,-551.306,336.349,1503.05,-565.959,439.814,1529.52
2207,0,-426.618,-25.888,898.717,-479.681,-83.0076,844.554,-532.76,-140.456,789.759,-549.695,-160.674,771.469,,,,,,,,,,,,,-677.825,221.404,815.693,-631.166,254.554,837.53,-659.911,224.128,779.191,-613.888,254.819,801.802,-648.425,267.354,1523.45,-732.685,321.766,1568.7,-552.19,336.039,1503.74,-565.913,439.745,1529.46
2208,0,-426.642,-25.8991,898.903,-479.724,-82.9381,844.651,-532.813,-140.309,789.799,-549.755,-160.493,771.435,,,,,,,,,,,,,-677.774,221.385,815.671,-631.149,254.513,837.519,-659.889,224.087,779.174,-613.86,254.827,801.805,-648.397,267.272,1523.37,-732.652,321.642,1568.67,-551.907,336.017,1503.42,-565.974,439.592,1529.06
2209,0,-426.682,-25.9148,899.05,-479.784,-82.8748,844.732,-532.91,-140.147,789.802,-549.873,-160.301,771.474,,,,,,,,,,,,,-677.78,221.378,815.629,-631.14,254.478,837.492,-659.848,224.085,779.135,-614.13,254.546,801.618,-648.424,267.15,1523.37,-732.612,321.553,1568.62,-551.357,336.069,1502.88,-566.061,440.033,1529.12
2210,0,-426.734,-25.958,899.182,-479.872,-82.8304,844.814,-533.038,-139.989,789.831,-549.996,-160.134,771.483,,,,,,,,,,,,,-677.757,221.367,815.591,-631.121,254.462,837.485,-659.832,224.113,779.065,-613.817,254.762,801.704,-648.373,267.074,1523.24,-732.574,321.465,1568.58,-551.586,335.897,1503.05,-565.804,439.501,1529.26
2211,0,-426.782,-25.9716,899.324,-479.972,-82.752,844.908,-533.163,-139.786,789.686,-550.17,-159.983,771.576,,,,,,,,,,,,,-677.753,221.357,815.559,-631.123,254.389,837.45,-659.822,224.082,779.023,-613.842,254.743,801.684,-648.347,266.947,1523.14,-732.532,321.34,1568.55,-551.45,335.84,1502.86,-565.951,439.851,1529
2212,0,-426.809,-26.0159,899.374,-480.049,-82.7058,844.956,-533.291,-139.659,789.728,-550.259,-159.801,771.521,,,,,,,,,,,,,-677.725,221.348,815.524,-631.132,254.377,837.396,-659.805,224.101,778.954,-614.126,254.491,801.507,-648.316,266.916,1523.03,-732.507,321.257,1568.51,-551.535,335.746,1502.83,-565.876,439.682,1528.95
2213,0,-426.807,-26.0608,899.434,-480.059,-82.7173,844.969,-533.319,-139.632,789.708,-550.345,-159.765,771.536,,,,,,,,,,,,,-677.732,221.331,815.473,-631.415,254.093,837.25,-659.819,224.073,778.922,-614.128,254.442,801.509,-648.319,266.815,1522.98,-732.484,321.145,1568.49,-551.662,335.658,1502.83,-565.811,439.524,1528.92
2214,0,-426.767,-26.1275,899.479,-480.017,-82.7731,844.978,-533.277,-139.686,789.715,-550.323,-159.823,771.559,,,,,,,,,,,,,-677.752,221.312,815.433,-631.135,254.298,837.354,-659.847,224.034,778.921,-614.168,254.378,801.478,-648.261,266.805,1522.85,-732.433,321.082,1568.41,-551.262,335.645,1502.42,-565.635,439.073,1528.98
2215,0,-426.778,-26.2063,899.493,-480.029,-82.8223,844.989,-533.293,-139.707,789.719,-550.324,-159.835,771.564,,,,,,,,,,,,,-677.777,221.276,815.392,-631.137,254.245,837.324,-659.87,223.992,778.863,-613.886,254.594,801.6,-648.273,266.658,1522.78,-732.399,320.988,1568.34,-551.572,335.487,1502.61,-565.65,438.744,1528.57
2216,0,-426.773,-26.2562,899.535,-480.027,-82.8628,845.015,-533.289,-139.731,789.72,-550.328,-159.845,771.568,,,,,,,,,,,,,-677.778,221.246,815.359,-631.151,254.197,837.27,-659.835,223.989,778.786,-614.168,254.315,801.439,-648.264,266.626,1522.7,-732.41,320.9,1568.33,-551.594,335.396,1502.59,-565.718,439.197,1528.83
2217,0,-426.78,-26.333,899.552,-480.05,-82.9099,845.044,-533.303,-139.755,789.717,-550.349,-159.848,771.557,,,,,,,,,,,,,-677.797,221.215,815.325,-631.153,254.164,837.242,-659.855,223.93,778.749,-614.193,254.266,801.365,-648.236,266.544,1522.61,-732.383,320.798,1568.29,-551.645,335.296,1502.64,-565.544,438.807,1528.91
2218,0,-426.782,-26.406,899.593,-480.052,-82.9593,845.069,-533.324,-139.781,789.725,-550.376,-159.883,771.575,,,,,,,,,,,,,-677.806,221.156,815.302,-631.164,254.105,837.198,-659.878,223.87,778.732,-614.161,254.208,801.349,-648.211,266.494,1522.55,-732.375,320.723,1568.23,-551.594,335.264,1502.49,-565.521,438.727,1528.88
2219,0,-426.762,-26.4941,899.635,-480.042,-83.0103,845.119,-533.309,-139.811,789.722,-550.378,-159.87,771.577,,,,,,,,,,,,,-677.804,221.116,815.278,-631.177,254.05,837.18,-660.686,221.71,779.062,-613.933,254.415,801.463,-648.218,266.382,1522.51,-732.361,320.644,1568.2,-551.721,335.151,1502.61,-565.48,438.64,1528.85
2220,0,-426.716,-26.5748,899.709,-480.014,-83.0509,845.167,-533.286,-139.816,789.698,-550.355,-159.867,771.583,,,,,,,,,,,,,-677.837,221.087,815.236,-631.173,254.012,837.132,-660.445,221.764,779.102,-614.186,254.11,801.317,-648.193,266.343,1522.45,-732.342,320.588,1568.14,-551.693,335.128,1502.52,-565.462,438.582,1528.84
2221,0,-426.664,-26.6614,899.759,-479.967,-83.1047,845.188,-533.26,-139.829,789.698,-550.351,-159.879,771.596,,,,,,,,,,,,,-677.864,221.056,815.204,-631.183,253.989,837.112,-659.968,223.586,778.701,-614.203,254.028,801.282,-648.199,266.282,1522.43,-732.315,320.526,1568.06,-551.605,335.05,1502.45,-565.575,438.443,1528.37
2222,0,-426.615,-26.7527,899.808,-479.94,-83.1632,845.207,-533.23,-139.847,789.716,-550.35,-159.885,771.593,,,,,,,,,,,,,-677.914,220.998,815.172,-631.172,253.927,837.095,-660.723,221.588,778.98,-614.213,253.971,801.254,-648.185,266.225,1522.33,-732.328,320.442,1568.06,-550.964,335.156,1501.85,-565.408,438.41,1528.82
2223,0,-426.577,-26.8326,899.884,-479.912,-83.2117,845.248,-533.211,-139.87,789.715,-550.334,-159.876,771.596,,,,,,,,,,,,,-677.916,220.943,815.14,-631.201,253.858,837.054,-660.768,221.478,778.915,-614.207,253.944,801.239,-648.195,266.161,1522.29,-732.33,320.35,1568.03,-551.37,335.019,1502.12,-565.393,438.341,1528.81
2224,0,-426.54,-26.8975,899.947,-479.892,-83.263,845.287,-533.183,-139.89,789.692,-550.328,-159.902,771.596,,,,,,,,,,,,,-677.958,220.882,815.121,-631.222,253.804,837.016,-660.751,221.466,778.881,-614.224,253.854,801.19,-648.178,266.128,1522.22,-732.315,320.295,1567.96,-551.404,334.94,1502.15,-565.388,438.289,1528.8
2225,0,-426.524,-26.9673,900.012,-479.877,-83.3011,845.319,-533.193,-139.908,789.721,-550.332,-159.917,771.608,,,,,,,,,,,,,-678,220.81,815.074,-631.242,253.733,836.958,-660.02,223.374,778.55,-614.213,253.772,801.168,-648.161,266.039,1522.13,-732.326,320.221,1567.92,-551.381,334.894,1502.1,-565.374,438.226,1528.81
2226,0,-426.488,-27.0277,900.045,-479.863,-83.3496,845.357,-533.166,-139.922,789.719,-550.324,-159.922,771.637,,,,,,,,,,,,,-678.003,220.758,815.045,-631.534,253.397,836.745,-660.849,221.325,778.79,-613.964,253.957,801.267,-648.173,265.938,1522.08,-732.332,320.156,1567.88,-551.373,334.842,1502.08,-565.367,438.161,1528.8
2227,0,-426.442,-27.0944,900.113,-479.838,-83.3787,845.364,-533.152,-139.934,789.735,-550.309,-159.895,771.59,,,,,,,,,,,,,-678.044,220.721,814.991,-631.547,253.328,836.715,-660.623,221.275,778.774,-613.967,253.906,801.235,-648.185,265.898,1522.05,-732.357,320.098,1567.85,-550.982,334.883,1501.73,-565.361,438.097,1528.81
2228,0,-426.414,-27.1457,900.182,-479.798,-83.4082,845.362,-533.139,-139.933,789.73,-550.315,-159.898,771.593,,,,,,,,,,,,,-678.092,220.703,814.954,-631.56,253.294,836.656,-660.903,221.238,778.698,-613.984,253.837,801.195,-648.226,265.829,1522.03,-732.356,320.022,1567.77,-551.367,334.738,1502.01,-565.471,437.947,1528.4
2229,0,-426.366,-27.2142,900.233,-479.751,-83.4421,845.356,-533.102,-139.932,789.715,-550.307,-159.91,771.621,,,,,,,,,,,,,-678.321,220.666,814.88,-631.28,253.501,836.762,-660.959,221.193,778.636,-614.004,253.775,801.172,-648.207,265.759,1521.95,-732.383,319.965,1567.75,-551.009,334.759,1501.7,-565.442,437.832,1528.41
2230,0,-426.31,-27.2671,900.289,-479.706,-83.4639,845.376,-533.062,-139.927,789.737,-550.276,-159.869,771.624,,,,,,,,,,,,,-678.381,220.641,814.828,-631.313,253.471,836.755,-660.177,223.207,778.292,-614.094,253.733,801.165,-648.237,265.664,1521.93,-732.4,319.894,1567.69,-551.464,334.587,1502.01,-565.362,437.954,1528.84
2231,0,-426.264,-27.3364,900.316,-479.69,-83.4931,845.424,-533.04,-139.914,789.729,-550.269,-159.877,771.627,,,,,,,,,,,,,-678.437,220.596,814.812,-631.632,253.152,836.552,-660.234,223.157,778.288,-614.43,253.376,800.97,-648.295,265.6,1521.94,-732.46,319.812,1567.69,-551.442,334.516,1502,-565.481,437.817,1528.43
2232,0,-426.268,-27.391,900.379,-479.67,-83.5245,845.437,-533.039,-139.916,789.731,-550.269,-159.869,771.623,,,,,,,,,,,,,-678.471,220.571,814.772,-631.683,253.115,836.509,-660.855,220.958,778.558,-614.459,253.307,800.904,-648.328,265.494,1521.91,-732.468,319.763,1567.62,-551.529,334.399,1502.08,-565.515,437.776,1528.43
2233,0,-426.262,-27.4324,900.385,-479.674,-83.5395,845.453,-533.04,-139.904,789.738,-550.27,-159.871,771.628,,,,,,,,,,,,,-678.512,220.539,814.752,-631.725,253.087,836.514,-661.181,221.022,778.511,-614.175,253.589,801.072,-648.354,265.463,1521.87,-732.517,319.703,1567.62,-551.122,334.458,1501.68,-565.412,437.787,1528.88
2234,0,-426.267,-27.4685,900.435,-479.684,-83.5668,845.466,-533.056,-139.915,789.736,-550.273,-159.861,771.615,,,,,,,,,,,,,-678.6,220.556,814.714,-631.775,253.039,836.49,-660.657,222.882,778.098,-614.233,253.552,801.049,-648.44,265.336,1521.93,-732.558,319.63,1567.63,-551.38,334.317,1501.9,-565.437,437.717,1528.89
2235,0,-426.308,-27.5273,900.464,-479.711,-83.5909,845.489,-533.085,-139.933,789.721,-550.274,-159.863,771.605,,,,,,,,,,,,,-678.678,220.529,814.697,-631.797,253.042,836.445,-660.427,223.125,778.148,-614.553,253.228,800.845,-648.467,265.309,1521.89,-732.603,319.591,1567.61,-551.639,334.205,1502.02,-565.456,437.653,1528.89
2236,0,-426.316,-27.5559,900.476,-479.724,-83.6162,845.498,-533.095,-139.948,789.72,-550.297,-159.864,771.6,,,,,,,,,,,,,-678.468,220.501,814.703,-631.837,253.02,836.446,-661.014,221.006,778.482,-614.335,253.52,801.047,-648.5,265.254,1521.85,-732.625,319.54,1567.57,-551.553,334.167,1501.94,-565.675,437.711,1528.48
2237,0,-426.338,-27.584,900.496,-479.737,-83.6385,845.499,-533.109,-139.974,789.738,-550.298,-159.862,771.587,,,,,,,,,,,,,-678.528,220.499,814.699,-631.892,253.007,836.39,-660.522,223.154,778.077,-614.376,253.532,801.023,-648.556,265.208,1521.86,-732.654,319.503,1567.56,-551.62,334.062,1502.01,-565.491,437.5,1528.93
2238,0,-426.343,-27.6242,900.499,-479.754,-83.6699,845.492,-533.131,-140.006,789.724,-550.32,-159.914,771.606,,,,,,,,,,,,,-678.598,220.484,814.664,-631.937,252.974,836.383,-660.579,223.122,778.095,-614.426,253.527,801.011,-648.589,265.13,1521.83,-732.698,319.463,1567.56,-551.755,333.991,1502.05,-565.701,437.529,1528.53
2239,0,-426.355,-27.6643,900.482,-479.758,-83.6936,845.479,-533.128,-140.019,789.722,-550.334,-159.963,771.627,,,,,,,,,,,,,-678.648,220.466,814.609,-631.982,252.962,836.33,-660.621,223.13,778.056,-614.45,253.522,800.993,-648.673,265.089,1521.88,-732.715,319.409,1567.53,-551.799,333.922,1502.06,-565.537,437.329,1528.92
2240,0,-426.353,-27.6734,900.489,-479.764,-83.7128,845.485,-533.14,-140.041,789.717,-550.339,-159.958,771.605,,,,,,,,,,,,,-678.677,220.469,814.604,-632.022,252.953,836.337,-660.645,223.174,778.034,-614.519,253.487,800.931,-648.688,265.051,1521.81,-732.749,319.379,1567.56,-551.839,333.842,1502.12,-565.718,437.355,1528.56
2241,0,-426.362,-27.6916,900.487,-479.771,-83.7275,845.477,-533.146,-140.072,789.728,-550.363,-160.003,771.614,,,,,,,,,,,,,-678.72,220.452,814.562,-632.023,252.966,836.294,-660.702,223.149,778.027,-614.531,253.47,800.944,-648.697,265.056,1521.75,-732.756,319.362,1567.52,-551.39,333.955,1501.64,-565.597,437.227,1528.93
2242,0,-426.356,-27.7164,900.475,-479.777,-83.7431,845.47,-533.168,-140.073,789.725,-550.357,-159.994,771.598,,,,,,,,,,,,,-678.737,220.454,814.549,-631.744,253.205,836.461,-660.727,223.176,777.959,-614.536,253.432,800.924,-648.741,265.011,1521.77,-732.775,319.316,1567.52,-551.732,333.842,1501.9,-565.832,437.423,1528.5
2243,0,-426.345,-27.7329,900.452,-479.779,-83.7665,845.43,-533.172,-140.086,789.705,-550.389,-160.007,771.61,,,,,,,,,,,,,-678.788,220.456,814.53,-632.049,252.953,836.285,-660.725,223.183,777.98,-614.595,253.44,800.914,-648.733,265,1521.7,-732.788,319.323,1567.53,-551.798,333.812,1501.92,-565.628,437.108,1528.89
2244,0,-426.335,-27.77,900.43,-479.785,-83.7838,845.415,-533.198,-140.087,789.699,-550.403,-159.994,771.59,,,,,,,,,,,,,-678.811,220.429,814.492,-631.791,253.201,836.404,-660.794,223.123,777.98,-614.631,253.395,800.899,-648.761,264.994,1521.73,-732.786,319.298,1567.5,-551.784,333.819,1501.84,-565.831,437.316,1528.5
2245,0,-426.343,-27.8069,900.446,-479.807,-83.8103,845.412,-533.223,-140.091,789.684,-550.447,-160.02,771.605,,,,,,,,,,,,,-678.843,220.401,814.489,-631.8,253.172,836.398,-660.805,223.111,777.967,-614.605,253.359,800.831,-648.761,264.995,1521.7,-732.82,319.303,1567.51,-551.836,333.803,1501.89,-565.66,437.087,1528.9
2246,0,-426.377,-27.8643,900.449,-479.821,-83.84,845.418,-533.263,-140.128,789.678,-550.477,-160.011,771.57,,,,,,,,,,,,,-678.85,220.367,814.49,-631.808,253.166,836.388,-661.617,220.848,778.316,-614.629,253.335,800.808,-648.765,264.963,1521.69,-732.813,319.252,1567.51,-551.652,333.847,1501.73,-565.682,437.073,1528.93
2247,0,-426.388,-27.9094,900.445,-479.856,-83.8852,845.405,-533.298,-140.154,789.677,-550.523,-160.047,771.565,,,,,,,,,,,,,-678.877,220.362,814.466,-632.123,252.873,836.222,-660.834,223.124,777.893,-614.66,253.294,800.798,-648.764,264.96,1521.67,-732.812,319.284,1567.49,-551.833,333.796,1501.93,-565.914,437.38,1528.48
2248,0,-426.436,-27.9489,900.419,-479.894,-83.9154,845.388,-533.351,-140.182,789.679,-550.564,-160.094,771.589,,,,,,,,,,,,,-678.908,220.329,814.444,-632.126,252.856,836.231,-660.832,223.132,777.89,-614.66,253.297,800.822,-648.75,264.969,1521.65,-732.813,319.268,1567.47,-551.907,333.829,1501.91,-565.802,437.012,1528.5
2249,0,-426.472,-27.9853,900.415,-479.948,-83.9477,845.391,-533.396,-140.214,789.665,-550.601,-160.124,771.591,,,,,,,,,,,,,-678.91,220.314,814.437,-632.153,252.81,836.226,-661.679,220.813,778.306,-614.694,253.256,800.717,-648.751,265.014,1521.68,-732.804,319.256,1567.49,-551.805,333.826,1501.92,-565.728,437.147,1528.94
2250,0,-426.5,-28.0076,900.396,-479.984,-83.9875,845.371,-533.435,-140.26,789.664,-550.657,-160.168,771.564,,,,,,,,,,,,,-678.935,220.308,814.417,-632.163,252.797,836.24,-660.89,223.09,777.902,-614.71,253.21,800.679,-648.746,264.99,1521.68,-732.778,319.258,1567.46,-551.837,333.862,1501.93,-565.733,437.174,1528.92
2251,0,-426.547,-28.0386,900.359,-480.029,-84.0298,845.333,-533.491,-140.301,789.649,-550.694,-160.222,771.55,,,,,,,,,,,,,-678.949,220.299,814.425,-632.173,252.784,836.239,-661.722,220.78,778.302,-614.691,253.201,800.728,-648.722,265.024,1521.67,-732.804,319.257,1567.51,-551.942,333.907,1501.96,-565.746,437.209,1528.93
2252,0,-426.564,-28.0568,900.328,-480.07,-84.056,845.303,-533.542,-140.334,789.634,-550.73,-160.238,771.55,,,,,,,,,,,,,-678.964,220.281,814.445,-631.878,253.055,836.363,-661.717,220.794,778.297,-614.712,253.223,800.754,-648.663,265.083,1521.62,-732.77,319.263,1567.47,-551.905,333.94,1501.98,-565.756,437.274,1528.93
2253,0,-426.584,-28.0785,900.301,-480.096,-84.0825,845.289,-533.568,-140.366,789.628,-550.749,-160.28,771.581,,,,,,,,,,,,,-678.936,220.259,814.44,-632.181,252.769,836.246,-661.704,220.782,778.296,-614.7,253.231,800.789,-648.663,265.096,1521.66,-732.77,319.271,1567.49,-552.024,333.987,1502.02,-565.764,437.343,1528.93
2254,0,-426.559,-28.0989,900.229,-480.086,-84.097,845.263,-533.575,-140.399,789.627,-550.766,-160.304,771.57,,,,,,,,,,,,,-678.951,220.246,814.448,-632.162,252.766,836.256,-661.708,220.765,778.322,-614.716,253.18,800.704,-648.675,265.104,1521.7,-732.757,319.314,1567.47,-552.129,333.982,1502.15,-566.008,437.574,1528.47
2255,0,-426.532,-28.1144,900.188,-480.057,-84.1231,845.23,-533.56,-140.42,789.589,-550.797,-160.32,771.559,,,,,,,,,,,,,-678.916,220.243,814.469,-632.169,252.746,836.257,-661.667,220.712,778.32,-614.663,253.202,800.78,-648.643,265.126,1521.67,-732.762,319.304,1567.5,-551.913,334.096,1501.97,-565.824,437.485,1528.92
2256,0,-426.504,-28.1214,900.163,-480.034,-84.1232,845.208,-533.56,-140.428,789.593,-550.794,-160.313,771.547,,,,,,,,,,,,,-678.883,220.237,814.467,-631.875,252.977,836.405,-661.687,220.654,778.314,-614.65,253.21,800.793,-648.63,265.159,1521.71,-732.729,319.346,1567.49,-552.2,334.056,1502.25,-565.813,437.52,1528.91
2257,0,-426.477,-28.1093,900.154,-480.013,-84.1218,845.192,-533.545,-140.419,789.574,-550.794,-160.304,771.531,,,,,,,,,,,,,-678.856,220.253,814.486,-631.81,253.004,836.424,-661.673,220.571,778.311,-614.613,253.223,800.822,-648.577,265.212,1521.63,-732.718,319.366,1567.47,-552.111,334.118,1502.23,-565.846,437.622,1528.91
2258,0,-426.439,-28.1227,900.115,-479.984,-84.1305,845.163,-533.543,-140.435,789.558,-550.789,-160.322,771.536,,,,,,,,,,,,,-678.822,220.24,814.477,-631.81,253.009,836.418,-661.391,220.615,778.354,-614.582,253.223,800.825,-648.598,265.301,1521.7,-732.711,319.382,1567.48,-552.117,334.231,1502.1,-566.021,437.688,1528.39
2259,0,-426.423,-28.1393,900.052,-479.965,-84.1562,845.144,-533.535,-140.459,789.538,-550.792,-160.336,771.517,,,,,,,,,,,,,-678.774,220.225,814.504,-632.08,252.739,836.272,-661.621,220.514,778.306,-614.576,253.218,800.843,-648.531,265.313,1521.6,-732.706,319.409,1567.48,-551.395,334.458,1501.5,-565.86,437.748,1528.86
2260,0,-426.415,-28.1598,900.015,-479.969,-84.1785,845.11,-533.561,-140.495,789.516,-550.816,-160.366,771.538,,,,,,,,,,,,,-678.715,220.195,814.492,-631.745,253.018,836.401,-661.594,220.479,778.306,-614.494,253.22,800.822,-648.484,265.418,1521.55,-732.704,319.428,1567.49,-552.138,334.378,1502.04,-566.049,437.874,1528.41
2261,0,-426.424,-28.1987,900.004,-479.976,-84.2175,845.075,-533.57,-140.531,789.503,-550.85,-160.41,771.528,,,,,,,,,,,,,-678.661,220.206,814.483,-632.003,252.755,836.27,-661.583,220.442,778.305,-614.45,253.206,800.807,-648.502,265.399,1521.6,-732.685,319.459,1567.47,-552.079,334.438,1502.04,-566.032,437.838,1528.35
2262,0,-426.444,-28.2247,899.984,-480.004,-84.2672,845.036,-533.612,-140.591,789.501,-550.892,-160.485,771.549,,,,,,,,,,,,,-678.6,220.198,814.494,-631.647,252.995,836.412,-661.526,220.398,778.321,-614.363,253.195,800.788,-648.466,265.43,1521.56,-732.686,319.474,1567.48,-551.79,334.588,1501.77,-565.872,437.932,1528.82
2263,0,-426.47,-28.2579,899.883,-480.025,-84.3043,844.985,-533.661,-140.65,789.471,-550.95,-160.551,771.517,,,,,,,,,,,,,-678.523,220.196,814.486,-631.917,252.78,836.247,-661.48,220.357,778.311,-614.33,253.181,800.792,-648.436,265.536,1521.54,-732.674,319.499,1567.47,-551.757,334.665,1501.72,-565.904,438.017,1528.78
2264,0,-426.502,-28.2824,899.837,-480.072,-84.3301,844.979,-533.719,-140.69,789.477,-551.009,-160.602,771.529,,,,,,,,,,,,,-678.427,220.199,814.485,-631.862,252.785,836.248,-661.459,220.325,778.316,-614.267,253.201,800.752,-648.435,265.554,1521.54,-732.682,319.53,1567.5,-551.763,334.739,1501.71,-565.914,438.074,1528.77
2265,0,-426.502,-28.2932,899.791,-480.083,-84.3564,844.945,-533.728,-140.706,789.467,-551.042,-160.65,771.53,,,,,,,,,,,,,-678.419,220.198,814.501,-631.816,252.835,836.239,-661.421,220.357,778.295,-614.217,253.187,800.762,-648.39,265.652,1521.5,-732.66,319.557,1567.49,-551.884,334.777,1501.78,-565.927,438.144,1528.76
2266,0,-426.49,-28.299,899.749,-480.075,-84.3556,844.912,-533.735,-140.718,789.438,-551.052,-160.653,771.533,,,,,,,,,,,,,-678.362,220.205,814.502,-631.797,252.833,836.243,-660.69,222.502,778.025,-614.195,253.19,800.764,-648.355,265.712,1521.49,-732.641,319.601,1567.48,-551.927,334.829,1501.81,-565.949,438.214,1528.74
2267,0,-426.464,-28.3026,899.715,-480.05,-84.3566,844.887,-533.714,-140.727,789.425,-551.039,-160.649,771.531,,,,,,,,,,,,,-678.543,220.239,814.461,-631.719,252.853,836.215,-660.661,222.49,778.049,-614.103,253.185,800.787,-648.341,265.697,1521.48,-732.625,319.624,1567.47,-551.91,334.887,1501.84,-565.947,438.257,1528.73
2268,0,-426.388,-28.2954,899.671,-480.005,-84.3569,844.864,-533.675,-140.726,789.417,-551.012,-160.635,771.514,,,,,,,,,,,,,-678.477,220.233,814.498,-631.667,252.872,836.201,-660.61,222.475,778.059,-614.05,253.253,800.846,-648.324,265.798,1521.52,-732.621,319.637,1567.5,-551.965,334.96,1501.82,-566.077,438.157,1528.31
2269,0,-426.34,-28.2847,899.619,-479.951,-84.3433,844.841,-533.621,-140.709,789.376,-550.971,-160.61,771.525,,,,,,,,,,,,,-678.378,220.233,814.527,-631.316,253.154,836.374,-661.101,220.609,778.415,-613.967,253.225,800.804,-648.287,265.853,1521.51,-732.597,319.698,1567.5,-552.034,334.991,1501.93,-566.278,438.776,1528.32
2270,0,-426.279,-28.2563,899.561,-479.904,-84.3182,844.803,-533.582,-140.702,789.376,-550.97,-160.61,771.518,,,,,,,,,,,,,-678.345,220.24,814.53,-631.252,253.167,836.373,-660.176,222.807,778.129,-613.917,253.273,800.868,-648.25,265.913,1521.49,-732.581,319.715,1567.5,-551.936,335.068,1501.88,-566.08,438.203,1528.32
2271,0,-426.23,-28.2297,899.514,-479.861,-84.3016,844.736,-533.554,-140.679,789.346,-550.938,-160.585,771.53,,,,,,,,,,,,,-678.268,220.273,814.542,-631.536,252.939,836.184,-660.085,222.771,778.176,-613.856,253.248,800.795,-648.214,265.99,1521.51,-732.567,319.751,1567.52,-551.999,335.098,1501.98,-566.065,438.532,1528.71
2272,0,-426.199,-28.2088,899.459,-479.827,-84.2996,844.699,-533.539,-140.681,789.324,-550.913,-160.587,771.55,,,,,,,,,,,,,-678.184,220.282,814.554,-631.493,252.93,836.173,-660.566,220.708,778.533,-613.796,253.291,800.849,-648.175,266.029,1521.54,-732.54,319.811,1567.53,-552.012,335.172,1501.95,-566.052,438.575,1528.7
2273,0,-426.2,-28.1768,899.409,-479.821,-84.2822,844.675,-533.541,-140.675,789.316,-550.928,-160.565,771.499,,,,,,,,,,,,,-678.153,220.312,814.563,-631.412,252.972,836.13,-659.965,222.712,778.227,-613.745,253.305,800.822,-648.182,266.075,1521.58,-732.536,319.842,1567.56,-552.133,335.199,1502.11,-566.041,438.284,1528.38
2274,0,-426.228,-28.1656,899.387,-479.846,-84.2819,844.651,-533.559,-140.69,789.297,-550.957,-160.61,771.526,,,,,,,,,,,,,-678.076,220.33,814.581,-631.033,253.295,836.34,-659.864,222.926,778.118,-613.67,253.36,800.833,-648.148,266.131,1521.59,-732.519,319.862,1567.57,-552.039,335.301,1502.04,-566.152,438.522,1528.31
2275,0,-426.244,-28.144,899.339,-479.869,-84.283,844.611,-533.571,-140.712,789.297,-550.961,-160.635,771.506,,,,,,,,,,,,,-678.02,220.321,814.599,-631.316,253.042,836.158,-659.804,222.913,778.155,-613.644,253.373,800.845,-648.113,266.176,1521.6,-732.505,319.896,1567.58,-551.887,335.391,1501.94,-566.075,438.763,1528.71
2276,0,-426.276,-28.1233,899.286,-479.894,-84.2714,844.597,-533.583,-140.727,789.286,-550.966,-160.665,771.522,,,,,,,,,,,,,-677.751,220.318,814.616,-631.256,253.088,836.138,-659.716,223.024,778.085,-613.584,253.389,800.819,-648.095,266.213,1521.64,-732.469,319.952,1567.58,-551.962,335.435,1502.03,-566.093,438.84,1528.7
2277,0,-426.295,-28.0833,899.29,-479.902,-84.2457,844.577,-533.592,-140.716,789.278,-550.973,-160.67,771.514,,,,,,,,,,,,,-677.896,220.363,814.607,-631.221,253.097,836.139,-659.659,223.07,778.059,-613.528,253.403,800.754,-648.068,266.301,1521.64,-732.463,319.962,1567.6,-552.102,335.472,1502.16,-566.102,438.912,1528.7
2278,0,-426.283,-28.0574,899.259,-479.897,-84.237,844.56,-533.567,-140.709,789.274,-550.945,-160.666,771.547,,,,,,,,,,,,,-677.884,220.381,814.607,-631.146,253.123,836.174,-659.625,223.108,778.078,-613.838,253.189,800.576,-648.027,266.367,1521.64,-732.451,320.014,1567.63,-551.985,335.601,1502,-566.106,438.986,1528.71
2279,0,-426.277,-28.0172,899.242,-479.888,-84.1991,844.554,-533.542,-140.686,789.234,-550.925,-160.651,771.5,,,,,,,,,,,,,-677.814,220.406,814.586,-631.123,253.166,836.151,-659.546,223.105,778.079,-613.796,253.218,800.552,-648.016,266.392,1521.69,-732.418,320.07,1567.63,-552.015,335.591,1502.17,-566.098,439.03,1528.72
2280,0,-426.285,-27.9985,899.25,-479.878,-84.1802,844.542,-533.528,-140.663,789.229,-550.923,-160.63,771.492,,,,,,,,,,,,,-677.789,220.435,814.61,-631.102,253.157,836.114,-659.522,223.161,778.084,-613.428,253.49,800.716,-648.001,266.403,1521.71,-732.42,320.08,1567.67,-551.985,335.651,1502.16,-566.385,439.444,1528.23
2281,0,-426.279,-27.9775,899.243,-479.876,-84.1567,844.542,-533.52,-140.654,789.224,-550.892,-160.594,771.516,,,,,,,,,,,,,-677.776,220.468,814.575,-631.06,253.235,836.148,-659.474,223.213,778.058,-613.381,253.515,800.757,-647.943,266.464,1521.69,-732.373,320.128,1567.65,-551.869,335.749,1502.06,-566.13,438.86,1528.33
2282,0,-426.29,-27.974,899.263,-479.883,-84.1466,844.548,-533.522,-140.622,789.22,-550.894,-160.578,771.503,,,,,,,,,,,,,-677.741,220.481,814.604,-631.051,253.243,836.151,-659.437,223.258,778.056,-613.671,253.329,800.549,-647.926,266.487,1521.71,-732.342,320.166,1567.66,-551.968,335.803,1502.12,-566.125,439.241,1528.71
2283,0,-426.31,-27.9854,899.281,-479.9,-84.1383,844.559,-533.526,-140.62,789.215,-550.915,-160.577,771.503,,,,,,,,,,,,,-677.721,220.497,814.6,-631.029,253.266,836.131,-659.394,223.271,778.025,-613.325,253.612,800.714,-647.925,266.489,1521.74,-732.327,320.184,1567.68,-551.875,335.839,1502.15,-566.125,439.301,1528.69
2284,0,-426.335,-27.9947,899.311,-479.914,-84.1461,844.575,-533.537,-140.607,789.211,-550.918,-160.593,771.525,,,,,,,,,,,,,-677.473,220.5,814.629,-631.007,253.281,836.12,-659.366,223.3,778.025,-613.266,253.683,800.699,-647.886,266.503,1521.74,-732.31,320.201,1567.71,-551.854,335.913,1502.09,-566.116,439.351,1528.68
2285,0,-426.374,-27.9936,899.337,-479.94,-84.1428,844.593,-533.561,-140.607,789.223,-550.924,-160.6,771.541,,,,,,,,,,,,,-677.656,220.547,814.605,-631.019,253.297,836.122,-659.351,223.328,778.041,-613.272,253.717,800.76,-647.872,266.563,1521.75,-732.313,320.25,1567.74,-551.758,335.961,1502.09,-566.115,439.409,1528.7
2286,0,-426.404,-28.0101,899.349,-479.953,-84.1476,844.6,-533.562,-140.601,789.212,-550.916,-160.59,771.515,,,,,,,,,,,,,-677.43,220.565,814.628,-630.967,253.322,836.147,-659.327,223.343,778.054,-613.507,253.56,800.545,-647.852,266.605,1521.75,-732.277,320.31,1567.71,-551.89,336.022,1502.1,-566.114,439.483,1528.69
2287,0,-426.446,-28.0166,899.402,-479.973,-84.153,844.625,-533.548,-140.606,789.216,-550.909,-160.581,771.512,,,,,,,,,,,,,-677.412,220.593,814.63,-630.937,253.374,836.156,-659.307,223.354,778.042,-613.179,253.806,800.738,-647.85,266.627,1521.79,-732.258,320.318,1567.71,-551.745,336.012,1502.14,-566.107,439.55,1528.68
2288,0,-426.465,-28.0095,899.418,-479.973,-84.1473,844.633,-533.548,-140.613,789.209,-550.905,-160.591,771.507,,,,,,,,,,,,,-677.394,220.611,814.643,-630.955,253.382,836.129,-659.277,223.377,778.08,-613.154,253.875,800.742,-647.838,266.625,1521.79,-732.246,320.345,1567.74,-551.906,336.029,1502.24,-566.121,439.282,1528.34
2289,0,-426.477,-28.0071,899.432,-479.98,-84.1479,844.628,-533.543,-140.61,789.197,-550.897,-160.581,771.503,,,,,,,,,,,,,-677.38,220.63,814.639,-630.963,253.391,836.12,-659.255,223.401,778.06,-613.422,253.639,800.579,-647.799,266.752,1521.77,-732.225,320.393,1567.7,-551.84,336.114,1502.08,-566.102,439.637,1528.65
2290,0,-426.507,-28.0006,899.457,-480,-84.1428,844.634,-533.547,-140.603,789.193,-550.872,-160.557,771.511,,,,,,,,,,,,,-677.36,220.652,814.639,-630.952,253.402,836.117,-659.228,223.4,778.027,-613.14,253.948,800.752,-647.766,266.762,1521.72,-732.216,320.416,1567.7,-551.842,336.112,1502.17,-566.118,439.694,1528.66
2291,0,-426.53,-28.0007,899.478,-480.007,-84.1328,844.638,-533.541,-140.578,789.174,-550.897,-160.591,771.507,,,,,,,,,,,,,-677.361,220.669,814.636,-630.926,253.432,836.112,-659.214,223.43,778.057,-613.133,253.973,800.703,-647.772,266.769,1521.75,-732.199,320.449,1567.7,-551.843,336.102,1502.25,-566.107,439.705,1528.65
2292,0,-426.566,-27.9965,899.501,-480.019,-84.1211,844.649,-533.541,-140.575,789.167,-550.9,-160.583,771.505,,,,,,,,,,,,,-677.334,220.667,814.629,-630.898,253.452,836.111,-659.954,221.542,778.371,-613.089,254,800.719,-647.798,266.806,1521.79,-732.187,320.501,1567.69,-551.804,336.143,1502.17,-566.083,439.728,1528.61
2293,0,-426.606,-27.9972,899.555,-480.054,-84.1143,844.669,-533.55,-140.558,789.172,-550.904,-160.56,771.501,,,,,,,,,,,,,-677.36,220.69,814.635,-630.888,253.508,836.092,-659.941,221.536,778.39,-613.117,254.011,800.695,-647.771,266.824,1521.73,-732.215,320.495,1567.73,-551.842,336.16,1502.17,-566.114,439.779,1528.61
2294,0,-426.641,-27.9951,899.619,-480.076,-84.1022,844.7,-533.559,-140.534,789.159,-550.915,-160.561,771.518,,,,,,,,,,,,,-677.346,220.727,814.627,-630.928,253.479,836.051,-659.92,221.568,778.343,-613.118,254.025,800.692,-647.781,266.841,1521.73,-732.188,320.553,1567.71,-551.829,336.159,1502.2,-566.101,439.783,1528.58
2295,0,-426.687,-27.9928,899.675,-480.097,-84.1024,844.715,-533.551,-140.53,789.168,-550.9,-160.535,771.514,,,,,,,,,,,,,-677.376,220.735,814.621,-630.919,253.484,836.042,-659.424,223.324,777.951,-613.412,253.81,800.521,-647.843,266.858,1521.79,-732.188,320.603,1567.67,-551.905,336.21,1502.16,-566.093,439.808,1528.56
2296,0,-426.751,-28.0102,899.726,-480.118,-84.0992,844.76,-533.555,-140.521,789.156,-550.887,-160.529,771.513,,,,,,,,,,,,,-677.335,220.704,814.594,-630.902,253.518,836.058,-659.195,223.538,777.997,-613.114,254.028,800.676,-647.776,266.903,1521.66,-732.217,320.609,1567.68,-551.756,336.224,1502.07,-566.101,439.83,1528.54
2297,0,-426.786,-28.0251,899.794,-480.13,-84.1093,844.793,-533.548,-140.527,789.163,-550.894,-160.541,771.514,,,,,,,,,,,,,-677.33,220.728,814.584,-630.922,253.523,836.038,-659.443,223.3,777.981,-613.108,254.074,800.663,-647.783,266.956,1521.64,-732.202,320.654,1567.66,-551.902,336.234,1502.1,-566.1,439.855,1528.52
2298,0,-426.814,-28.049,899.86,-480.143,-84.1245,844.825,-533.542,-140.54,789.19,-550.898,-160.536,771.501,,,,,,,,,,,,,-677.369,220.753,814.606,-630.896,253.519,836.053,-659.434,223.362,777.969,-613.105,254.061,800.679,-647.825,266.926,1521.67,-732.226,320.646,1567.68,-551.83,336.215,1502.12,-566.097,439.867,1528.5
2299,0,-426.845,-28.0619,899.892,-480.173,-84.141,844.834,-533.542,-140.546,789.173,-550.875,-160.54,771.507,,,,,,,,,,,,,-677.371,220.766,814.623,-630.907,253.522,836.069,-659.451,223.343,777.967,-613.093,254.097,800.704,-647.827,266.938,1521.63,-732.209,320.687,1567.62,-551.798,336.289,1501.93,-566.386,440.275,1528.07
2300,0,-426.857,-28.0867,899.915,-480.177,-84.1512,844.839,-533.553,-140.558,789.17,-550.883,-160.564,771.529,,,,,,,,,,,,,-677.368,220.804,814.622,-630.931,253.51,836.045,-659.434,223.363,777.976,-613.066,254.078,800.737,-647.857,266.946,1521.62,-732.223,320.722,1567.61,-551.827,336.254,1501.98,-566.377,440.265,1528.02
2301,0,-426.891,-28.0789,899.94,-480.206,-84.1618,844.832,-533.561,-140.56,789.17,-550.893,-160.583,771.537,,,,,,,,,,,,,-677.375,220.81,814.624,-630.912,253.521,836.07,-659.94,221.657,778.37,-613.397,253.809,800.607,-647.863,267.022,1521.58,-732.243,320.73,1567.6,-551.783,336.29,1501.87,-566.116,439.905,1528.41
2302,0,-426.93,-28.0917,899.951,-480.238,-84.1709,844.846,-533.585,-140.569,789.166,-550.897,-160.589,771.512,,,,,,,,,,,,,-677.382,220.82,814.624,-630.933,253.52,836.083,-659.955,221.669,778.355,-613.103,254.098,800.765,-647.901,267.034,1521.55,-732.278,320.752,1567.6,-551.857,336.239,1501.95,-566.225,439.684,1527.96
2303,0,-426.963,-28.1037,899.964,-480.268,-84.1789,844.841,-533.603,-140.581,789.163,-550.907,-160.61,771.528,,,,,,,,,,,,,-677.382,220.832,814.602,-630.9,253.53,836.085,-659.951,221.641,778.366,-613.094,254.099,800.779,-647.95,267.046,1521.55,-732.309,320.793,1567.6,-551.908,336.284,1501.84,-566.417,440.32,1527.98
2304,0,-427.004,-28.1345,900.022,-480.295,-84.1905,844.875,-533.619,-140.589,789.171,-550.915,-160.618,771.538,,,,,,,,,,,,,-677.39,220.841,814.623,-630.958,253.512,836.063,-659.965,221.64,778.364,-613.094,254.071,800.744,-647.972,267.069,1521.49,-732.321,320.839,1567.57,-551.849,336.292,1501.75,-566.464,440.333,1527.89
2305,0,-427.03,-28.1627,900.029,-480.306,-84.2002,844.897,-533.622,-140.579,789.179,-550.924,-160.614,771.526,,,,,,,,,,,,,-677.416,220.843,814.626,-630.937,253.512,836.08,-660.059,221.558,778.389,-613.084,254.055,800.757,-648.037,267.117,1521.48,-732.375,320.874,1567.58,-551.877,336.272,1501.76,-566.495,440.299,1527.84
2306,0,-427.038,-28.2063,900.125,-480.316,-84.2114,844.936,-533.614,-140.579,789.185,-550.918,-160.598,771.531,,,,,,,,,,,,,-677.427,220.833,814.645,-630.948,253.51,836.109,-660.081,221.472,778.37,-613.118,254.036,800.766,-648.116,267.099,1521.49,-732.391,320.887,1567.56,-551.784,336.347,1501.5,-566.493,440.346,1527.9
2307,0,-427.062,-28.2395,900.221,-480.31,-84.217,844.964,-533.597,-140.558,789.204,-550.904,-160.573,771.525,,,,,,,,,,,,,-677.449,220.836,814.629,-630.938,253.498,836.131,-660.113,221.43,778.36,-613.141,253.997,800.735,-648.15,267.142,1521.43,-732.435,320.915,1567.55,-551.931,336.297,1501.62,-566.331,439.966,1528.05
2308,0,-427.074,-28.2691,900.306,-480.326,-84.2128,845.024,-533.59,-140.574,789.268,-550.881,-160.506,771.441,,,,,,,,,,,,,-677.384,220.841,814.536,-631.949,253.007,834.143,-659.581,223.284,778.018,-613.137,253.989,800.798,-648.21,267.122,1521.41,-732.489,320.906,1567.56,-551.269,336.475,1500.98,-566.486,440.057,1527.78
2309,0,-427.077,-28.2944,900.398,-480.317,-84.2142,845.038,-533.593,-140.545,789.281,-550.861,-160.467,771.442,,,,,,,,,,,,,-677.396,220.845,814.552,-631.962,253.001,834.17,-659.592,223.27,778.016,-613.127,253.956,800.762,-648.259,267.159,1521.39,-732.516,320.952,1567.53,-551.747,336.409,1501.25,-566.344,439.935,1528.15
2310,0,-427.105,-28.3448,900.489,-480.342,-84.2287,845.098,-533.586,-140.532,789.275,-550.868,-160.463,771.466,,,,,,,,,,,,,-677.404,220.846,814.548,-631.985,252.978,834.168,-659.629,223.192,778.065,-613.171,253.933,800.88,-648.338,267.192,1521.42,-732.568,320.987,1567.53,-551.825,336.391,1501.29,-566.44,439.925,1527.87
2311,0,-427.174,-28.3829,900.587,-480.366,-84.2417,845.124,-533.595,-140.514,789.281,-550.87,-160.426,771.466,,,,,,,,,,,,,-677.5,220.812,814.627,-632.002,252.975,834.192,-659.353,223.451,778.14,-613.186,253.889,800.828,-648.39,267.181,1521.36,-732.653,321.015,1567.57,-551.914,336.421,1501.25,-566.39,439.928,1528.13
2312,0,-427.218,-28.4396,900.645,-480.401,-84.2477,845.176,-533.602,-140.471,789.195,-550.902,-160.456,771.509,,,,,,,,,,,,,-677.529,220.795,814.641,-630.598,253.574,836.125,-659.604,223.164,778.122,-613.461,253.605,800.723,-648.479,267.176,1521.4,-732.708,321.008,1567.56,-551.957,336.423,1501.22,-566.438,439.936,1528.12
2313,0,-427.296,-28.4856,900.738,-480.456,-84.2542,845.228,-533.63,-140.463,789.204,-550.928,-160.456,771.505,,,,,,,,,,,,,-677.537,220.773,814.648,-631.926,252.909,834.279,-659.575,223.255,778.092,-613.511,253.523,800.863,-648.554,267.183,1521.4,-732.762,321.019,1567.54,-552.024,336.385,1501.29,-566.741,440.375,1527.74
2314,0,-427.38,-28.5173,900.831,-480.491,-84.265,845.266,-533.658,-140.44,789.2,-550.932,-160.454,771.478,,,,,,,,,,,,,-677.549,220.745,814.662,-631.947,252.868,834.27,-660.117,221.443,778.488,-613.492,253.508,800.862,-648.6,267.175,1521.35,-732.856,321.043,1567.57,-552.124,336.367,1501.38,-566.485,439.918,1528.14
2315,0,-427.449,-28.535,900.938,-480.524,-84.264,845.31,-533.673,-140.43,789.186,-550.935,-160.445,771.482,,,,,,,,,,,,,-677.508,220.738,814.58,-630.671,253.48,836.133,-659.628,223.122,778.156,-613.515,253.46,800.875,-648.722,267.173,1521.43,-732.901,321.08,1567.55,-552.137,336.407,1501.3,-566.525,439.916,1528.16
2316,0,-427.512,-28.5621,901.01,-480.582,-84.2773,845.386,-533.69,-140.413,789.182,-550.957,-160.467,771.508,,,,,,,,,,,,,-677.507,220.719,814.614,-631.99,252.782,834.311,-660.182,221.378,778.531,-613.273,253.641,801.013,-648.789,267.206,1521.43,-732.975,321.076,1567.57,-552.4,336.379,1501.4,-566.579,439.908,1528.18
2317,0,-427.557,-28.6012,901.084,-480.608,-84.2764,845.416,-533.71,-140.436,789.266,-550.909,-160.378,771.431,,,,,,,,,,,,,-677.519,220.71,814.605,-632.015,252.793,834.334,-659.454,223.333,778.213,-613.559,253.378,800.881,-648.878,267.195,1521.44,-733.032,321.106,1567.55,-552.497,336.361,1501.48,-566.702,439.902,1527.96
2318,0,-427.62,-28.6336,901.182,-480.65,-84.2886,845.461,-533.727,-140.422,789.262,-550.932,-160.408,771.416,,,,,,,,,,,,,-677.562,220.674,814.63,-632.001,252.773,834.381,-659.485,223.306,778.224,-613.565,253.342,800.881,-648.933,267.198,1521.42,-733.095,321.106,1567.56,-552.573,336.342,1501.54,-566.677,439.891,1528.23
2319,0,-427.679,-28.6669,901.259,-480.674,-84.3123,845.511,-533.744,-140.43,789.277,-550.938,-160.403,771.417,,,,,,,,,,,,,-677.596,220.644,814.645,-632.049,252.729,834.373,-659.519,223.318,778.237,-613.316,253.573,801.056,-649.045,267.18,1521.48,-733.181,321.113,1567.59,-552.828,336.301,1501.7,-566.684,439.447,1527.98
2320,0,-427.712,-28.7058,901.347,-480.698,-84.3365,845.563,-533.741,-140.413,789.276,-550.922,-160.395,771.446,,,,,,,,,,,,,-677.614,220.596,814.661,-632.07,252.708,834.356,-659.525,223.29,778.245,-613.311,253.537,801.058,-649.114,267.22,1521.48,-733.269,321.112,1567.6,-552.767,336.329,1501.6,-566.792,439.867,1528.31
2321,0,-427.762,-28.7565,901.412,-480.732,-84.3487,845.631,-533.752,-140.418,789.283,-550.938,-160.387,771.453,,,,,,,,,,,,,-677.657,220.603,814.688,-632.134,252.69,834.348,-659.543,223.307,778.237,-613.659,253.281,800.91,-649.21,267.214,1521.52,-733.346,321.138,1567.6,-552.956,336.271,1501.79,-566.864,439.841,1528.34
2322,0,-427.803,-28.7909,901.503,-480.756,-84.3619,845.709,-533.748,-140.416,789.301,-550.931,-160.394,771.486,,,,,,,,,,,,,-677.871,220.595,814.659,-632.165,252.661,834.389,-659.574,223.309,778.252,-613.664,253.26,800.943,-649.33,267.171,1521.6,-733.468,321.161,1567.68,-553.065,336.322,1501.7,-566.911,439.808,1528.39
2323,0,-427.836,-28.8215,901.583,-480.784,-84.383,845.735,-533.752,-140.413,789.306,-550.927,-160.358,771.435,,,,,,,,,,,,,-677.695,220.601,814.688,-632.222,252.648,834.366,-659.607,223.216,778.284,-613.432,253.517,801.142,-649.361,267.215,1521.58,-733.51,321.156,1567.63,-553.108,336.293,1501.78,-566.989,439.797,1528.41
2324,0,-427.878,-28.8468,901.677,-480.81,-84.3883,845.781,-533.767,-140.4,789.313,-550.933,-160.375,771.424,,,,,,,,,,,,,-677.711,220.6,814.683,-632.245,252.657,834.392,-659.613,223.224,778.283,-613.737,253.213,800.987,-649.482,267.176,1521.67,-733.619,321.161,1567.69,-553.279,336.227,1502,-567.042,439.388,1528.17
2325,0,-427.938,-28.8799,901.727,-480.842,-84.4087,845.817,-533.774,-140.399,789.3,-550.932,-160.38,771.47,,,,,,,,,,,,,-677.811,220.517,814.782,-632.266,252.632,834.399,-659.655,223.22,778.295,-613.458,253.463,801.122,-649.556,267.227,1521.72,-733.699,321.181,1567.68,-553.336,336.256,1501.97,-567.156,439.783,1528.52
2326,0,-427.999,-28.913,901.795,-480.87,-84.4287,845.865,-533.803,-140.422,789.316,-550.932,-160.37,771.443,,,,,,,,,,,,,-677.841,220.51,814.784,-632.293,252.642,834.373,-659.677,223.222,778.281,-613.796,253.182,800.976,-649.643,267.209,1521.77,-733.764,321.178,1567.7,-553.314,336.235,1501.99,-567.296,439.523,1528.17
2327,0,-428.045,-28.9718,901.838,-480.907,-84.4658,845.897,-533.817,-140.432,789.304,-550.936,-160.388,771.453,,,,,,,,,,,,,-677.785,220.535,814.731,-632.308,252.606,834.395,-659.714,223.163,778.305,-613.798,253.168,800.999,-649.727,267.206,1521.8,-733.846,321.191,1567.72,-553.424,336.198,1502.08,-567.342,439.75,1528.6
2328,0,-428.113,-29.0134,901.915,-480.939,-84.4856,845.913,-533.84,-140.441,789.318,-550.95,-160.417,771.452,,,,,,,,,,,,,-677.881,220.46,814.793,-632.391,252.617,834.367,-659.969,222.909,778.267,-613.826,253.139,800.977,-649.817,267.219,1521.83,-733.939,321.193,1567.73,-553.328,336.27,1501.91,-567.384,439.35,1528.3
2329,0,-428.154,-29.0355,901.973,-480.971,-84.5076,845.933,-533.841,-140.433,789.318,-550.962,-160.419,771.449,,,,,,,,,,,,,-678.059,220.543,814.696,-632.413,252.587,834.371,-659.771,223.186,778.265,-613.834,253.154,800.977,-649.908,267.2,1521.86,-734.005,321.216,1567.74,-553.464,336.242,1502,-567.475,439.695,1528.65
2330,0,-428.186,-29.063,902.044,-480.986,-84.5134,845.975,-533.84,-140.44,789.331,-550.954,-160.41,771.456,,,,,,,,,,,,,-677.853,220.515,814.693,-631.788,252.819,835.568,-659.803,223.141,778.299,-613.896,253.125,800.96,-649.966,267.218,1521.85,-734.09,321.192,1567.76,-553.472,336.234,1501.99,-567.56,439.676,1528.64
2331,0,-428.218,-29.0863,902.105,-481.003,-84.5342,846,-533.855,-140.427,789.332,-550.955,-160.402,771.456,,,,,,,,,,,,,-678.116,220.52,814.703,-631.75,252.843,835.67,-659.819,223.147,778.276,-613.9,253.104,800.957,-650.055,267.224,1521.88,-734.16,321.186,1567.76,-553.594,336.225,1502.02,-567.638,439.634,1528.65
2332,0,-428.249,-29.1169,902.192,-481.011,-84.5542,846.021,-533.848,-140.417,789.318,-550.963,-160.394,771.457,,,,,,,,,,,,,-677.894,220.5,814.685,-632.509,252.547,834.377,-660.661,220.931,778.69,-613.653,253.381,801.148,-650.108,267.196,1521.85,-734.232,321.161,1567.77,-553.708,336.22,1502.06,-567.712,439.613,1528.67
2333,0,-428.26,-29.1552,902.254,-481.027,-84.5732,846.066,-533.846,-140.415,789.331,-550.956,-160.384,771.422,,,,,,,,,,,,,-678.17,220.463,814.709,-632.56,252.535,834.35,-660.713,220.879,778.677,-613.653,253.389,801.15,-650.186,267.163,1521.85,-734.286,321.157,1567.74,-553.586,336.254,1501.93,-567.801,439.594,1528.66
2334,0,-428.263,-29.1877,902.297,-481.023,-84.5768,846.093,-533.837,-140.413,789.328,-550.952,-160.359,771.418,,,,,,,,,,,,,-678.172,220.451,814.708,-632.64,252.498,834.333,-659.979,222.962,778.362,-613.72,253.339,801.148,-650.245,267.188,1521.84,-734.343,321.143,1567.74,-553.165,336.357,1501.52,-567.811,439.113,1528.41
2335,0,-428.266,-29.2241,902.372,-481.013,-84.5975,846.115,-533.83,-140.412,789.342,-550.933,-160.355,771.454,,,,,,,,,,,,,-678.236,220.437,814.695,-632.63,252.495,834.356,-660.005,222.909,778.378,-613.718,253.292,801.105,-650.301,267.179,1521.81,-734.404,321.108,1567.72,-553.607,336.302,1501.74,-567.947,439.557,1528.68
2336,0,-428.248,-29.2595,902.389,-481.007,-84.6128,846.141,-533.828,-140.418,789.346,-550.937,-160.376,771.467,,,,,,,,,,,,,-678.295,220.41,814.705,-632.711,252.442,834.339,-660.034,222.924,778.362,-613.807,253.288,801.136,-650.351,267.158,1521.79,-734.488,321.064,1567.73,-553.691,336.297,1501.75,-568.012,439.54,1528.67
2337,0,-428.26,-29.2891,902.421,-481.006,-84.6331,846.167,-533.822,-140.418,789.318,-550.95,-160.361,771.46,,,,,,,,,,,,,-678.321,220.414,814.697,-632.736,252.396,834.374,-660.083,222.917,778.349,-613.809,253.3,801.131,-650.422,267.133,1521.77,-734.53,321.033,1567.67,-553.781,336.241,1501.83,-568.084,439.542,1528.67
2338,0,-428.281,-29.3282,902.469,-481.011,-84.6509,846.193,-533.831,-140.425,789.31,-550.94,-160.357,771.422,,,,,,,,,,,,,-678.355,220.404,814.683,-632.003,252.68,835.713,-660.089,222.908,778.344,-613.87,253.258,801.168,-650.464,267.112,1521.73,-734.609,321.027,1567.67,-553.837,336.248,1501.75,-568.107,439.104,1528.35
2339,0,-428.306,-29.355,902.515,-481.03,-84.6682,846.214,-533.831,-140.43,789.328,-550.938,-160.348,771.431,,,,,,,,,,,,,-678.442,220.387,814.684,-632.826,252.376,834.382,-660.155,222.922,778.311,-614.215,252.959,800.996,-650.52,267.103,1521.7,-734.661,320.986,1567.64,-553.956,336.239,1501.76,-568.202,439.15,1528.32
2340,0,-428.333,-29.3903,902.567,-481.059,-84.6993,846.22,-533.846,-140.437,789.333,-550.955,-160.396,771.469,,,,,,,,,,,,,-678.45,220.362,814.689,-632.123,252.654,835.706,-661.023,220.773,778.62,-613.951,253.235,801.141,-650.584,267.081,1521.68,-734.729,320.964,1567.62,-553.895,336.218,1501.72,-568.28,439.491,1528.65
2341,0,-428.368,-29.4241,902.604,-481.08,-84.723,846.247,-533.857,-140.459,789.332,-550.965,-160.397,771.403,,,,,,,,,,,,,-678.548,220.368,814.654,-632.147,252.61,835.682,-660.231,222.947,778.276,-614.283,252.941,800.976,-650.64,267.042,1521.68,-734.81,320.918,1567.65,-553.976,336.202,1501.71,-568.338,439.474,1528.64
2342,0,-428.398,-29.4451,902.617,-481.1,-84.7386,846.259,-533.871,-140.48,789.331,-550.962,-160.401,771.419,,,,,,,,,,,,,-678.558,220.347,814.682,-632.223,252.595,835.658,-661.101,220.757,778.582,-614.001,253.235,801.174,-650.702,267.024,1521.66,-734.852,320.883,1567.6,-553.637,336.268,1501.37,-568.645,439.856,1528.35
2343,0,-428.438,-29.4672,902.686,-481.115,-84.7416,846.267,-533.871,-140.478,789.324,-550.96,-160.402,771.447,,,,,,,,,,,,,-678.649,220.351,814.649,-632.232,252.59,835.706,-661.141,220.799,778.572,-614.075,253.226,801.12,-650.796,266.957,1521.69,-734.926,320.839,1567.59,-554.28,336.122,1501.8,-568.616,439.344,1528.16
2344,0,-428.451,-29.468,902.707,-481.124,-84.7557,846.276,-533.879,-140.478,789.341,-550.961,-160.396,771.454,,,,,,,,,,,,,-678.689,220.352,814.658,-632.194,252.635,835.888,-661.173,220.786,778.562,-614.108,253.253,801.167,-650.828,266.938,1521.61,-734.991,320.827,1567.55,-554.28,336.118,1501.73,-568.676,439.42,1528.25
2345,0,-428.444,-29.4815,902.732,-481.119,-84.7533,846.299,-533.87,-140.463,789.335,-550.961,-160.408,771.457,,,,,,,,,,,,,-678.753,220.378,814.659,-632.184,252.633,835.992,-660.364,223.039,778.198,-614.148,253.262,801.209,-650.924,266.891,1521.64,-735.066,320.795,1567.55,-554.348,336.111,1501.66,-568.901,439.858,1528.24
2346,0,-428.432,-29.4906,902.751,-481.107,-84.7535,846.315,-533.86,-140.451,789.342,-550.939,-160.357,771.414,,,,,,,,,,,,,-678.448,220.375,814.638,-632.166,252.685,836.124,-661.227,220.786,778.527,-614.163,253.297,801.186,-650.946,266.899,1521.52,-735.135,320.743,1567.55,-554.323,336.094,1501.59,-568.708,439.378,1528.54
2347,0,-428.421,-29.5143,902.769,-481.102,-84.7562,846.337,-533.855,-140.459,789.337,-550.937,-160.362,771.44,,,,,,,,,,,,,-678.493,220.354,814.656,-632.158,252.707,836.213,-661.288,220.772,778.515,-614.183,253.301,801.201,-651.023,266.85,1521.51,-735.186,320.687,1567.5,-554.371,336.048,1501.57,-568.668,438.839,1528.27
2348,0,-428.411,-29.5368,902.789,-481.091,-84.7516,846.333,-533.849,-140.441,789.321,-550.945,-160.356,771.443,,,,,,,,,,,,,-678.789,220.408,814.613,-632.165,252.711,836.315,-660.424,223.078,778.168,-614.241,253.322,801.211,-651.116,266.755,1521.51,-735.251,320.666,1567.49,-554.552,335.997,1501.63,-568.794,439.292,1528.54
2349,0,-428.409,-29.5553,902.823,-481.084,-84.7598,846.327,-533.844,-140.42,789.322,-550.942,-160.332,771.443,,,,,,,,,,,,,-678.587,220.375,814.621,-632.172,252.749,836.392,-660.441,223.059,778.178,-614.256,253.345,801.205,-651.197,266.744,1521.52,-735.312,320.594,1567.48,-554.688,335.983,1501.59,-568.961,439.272,1528.23
2350,0,-428.414,-29.5837,902.853,-481.092,-84.7773,846.353,-533.853,-140.427,789.336,-550.947,-160.367,771.463,,,,,,,,,,,,,-678.641,220.382,814.639,-632.165,252.788,836.423,-660.74,222.83,778.091,-614.324,253.387,801.239,-651.254,266.691,1521.49,-735.383,320.57,1567.47,-554.79,335.91,1501.68,-569.008,439.202,1528.25
2351,0,-428.413,-29.6057,902.871,-481.09,-84.7964,846.362,-533.851,-140.44,789.321,-550.928,-160.353,771.458,,,,,,,,,,,,,-678.651,220.414,814.598,-631.767,253.141,836.742,-660.483,223.107,778.154,-614.336,253.377,801.229,-651.292,266.659,1521.43,-735.467,320.481,1567.48,-554.914,335.847,1501.74,-569.079,439.18,1528.26
2352,0,-428.43,-29.641,902.886,-481.112,-84.8116,846.384,-533.846,-140.449,789.318,-550.955,-160.376,771.46,,,,,,,,,,,,,-678.697,220.414,814.577,-632.069,252.916,836.609,-660.502,223.076,778.161,-614.359,253.362,801.248,-651.352,266.637,1521.42,-735.518,320.444,1567.44,-554.885,335.79,1501.69,-569.111,439.108,1528.25
2353,0,-428.466,-29.6607,902.915,-481.137,-84.8304,846.388,-533.857,-140.454,789.32,-550.953,-160.378,771.409,,,,,,,,,,,,,-678.705,220.422,814.549,-632.093,252.949,836.646,-660.536,223.109,778.142,-614.4,253.392,801.227,-651.419,266.583,1521.4,-735.597,320.385,1567.46,-555.115,335.768,1501.73,-569.198,439.067,1528.27
2354,0,-428.491,-29.6747,902.942,-481.155,-84.84,846.404,-533.867,-140.465,789.298,-550.948,-160.375,771.429,,,,,,,,,,,,,-678.734,220.422,814.536,-631.826,253.221,836.755,-660.543,223.107,778.116,-614.439,253.392,801.216,-651.502,266.521,1521.44,-735.627,320.344,1567.4,-555.174,335.722,1501.72,-569.454,439.53,1528.26
2355,0,-428.514,-29.7016,902.966,-481.178,-84.8677,846.429,-533.877,-140.489,789.321,-550.95,-160.384,771.422,,,,,,,,,,,,,-678.738,220.432,814.518,-632.131,252.942,836.593,-660.576,223.131,778.116,-614.44,253.389,801.234,-651.587,266.505,1521.44,-735.703,320.271,1567.44,-555.298,335.703,1501.71,-569.272,439.024,1528.57
2356,0,-428.538,-29.7423,902.995,-481.191,-84.8797,846.446,-533.89,-140.487,789.333,-550.94,-160.38,771.431,,,,,,,,,,,,,-678.732,220.408,814.493,-632.153,252.949,836.557,-661.433,220.841,778.478,-614.472,253.401,801.214,-651.652,266.428,1521.44,-735.765,320.204,1567.44,-555.304,335.668,1501.67,-569.479,438.973,1528.23
2357,0,-428.543,-29.7776,903.046,-481.207,-84.9001,846.477,-533.898,-140.493,789.334,-550.988,-160.439,771.466,,,,,,,,,,,,,-678.746,220.409,814.466,-632.162,252.92,836.562,-661.433,220.863,778.451,-614.488,253.388,801.183,-651.7,266.423,1521.39,-735.828,320.146,1567.43,-555.494,335.603,1501.76,-569.602,438.997,1528.15
2358,0,-428.541,-29.7981,903.056,-481.216,-84.9113,846.493,-533.904,-140.491,789.344,-550.976,-160.412,771.446,,,,,,,,,,,,,-678.776,220.415,814.455,-632.17,252.937,836.509,-660.59,223.145,778.07,-614.494,253.389,801.179,-651.741,266.358,1521.33,-735.903,320.075,1567.44,-555.451,335.599,1501.64,-569.674,438.955,1528.2
2359,0,-428.542,-29.8322,903.091,-481.221,-84.9283,846.506,-533.919,-140.49,789.351,-550.974,-160.415,771.485,,,,,,,,,,,,,-678.773,220.406,814.431,-632.194,252.926,836.539,-660.608,223.125,778.071,-614.485,253.38,801.173,-651.796,266.34,1521.3,-735.964,320.009,1567.4,-555.589,335.552,1501.72,-569.786,438.945,1528.18
2360,0,-428.518,-29.8759,903.109,-481.205,-84.9383,846.507,-533.914,-140.482,789.349,-550.984,-160.4,771.438,,,,,,,,,,,,,-678.783,220.405,814.429,-632.224,252.908,836.516,-660.88,222.818,778.02,-614.516,253.406,801.186,-651.873,266.308,1521.29,-736.062,319.969,1567.42,-555.609,335.502,1501.71,-569.872,438.906,1528.18
2361,0,-428.491,-29.9271,903.117,-481.194,-84.9676,846.525,-533.909,-140.492,789.346,-550.962,-160.369,771.414,,,,,,,,,,,,,-678.787,220.408,814.429,-631.942,253.159,836.641,-660.667,223.072,778.06,-614.535,253.367,801.163,-651.946,266.241,1521.28,-736.146,319.934,1567.41,-555.715,335.484,1501.71,-569.962,438.861,1528.2
2362,0,-428.464,-29.9907,903.141,-481.177,-85.002,846.549,-533.896,-140.505,789.342,-550.961,-160.358,771.427,,,,,,,,,,,,,-678.823,220.376,814.409,-632.228,252.891,836.517,-660.663,223.069,778.035,-614.533,253.381,801.163,-652.008,266.237,1521.25,-736.224,319.885,1567.39,-555.761,335.409,1501.76,-570.067,438.795,1528.18
2363,0,-428.457,-30.0575,903.172,-481.159,-85.0387,846.549,-533.887,-140.51,789.344,-550.979,-160.399,771.425,,,,,,,,,,,,,-678.836,220.376,814.397,-632.264,252.858,836.486,-661.513,220.811,778.423,-614.553,253.371,801.156,-652.099,266.15,1521.25,-736.311,319.806,1567.38,-555.896,335.353,1501.81,-570.017,438.781,1528.58
2364,0,-428.424,-30.1088,903.209,-481.132,-85.0689,846.564,-533.883,-140.525,789.364,-550.961,-160.374,771.411,,,,,,,,,,,,,-678.837,220.369,814.365,-632.277,252.853,836.488,-661.522,220.844,778.408,-614.578,253.351,801.17,-652.134,266.089,1521.21,-736.385,319.792,1567.34,-555.77,335.376,1501.61,-570.079,438.733,1528.61
2365,0,-428.404,-30.1709,903.251,-481.117,-85.0998,846.594,-533.874,-140.546,789.355,-550.964,-160.402,771.407,,,,,,,,,,,,,-678.846,220.347,814.377,-632.026,253.11,836.647,-661.523,220.788,778.415,-614.841,253.053,801.012,-652.184,266.07,1521.18,-736.449,319.736,1567.31,-556.036,335.273,1501.84,-570.287,438.666,1528.22
2366,0,-428.386,-30.2186,903.271,-481.091,-85.138,846.588,-533.868,-140.557,789.342,-550.966,-160.417,771.422,,,,,,,,,,,,,-678.891,220.36,814.36,-632.329,252.808,836.453,-660.971,222.772,777.989,-614.611,253.326,801.137,-652.284,266.023,1521.21,-736.532,319.707,1567.31,-556.059,335.227,1501.83,-570.22,438.651,1528.67
2367,0,-428.371,-30.267,903.307,-481.079,-85.1637,846.619,-533.864,-140.572,789.353,-550.972,-160.439,771.447,,,,,,,,,,,,,-678.912,220.354,814.363,-632.066,253.084,836.63,-660.976,222.816,777.956,-614.641,253.324,801.16,-652.346,265.954,1521.2,-736.61,319.669,1567.31,-556.174,335.179,1501.89,-570.451,438.589,1528.26
2368,0,-428.362,-30.3126,903.339,-481.061,-85.1988,846.63,-533.857,-140.588,789.327,-550.957,-160.415,771.454,,,,,,,,,,,,,-678.909,220.362,814.366,-632.093,253.087,836.632,-661.016,222.768,777.959,-614.64,253.343,801.168,-652.365,265.943,1521.15,-736.686,319.63,1567.3,-556.143,335.138,1501.78,-570.363,438.545,1528.71
2369,0,-428.36,-30.3672,903.369,-481.049,-85.2265,846.638,-533.857,-140.581,789.333,-550.965,-160.412,771.396,,,,,,,,,,,,,-678.935,220.343,814.377,-632.398,252.812,836.48,-661.591,220.834,778.386,-614.649,253.352,801.143,-652.438,265.878,1521.14,-736.763,319.578,1567.28,-556.197,335.095,1501.78,-570.412,438.492,1528.72
2370,0,-428.349,-30.4314,903.408,-481.037,-85.2719,846.657,-533.844,-140.599,789.37,-550.974,-160.444,771.424,,,,,,,,,,,,,-678.964,220.339,814.373,-632.137,253.088,836.633,-660.782,223.169,777.992,-614.692,253.342,801.129,-652.503,265.861,1521.1,-736.838,319.55,1567.29,-556.495,334.996,1501.96,-570.484,438.467,1528.73
2371,0,-428.323,-30.4822,903.42,-481.021,-85.311,846.681,-533.843,-140.614,789.357,-550.962,-160.406,771.394,,,,,,,,,,,,,-678.99,220.326,814.367,-632.153,253.118,836.618,-661.643,220.803,778.42,-614.735,253.347,801.109,-652.566,265.776,1521.12,-736.868,319.509,1567.25,-556.269,335.001,1501.76,-570.521,438.39,1528.74
2372,0,-428.305,-30.5236,903.449,-480.999,-85.3303,846.696,-533.836,-140.615,789.364,-550.978,-160.415,771.412,,,,,,,,,,,,,-679.038,220.33,814.373,-632.479,252.835,836.454,-661.095,222.831,777.93,-614.754,253.311,801.109,-652.641,265.719,1521.11,-736.95,319.49,1567.27,-556.41,334.938,1501.77,-570.568,438.339,1528.72
2373,0,-428.282,-30.5667,903.497,-480.976,-85.3536,846.703,-533.83,-140.609,789.373,-550.969,-160.415,771.424,,,,,,,,,,,,,-679.058,220.337,814.36,-632.235,253.075,836.589,-661.698,220.885,778.376,-614.785,253.327,801.129,-652.734,265.651,1521.18,-737.002,319.426,1567.27,-556.437,334.866,1501.83,-570.603,438.263,1528.74
2374,0,-428.253,-30.6089,903.526,-480.949,-85.3715,846.72,-533.803,-140.602,789.354,-550.947,-160.402,771.462,,,,,,,,,,,,,-679.105,220.33,814.344,-632.571,252.795,836.461,-661.164,222.829,777.94,-614.847,253.314,801.112,-652.778,265.662,1521.19,-737.044,319.384,1567.27,-556.332,334.843,1501.72,-570.626,438.198,1528.73
2375,0,-428.224,-30.6556,903.554,-480.912,-85.3844,846.733,-533.778,-140.603,789.348,-550.938,-160.381,771.45,,,,,,,,,,,,,-679.109,220.317,814.37,-632.621,252.79,836.444,-661.778,220.887,778.383,-614.842,253.291,801.11,-652.818,265.579,1521.16,-737.11,319.374,1567.29,-556.492,334.749,1501.84,-570.762,438.108,1528.35
2376,0,-428.214,-30.696,903.595,-480.897,-85.4206,846.735,-533.769,-140.607,789.361,-550.939,-160.398,771.455,,,,,,,,,,,,,-679.167,220.326,814.335,-632.66,252.786,836.416,-661.251,222.887,777.891,-614.896,253.246,801.038,-652.872,265.512,1521.17,-737.143,319.323,1567.28,-556.502,334.729,1501.75,-570.655,438.076,1528.74
2377,0,-428.193,-30.7315,903.626,-480.876,-85.435,846.768,-533.749,-140.607,789.357,-550.919,-160.367,771.445,,,,,,,,,,,,,-679.329,220.139,814.505,-632.697,252.728,836.386,-661.297,222.842,777.918,-614.927,253.226,801.032,-652.906,265.476,1521.2,-737.17,319.295,1567.27,-556.565,334.667,1501.78,-570.688,438.039,1528.74
2378,0,-428.188,-30.7737,903.666,-480.88,-85.4706,846.802,-533.75,-140.616,789.358,-550.925,-160.363,771.418,,,,,,,,,,,,,-679.375,220.117,814.527,-632.741,252.687,836.384,-661.356,222.811,777.913,-614.952,253.243,801.041,-652.939,265.398,1521.19,-737.214,319.238,1567.29,-556.611,334.641,1501.74,-570.86,438.079,1528.35
2379,0,-428.181,-30.8034,903.69,-480.874,-85.4801,846.823,-533.742,-140.616,789.354,-550.915,-160.37,771.441,,,,,,,,,,,,,-679.423,220.104,814.5,-632.781,252.688,836.362,-661.394,222.844,777.873,-614.984,253.236,801.031,-652.93,265.395,1521.11,-737.224,319.196,1567.28,-556.659,334.584,1501.79,-570.715,437.964,1528.74
2380,0,-428.184,-30.8418,903.731,-480.863,-85.517,846.84,-533.737,-140.633,789.365,-550.919,-160.375,771.46,,,,,,,,,,,,,-679.452,220.092,814.501,-632.847,252.625,836.307,-661.435,222.856,777.86,-615.032,253.222,801.024,-652.969,265.374,1521.17,-737.245,319.156,1567.27,-556.719,334.498,1501.92,-570.893,437.972,1528.29
2381,0,-428.191,-30.871,903.755,-480.864,-85.5202,846.856,-533.738,-140.629,789.366,-550.907,-160.375,771.452,,,,,,,,,,,,,-679.487,220.058,814.473,-632.899,252.601,836.27,-661.475,222.822,777.844,-615.071,253.182,800.998,-652.993,265.296,1521.16,-737.265,319.146,1567.25,-556.809,334.497,1501.82,-570.85,437.82,1528.34
2382,0,-428.184,-30.8834,903.768,-480.874,-85.5315,846.862,-533.738,-140.619,789.367,-550.919,-160.358,771.441,,,,,,,,,,,,,-679.519,220.04,814.437,-632.968,252.538,836.24,-661.498,222.844,777.823,-615.101,253.171,801.019,-653.011,265.27,1521.15,-737.286,319.097,1567.26,-556.665,334.456,1501.78,-570.756,437.865,1528.72
2383,0,-428.193,-30.9037,903.797,-480.874,-85.5468,846.879,-533.746,-140.625,789.369,-550.926,-160.383,771.449,,,,,,,,,,,,,-679.475,220.12,814.315,-633.009,252.503,836.197,-661.508,222.815,777.84,-615.142,253.119,800.954,-653.014,265.285,1521.12,-737.286,319.076,1567.22,-556.666,334.45,1501.72,-570.934,437.88,1528.29
2384,0,-428.193,-30.9155,903.776,-480.896,-85.5668,846.883,-533.761,-140.614,789.376,-550.941,-160.389,771.437,,,,,,,,,,,,,-679.522,220.093,814.278,-633.08,252.457,836.168,-661.59,222.741,777.799,-615.172,253.066,800.927,-653.007,265.251,1521.09,-737.3,319.049,1567.22,-556.744,334.417,1501.73,-570.801,437.82,1528.68
2385,0,-428.184,-30.9312,903.778,-480.898,-85.5618,846.885,-533.78,-140.634,789.377,-550.949,-160.373,771.417,,,,,,,,,,,,,-679.56,220.058,814.285,-632.727,252.691,836.386,-661.638,222.714,777.762,-615.24,253.003,800.845,-653.046,265.195,1521.11,-737.33,318.993,1567.24,-556.745,334.395,1501.7,-570.81,437.783,1528.67
2386,0,-428.182,-30.9462,903.785,-480.894,-85.5691,846.89,-533.787,-140.631,789.391,-550.953,-160.388,771.465,,,,,,,,,,,,,-679.608,220.011,814.248,-632.762,252.663,836.358,-661.652,222.714,777.756,-615.565,252.678,800.631,-653.039,265.167,1521.05,-737.31,318.98,1567.19,-556.79,334.384,1501.68,-571.005,437.826,1528.22
2387,0,-428.177,-30.9591,903.795,-480.908,-85.5803,846.912,-533.782,-140.627,789.381,-550.928,-160.361,771.469,,,,,,,,,,,,,-679.632,219.968,814.219,-632.802,252.609,836.36,-661.704,222.657,777.733,-615.62,252.616,800.599,-653.083,265.125,1521.08,-737.32,318.912,1567.18,-556.841,334.314,1501.76,-571.084,437.973,1528.16
2388,0,-428.175,-30.9693,903.795,-480.902,-85.5844,846.916,-533.783,-140.63,789.373,-550.94,-160.372,771.46,,,,,,,,,,,,,-679.676,219.94,814.229,-632.839,252.551,836.322,-661.456,222.996,777.776,-615.625,252.622,800.688,-653.072,265.141,1521.02,-737.318,318.879,1567.15,-556.901,334.29,1501.72,-571.14,437.973,1528.14
2389,0,-428.162,-30.9677,903.808,-480.892,-85.5795,846.92,-533.772,-140.613,789.382,-550.941,-160.381,771.462,,,,,,,,,,,,,-679.727,219.902,814.212,-632.883,252.52,836.367,-661.721,222.685,777.733,-615.367,252.836,800.767,-653.081,265.097,1520.96,-737.315,318.841,1567.13,-556.799,334.276,1501.61,-571.144,437.922,1528.1
2390,0,-428.165,-30.9657,903.799,-480.885,-85.5805,846.894,-533.769,-140.617,789.368,-550.933,-160.367,771.454,,,,,,,,,,,,,-679.752,219.872,814.2,-632.911,252.472,836.336,-661.779,222.637,777.714,-615.687,252.529,800.596,-653.095,265.112,1520.94,-737.349,318.804,1567.15,-556.807,334.236,1501.61,-571.166,437.89,1528.06
2391,0,-428.164,-30.9696,903.802,-480.893,-85.577,846.903,-533.776,-140.62,789.368,-550.924,-160.367,771.448,,,,,,,,,,,,,-679.769,219.863,814.193,-632.945,252.433,836.295,-661.804,222.625,777.702,-615.723,252.507,800.592,-653.128,265.065,1520.91,-737.336,318.778,1567.09,-556.759,334.289,1501.42,-571.179,437.843,1528.05
2392,0,-428.183,-30.9797,903.812,-480.895,-85.5771,846.894,-533.779,-140.637,789.369,-550.923,-160.377,771.481,,,,,,,,,,,,,-679.81,219.831,814.21,-632.976,252.397,836.32,-661.875,222.569,777.714,-615.47,252.773,800.752,-653.15,265.049,1520.89,-737.375,318.742,1567.13,-556.883,334.196,1501.55,-571.209,437.814,1528.01
2393,0,-428.214,-30.9784,903.817,-480.933,-85.5925,846.911,-533.793,-140.622,789.371,-550.952,-160.399,771.438,,,,,,,,,,,,,-679.893,219.836,814.195,-632.995,252.387,836.341,-661.875,222.565,777.744,-615.482,252.771,800.792,-653.188,265.015,1520.88,-737.37,318.697,1567.09,-556.903,334.229,1501.4,-571.303,437.866,1527.98
2394,0,-428.239,-30.9761,903.838,-480.949,-85.5986,846.929,-533.792,-140.63,789.366,-550.971,-160.389,771.425,,,,,,,,,,,,,-679.905,219.813,814.193,-633.039,252.373,836.355,-661.962,222.505,777.757,-615.495,252.736,800.761,-653.151,265.015,1520.77,-737.392,318.683,1567.09,-556.85,334.205,1501.36,-571.342,437.84,1527.94
2395,0,-428.266,-30.975,903.854,-480.968,-85.5902,846.942,-533.806,-140.629,789.376,-550.949,-160.378,771.435,,,,,,,,,,,,,-679.928,219.808,814.21,-633.078,252.311,836.383,-661.973,222.527,777.754,-615.527,252.736,800.779,-653.194,265.003,1520.81,-737.407,318.635,1567.08,-556.982,334.114,1501.52,-571.393,437.811,1527.93
2396,0,-428.299,-30.9676,903.866,-480.989,-85.5898,846.941,-533.818,-140.634,789.372,-550.953,-160.383,771.425,,,,,,,,,,,,,-679.974,219.805,814.188,-633.096,252.314,836.374,-662.032,222.503,777.73,-615.544,252.735,800.784,-653.254,264.941,1520.82,-737.442,318.596,1567.1,-556.96,334.082,1501.48,-571.422,437.755,1527.94
2397,0,-428.316,-30.9605,903.875,-481.006,-85.5902,846.952,-533.822,-140.637,789.37,-550.972,-160.387,771.416,,,,,,,,,,,,,-680.011,219.799,814.17,-633.155,252.256,836.397,-662.087,222.48,777.7,-615.586,252.706,800.771,-653.285,264.886,1520.85,-737.472,318.581,1567.09,-556.931,334.101,1501.37,-571.513,437.773,1527.87
2398,0,-428.328,-30.9391,903.918,-481.005,-85.5729,846.958,-533.821,-140.629,789.377,-550.964,-160.405,771.454,,,,,,,,,,,,,-680.043,219.774,814.195,-633.168,252.271,836.386,-662.14,222.474,777.706,-615.932,252.414,800.546,-653.326,264.874,1520.86,-737.484,318.536,1567.05,-556.981,334.054,1501.37,-571.551,437.731,1527.9
2399,0,-428.346,-30.9334,903.903,-481.019,-85.5752,846.958,-533.819,-140.64,789.371,-550.943,-160.372,771.434,,,,,,,,,,,,,-680.093,219.773,814.19,-633.197,252.286,836.372,-662.186,222.443,777.696,-615.651,252.706,800.768,-653.357,264.855,1520.87,-737.555,318.523,1567.1,-557.101,334.027,1501.41,-571.577,437.674,1527.88
2400,0,-428.37,-30.9209,903.905,-481.031,-85.5653,846.958,-533.829,-140.639,789.369,-550.953,-160.388,771.453,,,,,,,,,,,,,-680.143,219.766,814.174,-633.254,252.242,836.432,-662.217,222.396,777.709,-615.679,252.699,800.789,-653.392,264.819,1520.85,-737.591,318.466,1567.08,-557.052,333.967,1501.44,-571.626,437.651,1527.93
2401,0,-428.382,-30.909,903.904,-481.03,-85.5596,846.937,-533.822,-140.635,789.364,-550.97,-160.418,771.422,,,,,,,,,,,,,-680.197,219.745,814.173,-633.3,252.233,836.421,-661.98,222.772,777.731,-615.678,252.698,800.774,-653.418,264.768,1520.85,-737.644,318.447,1567.11,-557.132,333.907,1501.54,-571.687,437.653,1527.94
2402,0,-428.402,-30.8888,903.922,-481.039,-85.5485,846.935,-533.828,-140.641,789.359,-550.955,-160.406,771.418,,,,,,,,,,,,,-680.241,219.744,814.158,-633.345,252.213,836.428,-662.017,222.721,777.737,-615.728,252.661,800.736,-653.464,264.771,1520.87,-737.674,318.42,1567.07,-557.105,333.874,1501.52,-571.719,437.576,1527.98
2403,0,-428.406,-30.8598,903.904,-481.047,-85.5378,846.928,-533.824,-140.649,789.369,-550.966,-160.4,771.411,,,,,,,,,,,,,-680.286,219.72,814.157,-633.375,252.197,836.443,-662.05,222.725,777.724,-615.751,252.651,800.737,-653.527,264.683,1520.88,-737.741,318.387,1567.09,-556.535,333.973,1501,-571.744,437.529,1528.04
2404,0,-428.407,-30.8481,903.89,-481.046,-85.5295,846.927,-533.816,-140.63,789.361,-550.932,-160.392,771.419,,,,,,,,,,,,,-680.318,219.719,814.151,-633.408,252.159,836.444,-662.092,222.718,777.727,-615.775,252.624,800.732,-653.586,264.692,1520.95,-737.787,318.333,1567.11,-556.937,333.827,1501.37,-571.773,437.493,1528.11
2405,0,-428.416,-30.8288,903.872,-481.051,-85.5156,846.919,-533.819,-140.63,789.357,-550.934,-160.378,771.423,,,,,,,,,,,,,-680.363,219.706,814.131,-633.441,252.109,836.47,-662.125,222.711,777.712,-615.802,252.58,800.72,-653.606,264.673,1520.91,-737.837,318.297,1567.1,-557.081,333.776,1501.45,-571.517,437.153,1528.69
2406,0,-428.43,-30.8164,903.865,-481.057,-85.5087,846.913,-533.818,-140.621,789.354,-550.943,-160.408,771.458,,,,,,,,,,,,,-680.395,219.686,814.163,-633.468,252.117,836.437,-662.149,222.675,777.716,-615.82,252.581,800.736,-653.675,264.598,1520.95,-737.896,318.262,1567.12,-557.074,333.761,1501.41,-571.54,437.122,1528.72
2407,0,-428.431,-30.7921,903.849,-481.065,-85.5062,846.917,-533.815,-140.63,789.358,-550.952,-160.402,771.452,,,,,,,,,,,,,-680.403,219.661,814.133,-633.478,252.069,836.434,-662.175,222.683,777.714,-615.849,252.549,800.712,-653.675,264.607,1520.92,-737.923,318.239,1567.1,-557.192,333.698,1501.48,-571.555,437.079,1528.75
2408,0,-428.45,-30.7761,903.838,-481.064,-85.4803,846.91,-533.824,-140.62,789.353,-550.95,-160.427,771.479,,,,,,,,,,,,,-680.436,219.651,814.138,-633.508,252.057,836.46,-662.181,222.666,777.723,-615.866,252.556,800.714,-653.761,264.502,1520.98,-737.995,318.197,1567.15,-557.123,333.667,1501.51,-571.593,437.067,1528.77
2409,0,-428.445,-30.7705,903.813,-481.078,-85.4725,846.9,-533.818,-140.629,789.348,-550.94,-160.391,771.458,,,,,,,,,,,,,-680.441,219.614,814.135,-633.463,252.05,836.419,-662.197,222.6,777.749,-615.851,252.558,800.716,-653.801,264.46,1520.99,-738.042,318.155,1567.16,-557.167,333.647,1501.49,-571.608,437.039,1528.8
2410,0,-428.453,-30.734,903.808,-481.074,-85.4573,846.879,-533.817,-140.628,789.353,-550.92,-160.38,771.451,,,,,,,,,,,,,-680.399,219.621,814.139,-633.47,252.044,836.443,-662.182,222.639,777.711,-616.202,252.213,800.494,-653.848,264.448,1521.04,-738.08,318.121,1567.17,-557.358,333.595,1501.58,-571.636,437.025,1528.8
2411,0,-428.465,-30.7033,903.801,-481.088,-85.4388,846.86,-533.819,-140.61,789.34,-550.942,-160.409,771.428,,,,,,,,,,,,,-680.394,219.57,814.167,-633.477,252.03,836.437,-662.212,222.56,777.738,-615.879,252.54,800.695,-653.853,264.428,1521.01,-738.104,318.089,1567.17,-557.323,333.562,1501.61,-571.647,436.994,1528.8
2412,0,-428.466,-30.671,903.773,-481.091,-85.4146,846.828,-533.817,-140.602,789.342,-550.907,-160.387,771.445,,,,,,,,,,,,,-680.369,219.579,814.133,-633.467,252.061,836.421,-662.173,222.589,777.725,-615.851,252.56,800.712,-653.886,264.408,1521.03,-738.13,318.077,1567.17,-557.529,333.527,1501.66,-571.854,437.11,1528.36
2413,0,-428.495,-30.6448,903.77,-481.108,-85.3964,846.829,-533.815,-140.588,789.331,-550.906,-160.367,771.447,,,,,,,,,,,,,-680.33,219.569,814.133,-633.477,252.051,836.425,-662.166,222.568,777.713,-615.87,252.522,800.688,-653.906,264.394,1521.03,-738.175,318.015,1567.21,-557.396,333.468,1501.69,-571.691,436.977,1528.79
2414,0,-428.501,-30.6139,903.759,-481.108,-85.3753,846.81,-533.825,-140.588,789.324,-550.927,-160.373,771.44,,,,,,,,,,,,,-680.351,219.553,814.095,-633.488,252.028,836.438,-662.164,222.545,777.734,-615.874,252.517,800.667,-653.927,264.321,1521.04,-738.191,317.974,1567.21,-557.629,333.441,1501.78,-571.891,437.048,1528.35
2415,0,-428.519,-30.5991,903.735,-481.135,-85.3528,846.81,-533.821,-140.576,789.308,-550.94,-160.386,771.432,,,,,,,,,,,,,-680.326,219.531,814.094,-633.484,252.026,836.42,-662.139,222.584,777.7,-615.865,252.524,800.654,-653.967,264.274,1521.07,-738.195,317.963,1567.2,-557.603,333.428,1501.79,-571.928,437.054,1528.35
2416,0,-428.542,-30.5809,903.737,-481.146,-85.3382,846.813,-533.823,-140.565,789.303,-550.929,-160.378,771.43,,,,,,,,,,,,,-680.34,219.516,814.119,-633.472,252.033,836.423,-662.17,222.56,777.719,-615.864,252.519,800.678,-653.94,264.3,1521.03,-738.223,317.917,1567.22,-557.637,333.424,1501.75,-571.776,436.969,1528.79
2417,0,-428.542,-30.5702,903.723,-481.15,-85.3328,846.808,-533.821,-140.565,789.313,-550.931,-160.381,771.419,,,,,,,,,,,,,-680.32,219.497,814.089,-633.479,251.984,836.421,-662.19,222.432,777.764,-615.851,252.524,800.696,-653.934,264.295,1521.01,-738.211,317.892,1567.22,-557.717,333.389,1501.81,-571.794,436.964,1528.78
2418,0,-428.564,-30.5552,903.751,-481.152,-85.3163,846.783,-533.818,-140.555,789.309,-550.919,-160.376,771.451,,,,,,,,,,,,,-680.314,219.49,814.082,-633.5,251.99,836.406,-662.18,222.481,777.71,-615.87,252.521,800.655,-653.962,264.278,1521.04,-738.208,317.859,1567.19,-557.76,333.382,1501.83,-571.806,436.936,1528.77
2419,0,-428.558,-30.5514,903.759,-481.153,-85.3098,846.805,-533.802,-140.545,789.305,-550.906,-160.361,771.45,,,,,,,,,,,,,-680.333,219.494,814.074,-633.496,251.98,836.412,-662.174,222.458,777.742,-615.873,252.515,800.664,-653.941,264.265,1521.02,-738.23,317.825,1567.22,-557.867,333.394,1501.85,-571.848,436.956,1528.76
2420,0,-428.558,-30.5472,903.772,-481.149,-85.3042,846.793,-533.795,-140.545,789.308,-550.904,-160.356,771.451,,,,,,,,,,,,,-680.339,219.466,814.068,-633.488,251.986,836.408,-662.174,222.404,777.742,-615.898,252.508,800.66,-653.929,264.269,1521.02,-738.218,317.814,1567.2,-557.675,333.38,1501.8,-571.867,436.948,1528.74
2421,0,-428.578,-30.5426,903.787,-481.158,-85.3008,846.801,-533.801,-140.543,789.295,-550.909,-160.369,771.472,,,,,,,,,,,,,-680.311,219.447,814.039,-633.465,252.002,836.389,-662.183,222.419,777.702,-615.886,252.492,800.65,-653.94,264.245,1521.03,-738.207,317.773,1567.17,-557.824,333.363,1501.8,-571.877,436.956,1528.73
2422,0,-428.619,-30.5455,903.807,-481.182,-85.3028,846.818,-533.822,-140.54,789.298,-550.915,-160.374,771.473,,,,,,,,,,,,,-680.315,219.437,814.03,-633.476,251.976,836.359,-662.192,222.403,777.695,-615.884,252.465,800.589,-653.951,264.196,1521.03,-738.209,317.742,1567.17,-557.809,333.379,1501.8,-571.892,436.948,1528.71
2423,0,-428.654,-30.5478,903.821,-481.215,-85.3092,846.838,-533.818,-140.54,789.306,-550.93,-160.374,771.443,,,,,,,,,,,,,-680.302,219.407,814.012,-633.486,251.944,836.367,-662.186,222.339,777.712,-615.897,252.443,800.595,-653.918,264.232,1520.98,-738.21,317.705,1567.18,-557.82,333.389,1501.74,-571.903,436.957,1528.7
2424,0,-428.696,-30.5587,903.831,-481.256,-85.3228,846.848,-533.843,-140.552,789.297,-550.939,-160.388,771.439,,,,,,,,,,,,,-680.338,219.388,814.024,-633.492,251.923,836.339,-662.205,222.272,777.731,-615.91,252.42,800.59,-653.926,264.172,1520.95,-738.205,317.646,1567.16,-557.77,333.363,1501.79,-571.911,436.948,1528.68
2425,0,-428.733,-30.5536,903.865,-481.293,-85.3143,846.88,-533.859,-140.547,789.304,-550.939,-160.383,771.463,,,,,,,,,,,,,-680.299,219.362,814.003,-633.459,251.932,836.342,-662.201,222.231,777.732,-615.901,252.394,800.565,-653.898,264.151,1520.92,-738.22,317.635,1567.16,-557.765,333.389,1501.68,-572.142,437.094,1528.2
2426,0,-428.777,-30.5601,903.906,-481.31,-85.3194,846.893,-533.874,-140.55,789.321,-550.929,-160.362,771.418,,,,,,,,,,,,,-680.29,219.357,813.967,-633.507,251.885,836.356,-662.211,222.174,777.734,-615.902,252.431,800.571,-653.877,264.206,1520.9,-738.188,317.608,1567.13,-557.872,333.425,1501.66,-571.959,436.96,1528.65
2427,0,-428.825,-30.5494,903.98,-481.332,-85.3118,846.918,-533.876,-140.549,789.329,-550.941,-160.376,771.425,,,,,,,,,,,,,-680.27,219.348,813.951,-633.498,251.88,836.338,-662.198,222.145,777.728,-615.889,252.376,800.545,-653.878,264.15,1520.9,-738.188,317.603,1567.13,-557.741,333.391,1501.68,-571.971,436.97,1528.64
2428,0,-428.862,-30.5492,904.009,-481.349,-85.3149,846.936,-533.872,-140.551,789.33,-550.931,-160.37,771.439,,,,,,,,,,,,,-680.254,219.312,813.952,-633.496,251.873,836.326,-662.176,222.152,777.709,-615.9,252.37,800.54,-653.848,264.142,1520.85,-738.192,317.556,1567.14,-557.823,333.414,1501.68,-571.993,436.976,1528.63
2429,0,-428.878,-30.5573,904.06,-481.357,-85.3163,846.969,-533.875,-140.551,789.349,-550.922,-160.368,771.457,,,,,,,,,,,,,-680.228,219.291,813.951,-633.47,251.857,836.313,-662.183,222.1,777.76,-615.866,252.384,800.55,-653.85,264.126,1520.91,-738.191,317.551,1567.15,-557.514,333.417,1501.58,-572.002,436.97,1528.61
2430,0,-428.905,-30.5704,904.092,-481.377,-85.3222,846.968,-533.864,-140.543,789.332,-550.924,-160.373,771.46,,,,,,,,,,,,,-680.215,219.288,813.924,-633.453,251.867,836.314,-662.156,222.04,777.724,-615.886,252.354,800.514,-653.841,264.11,1520.9,-738.172,317.488,1567.14,-557.946,333.425,1501.74,-572.032,436.985,1528.61
2431,0,-428.949,-30.5797,904.151,-481.391,-85.3242,847.011,-533.867,-140.538,789.325,-550.935,-160.382,771.425,,,,,,,,,,,,,-680.196,219.279,813.928,-633.45,251.879,836.297,-662.156,221.967,777.743,-615.894,252.392,800.566,-653.789,264.112,1520.86,-738.164,317.455,1567.14,-557.911,333.409,1501.8,-572.047,437.005,1528.6
2432,0,-428.961,-30.5864,904.174,-481.417,-85.317,847.035,-533.869,-140.536,789.31,-550.935,-160.352,771.437,,,,,,,,,,,,,-680.223,219.232,813.967,-633.729,251.614,836.137,-662.147,221.925,777.781,-615.845,252.356,800.524,-653.795,264.104,1520.89,-738.136,317.46,1567.11,-557.846,333.429,1501.78,-572.047,437.007,1528.63
2433,0,-428.989,-30.6041,904.212,-481.428,-85.3197,847.052,-533.866,-140.523,789.326,-550.925,-160.339,771.416,,,,,,,,,,,,,-680.119,219.255,813.915,-633.423,251.889,836.304,-662.654,219.776,778.22,-615.86,252.41,800.55,-653.711,264.152,1520.8,-738.144,317.453,1567.14,-557.738,333.493,1501.65,-572.068,437.042,1528.62
2434,0,-429.043,-30.6079,904.247,-481.455,-85.3254,847.077,-533.884,-140.525,789.35,-550.922,-160.335,771.444,,,,,,,,,,,,,-680.402,219.227,813.957,-633.706,251.601,836.153,-662.088,221.944,777.778,-615.843,252.364,800.517,-653.753,264.107,1520.89,-738.132,317.421,1567.12,-557.801,333.542,1501.63,-572.105,437.055,1528.61
2435,0,-429.099,-30.6162,904.288,-481.493,-85.3333,847.108,-533.899,-140.525,789.346,-550.954,-160.357,771.439,,,,,,,,,,,,,-680.364,219.205,813.968,-633.392,251.899,836.295,-662.603,219.739,778.234,-615.834,252.407,800.562,-653.69,264.126,1520.83,-738.138,317.401,1567.15,-557.827,333.535,1501.69,-572.125,437.099,1528.64
2436,0,-429.168,-30.6373,904.352,-481.533,-85.3417,847.127,-533.912,-140.531,789.344,-550.934,-160.357,771.419,,,,,,,,,,,,,-680.326,219.181,813.963,-633.387,251.854,836.332,-662.838,219.617,778.226,-615.81,252.403,800.523,-653.699,264.115,1520.89,-738.108,317.399,1567.13,-557.721,333.519,1501.73,-572.144,437.113,1528.66
2437,0,-429.237,-30.6537,904.384,-481.561,-85.3466,847.163,-533.925,-140.546,789.358,-550.943,-160.365,771.437,,,,,,,,,,,,,-680.295,219.18,813.976,-633.35,251.867,836.346,-662.567,219.647,778.293,-615.809,252.385,800.521,-653.667,264.122,1520.88,-738.109,317.363,1567.15,-557.858,333.581,1501.72,-572.154,437.119,1528.64
2438,0,-429.302,-30.6637,904.465,-481.594,-85.3595,847.175,-533.943,-140.562,789.356,-550.947,-160.389,771.468,,,,,,,,,,,,,-680.276,219.117,813.984,-633.345,251.848,836.323,-662.781,219.588,778.269,-615.795,252.351,800.541,-653.684,264.129,1520.94,-738.133,317.337,1567.2,-557.768,333.586,1501.73,-572.176,437.144,1528.65
2439,0,-429.358,-30.6804,904.54,-481.615,-85.3686,847.197,-533.944,-140.56,789.371,-550.942,-160.382,771.434,,,,,,,,,,,,,-680.26,219.093,813.998,-633.344,251.818,836.34,-662.531,219.563,778.296,-615.782,252.385,800.544,-653.655,264.122,1520.98,-738.103,317.311,1567.19,-557.792,333.608,1501.76,-572.196,437.166,1528.67
2440,0,-429.404,-30.7011,904.619,-481.647,-85.3873,847.239,-533.942,-140.57,789.382,-550.942,-160.39,771.407,,,,,,,,,,,,,-680.215,219.078,814,-633.292,251.872,836.318,-662.532,219.445,778.316,-615.774,252.381,800.546,-653.632,264.101,1521.01,-738.095,317.31,1567.19,-557.826,333.603,1501.83,-572.216,437.182,1528.66
2441,0,-429.441,-30.7126,904.648,-481.654,-85.3829,847.248,-533.949,-140.569,789.365,-550.954,-160.402,771.447,,,,,,,,,,,,,-680.188,219.058,814.005,-633.269,251.832,836.331,-662.511,219.432,778.322,-615.738,252.383,800.551,-653.58,264.128,1520.95,-738.095,317.303,1567.21,-557.631,333.668,1501.7,-572.239,437.197,1528.66
2442,0,-429.477,-30.7282,904.705,-481.672,-85.3927,847.276,-533.946,-140.566,789.387,-550.943,-160.388,771.483,,,,,,,,,,,,,-680.151,219.051,813.989,-633.275,251.865,836.32,-662.738,219.374,778.283,-615.718,252.398,800.552,-653.625,264.092,1521.08,-738.081,317.29,1567.21,-557.654,333.694,1501.71,-572.259,437.221,1528.67
2443,0,-429.511,-30.7548,904.762,-481.712,-85.4048,847.355,-533.951,-140.561,789.397,-550.949,-160.366,771.444,,,,,,,,,,,,,-680.114,219.025,814.015,-633.228,251.829,836.322,-662.703,219.4,778.252,-615.722,252.4,800.577,-653.583,264.109,1521.06,-738.088,317.283,1567.24,-557.78,333.674,1501.85,-572.288,437.228,1528.68
2444,0,-429.555,-30.7779,904.813,-481.734,-85.4302,847.378,-533.956,-140.562,789.397,-550.965,-160.39,771.421,,,,,,,,,,,,,-680.119,218.986,814.053,-633.224,251.849,836.314,-662.442,219.366,778.262,-615.691,252.39,800.599,-653.56,264.128,1521.04,-738.092,317.265,1567.24,-557.861,333.685,1501.92,-572.318,437.251,1528.69
2445,0,-429.586,-30.7966,904.842,-481.76,-85.452,847.419,-533.964,-140.583,789.407,-550.93,-160.355,771.442,,,,,,,,,,,,,-680.075,218.999,814.044,-633.179,251.871,836.351,-662.646,219.371,778.201,-615.692,252.424,800.573,-653.526,264.169,1521.05,-738.095,317.26,1567.27,-557.663,333.738,1501.78,-572.33,437.254,1528.7
2446,0,-429.642,-30.8118,904.923,-481.791,-85.4519,847.449,-533.978,-140.585,789.424,-550.944,-160.354,771.44,,,,,,,,,,,,,-680.085,218.967,814.079,-633.184,251.875,836.333,-662.388,219.356,778.258,-615.671,252.421,800.571,-653.57,264.099,1521.13,-738.11,317.245,1567.29,-557.812,333.736,1501.92,-572.356,437.273,1528.72
2447,0,-429.687,-30.8089,904.96,-481.817,-85.4614,847.474,-533.99,-140.596,789.414,-550.942,-160.364,771.432,,,,,,,,,,,,,-680.066,218.953,814.102,-633.163,251.849,836.378,-662.373,219.305,778.268,-615.666,252.417,800.599,-653.557,264.123,1521.13,-738.117,317.222,1567.3,-557.705,333.746,1501.93,-572.392,437.302,1528.75
2448,0,-429.73,-30.828,904.998,-481.84,-85.4663,847.486,-533.989,-140.583,789.416,-550.949,-160.388,771.433,,,,,,,,,,,,,-680.059,218.942,814.13,-633.153,251.846,836.398,-662.358,219.296,778.271,-615.638,252.426,800.642,-653.56,264.105,1521.19,-738.106,317.227,1567.29,-557.883,333.772,1501.97,-572.415,437.308,1528.78
2449,0,-429.77,-30.8224,905.036,-481.862,-85.4712,847.49,-533.995,-140.596,789.437,-550.948,-160.395,771.464,,,,,,,,,,,,,-680.027,218.932,814.149,-633.12,251.854,836.403,-662.346,219.256,778.271,-615.627,252.443,800.637,-653.549,264.108,1521.19,-738.133,317.196,1567.34,-557.865,333.834,1501.96,-572.442,437.319,1528.83
2450,0,-429.83,-30.8427,905.087,-481.894,-85.4812,847.542,-534.007,-140.604,789.43,-550.958,-160.411,771.456,,,,,,,,,,,,,-680,218.916,814.142,-633.109,251.831,836.432,-662.317,219.271,778.312,-615.6,252.432,800.648,-653.539,264.118,1521.19,-738.16,317.189,1567.36,-557.656,333.812,1502,-572.477,437.319,1528.85
2451,0,-429.882,-30.8556,905.139,-481.913,-85.506,847.56,-534.013,-140.613,789.436,-550.957,-160.414,771.45,,,,,,,,,,,,,-679.989,218.899,814.187,-633.078,251.848,836.425,-662.309,219.255,778.334,-615.579,252.42,800.696,-653.577,264.048,1521.27,-738.165,317.165,1567.36,-557.817,333.867,1502.03,-572.506,437.341,1528.89
2452,0,-429.905,-30.8863,905.162,-481.937,-85.5217,847.591,-534.031,-140.633,789.459,-550.951,-160.42,771.467,,,,,,,,,,,,,-679.979,218.881,814.196,-633.081,251.828,836.465,-662.273,219.232,778.339,-615.567,252.417,800.716,-653.57,264.077,1521.28,-738.17,317.143,1567.35,-557.791,333.846,1502.12,-572.564,437.361,1528.95
2453,0,-429.932,-30.8915,905.189,-481.951,-85.5341,847.593,-534.037,-140.631,789.456,-550.961,-160.4,771.443,,,,,,,,,,,,,-679.931,218.86,814.229,-633.068,251.826,836.468,-662.259,219.216,778.353,-615.569,252.389,800.709,-653.577,264.064,1521.31,-738.199,317.123,1567.38,-557.847,333.88,1502.09,-572.734,437.362,1528.54
2454,0,-429.955,-30.9226,905.225,-481.967,-85.5362,847.621,-534.038,-140.639,789.468,-550.973,-160.434,771.437,,,,,,,,,,,,,-679.86,218.831,814.245,-633.038,251.827,836.484,-662.223,219.167,778.398,-615.541,252.405,800.718,-653.593,264.056,1521.34,-738.23,317.101,1567.4,-557.903,333.859,1502.19,-572.622,437.358,1529.03
2455,0,-429.988,-30.927,905.272,-481.984,-85.5533,847.633,-534.044,-140.634,789.477,-550.961,-160.405,771.452,,,,,,,,,,,,,-679.829,218.835,814.255,-633.023,251.807,836.507,-662.411,219.214,778.376,-615.501,252.409,800.784,-653.599,264.027,1521.35,-738.241,317.068,1567.39,-557.728,333.93,1502.07,-572.794,437.361,1528.66
2456,0,-430.009,-30.9246,905.313,-481.984,-85.5497,847.656,-534.042,-140.624,789.47,-550.956,-160.389,771.433,,,,,,,,,,,,,-679.772,218.825,814.26,-632.983,251.803,836.531,-662.381,219.194,778.374,-615.456,252.413,800.788,-653.601,264.051,1521.4,-738.252,317.07,1567.4,-557.995,333.924,1502.22,-572.825,437.381,1528.7
2457,0,-430.03,-30.9226,905.31,-482.005,-85.5305,847.681,-534.044,-140.614,789.469,-550.987,-160.419,771.442,,,,,,,,,,,,,-679.449,218.788,814.278,-632.955,251.818,836.554,-662.329,219.179,778.399,-615.435,252.423,800.83,-653.6,264.018,1521.4,-738.271,317.043,1567.41,-557.864,333.891,1502.23,-572.888,437.429,1528.73
2458,0,-430.067,-30.918,905.345,-482.025,-85.5275,847.703,-534.064,-140.606,789.482,-550.977,-160.398,771.412,,,,,,,,,,,,,-679.636,218.781,814.271,-632.932,251.826,836.564,-662.345,219.121,778.391,-615.45,252.409,800.825,-653.593,264.038,1521.4,-738.291,317.029,1567.42,-557.641,333.926,1502.12,-572.911,437.376,1528.77
2459,0,-430.104,-30.9241,905.38,-482.048,-85.5209,847.729,-534.059,-140.594,789.498,-550.962,-160.389,771.422,,,,,,,,,,,,,-679.6,218.739,814.294,-632.899,251.81,836.559,-662.089,219.081,778.437,-615.397,252.407,800.822,-653.616,263.947,1521.44,-738.308,316.992,1567.44,-557.872,333.879,1502.31,-572.935,437.35,1528.8
2460,0,-430.143,-30.9127,905.397,-482.075,-85.5189,847.759,-534.071,-140.594,789.489,-550.971,-160.383,771.422,,,,,,,,,,,,,-679.317,218.721,814.323,-632.892,251.813,836.57,-662.016,219.102,778.465,-615.386,252.415,800.836,-653.641,263.971,1521.47,-738.327,316.977,1567.45,-557.725,333.965,1502.08,-572.814,437.311,1529.23
2461,0,-430.178,-30.9244,905.419,-482.095,-85.5221,847.793,-534.083,-140.601,789.507,-550.983,-160.429,771.437,,,,,,,,,,,,,-679.507,218.708,814.307,-632.845,251.84,836.547,-662,219.076,778.458,-615.359,252.433,800.859,-653.634,263.922,1521.43,-738.337,316.953,1567.47,-557.978,333.881,1502.31,-572.827,437.3,1529.25
2462,0,-430.211,-30.901,905.42,-482.118,-85.5168,847.799,-534.091,-140.596,789.507,-550.987,-160.423,771.467,,,,,,,,,,,,,-679.458,218.696,814.329,-632.821,251.793,836.572,-662.203,219.068,778.444,-615.347,252.429,800.874,-653.639,263.944,1521.47,-738.369,316.92,1567.51,-557.87,333.925,1502.19,-572.844,437.281,1529.28
2463,0,-430.251,-30.8872,905.436,-482.138,-85.498,847.789,-534.106,-140.587,789.512,-550.991,-160.398,771.443,,,,,,,,,,,,,-679.418,218.691,814.323,-632.808,251.825,836.574,-661.95,219.023,778.487,-615.328,252.419,800.878,-653.674,263.905,1521.49,-738.38,316.903,1567.5,-557.877,333.864,1502.3,-572.889,437.269,1529.3
2464,0,-430.258,-30.852,905.433,-482.152,-85.4796,847.798,-534.101,-140.566,789.507,-550.979,-160.375,771.433,,,,,,,,,,,,,-679.204,218.659,814.371,-633.085,251.592,836.432,-662.165,219.043,778.497,-615.299,252.421,800.882,-653.691,263.865,1521.52,-738.396,316.86,1567.53,-557.937,333.868,1502.32,-573.087,437.283,1528.9
2465,0,-430.279,-30.8271,905.436,-482.151,-85.4487,847.79,-534.102,-140.556,789.488,-550.977,-160.367,771.454,,,,,,,,,,,,,-679.155,218.657,814.373,-632.747,251.876,836.603,-661.896,219.018,778.515,-615.284,252.448,800.857,-653.648,263.863,1521.49,-738.396,316.854,1567.54,-558.015,333.886,1502.3,-573.091,437.288,1528.91
2466,0,-430.285,-30.794,905.428,-482.16,-85.4297,847.786,-534.103,-140.537,789.489,-550.976,-160.373,771.455,,,,,,,,,,,,,-679.165,218.643,814.413,-632.716,251.872,836.615,-661.845,219.019,778.521,-615.268,252.428,800.899,-653.668,263.859,1521.55,-738.396,316.786,1567.55,-557.78,333.886,1502.24,-573.133,437.316,1528.94
2467,0,-430.3,-30.7551,905.423,-482.166,-85.3966,847.77,-534.095,-140.516,789.485,-550.968,-160.358,771.439,,,,,,,,,,,,,-679.122,218.635,814.411,-632.717,251.905,836.592,-661.088,221.951,778.019,-615.247,252.453,800.917,-653.632,263.845,1521.52,-738.4,316.782,1567.56,-557.978,333.877,1502.37,-573.15,437.274,1528.97
2468,0,-430.294,-30.7141,905.388,-482.168,-85.3666,847.749,-534.094,-140.501,789.494,-550.973,-160.34,771.425,,,,,,,,,,,,,-679.312,218.634,814.418,-632.705,251.901,836.636,-661.053,222.011,777.969,-615.236,252.511,800.929,-653.613,263.85,1521.56,-738.388,316.718,1567.58,-558.024,333.888,1502.38,-573.157,437.281,1529.01
2469,0,-430.32,-30.6647,905.378,-482.189,-85.3454,847.719,-534.103,-140.489,789.49,-550.986,-160.366,771.454,,,,,,,,,,,,,-679.061,218.62,814.429,-632.662,251.929,836.63,-661.752,219.032,778.548,-615.227,252.504,800.918,-653.575,263.8,1521.55,-738.369,316.684,1567.58,-557.86,333.885,1502.38,-572.977,437.181,1529.46
2470,0,-430.347,-30.6226,905.39,-482.203,-85.3246,847.718,-534.121,-140.481,789.471,-551.01,-160.358,771.445,,,,,,,,,,,,,-679.213,218.658,814.357,-632.977,251.684,836.454,-660.996,222.016,777.965,-615.193,252.509,800.966,-653.572,263.777,1521.6,-738.364,316.644,1567.6,-557.978,333.865,1502.53,-573.188,437.295,1529.08
2471,0,-430.353,-30.5853,905.35,-482.214,-85.2975,847.715,-534.117,-140.468,789.468,-551.01,-160.372,771.433,,,,,,,,,,,,,-679.008,218.596,814.438,-632.637,251.918,836.674,-660.963,222.003,777.979,-615.163,252.535,800.98,-653.535,263.748,1521.59,-738.347,316.608,1567.61,-558.019,333.883,1502.51,-573.192,437.291,1529.12
2472,0,-430.347,-30.5541,905.307,-482.214,-85.271,847.702,-534.122,-140.471,789.473,-550.987,-160.36,771.432,,,,,,,,,,,,,-678.987,218.583,814.419,-632.609,251.937,836.655,-660.94,221.936,778.003,-615.164,252.541,800.958,-653.489,263.754,1521.61,-738.305,316.586,1567.6,-557.869,333.879,1502.46,-573.162,437.245,1529.16
2473,0,-430.35,-30.5159,905.249,-482.218,-85.2589,847.667,-534.123,-140.475,789.473,-550.99,-160.352,771.453,,,,,,,,,,,,,-678.953,218.577,814.425,-632.584,251.957,836.638,-660.917,221.943,777.997,-615.168,252.521,800.95,-653.445,263.733,1521.6,-738.298,316.545,1567.63,-557.946,333.874,1502.53,-573.157,437.233,1529.2
2474,0,-430.348,-30.4734,905.21,-482.221,-85.253,847.626,-534.127,-140.484,789.458,-550.976,-160.349,771.428,,,,,,,,,,,,,-678.906,218.581,814.438,-632.542,251.979,836.653,-660.897,221.929,777.99,-615.128,252.517,800.938,-653.387,263.736,1521.61,-738.266,316.524,1567.64,-557.937,333.814,1502.68,-572.993,437.155,1529.6
2475,0,-430.33,-30.4296,905.149,-482.214,-85.2222,847.588,-534.123,-140.473,789.454,-550.979,-160.383,771.447,,,,,,,,,,,,,-678.874,218.589,814.411,-632.539,251.954,836.645,-660.87,221.978,777.987,-615.434,252.234,800.742,-653.353,263.709,1521.66,-738.219,316.483,1567.63,-557.92,333.841,1502.69,-572.972,437.148,1529.63
2476,0,-430.323,-30.3853,905.08,-482.194,-85.1831,847.546,-534.112,-140.453,789.434,-550.979,-160.346,771.435,,,,,,,,,,,,,-678.869,218.577,814.439,-632.507,252.003,836.648,-660.86,222.018,777.985,-615.086,252.567,800.948,-653.292,263.7,1521.64,-738.182,316.443,1567.64,-557.849,333.887,1502.59,-573.108,437.201,1529.32
2477,0,-430.314,-30.3383,905.049,-482.187,-85.1604,847.525,-534.102,-140.446,789.41,-550.97,-160.357,771.442,,,,,,,,,,,,,-678.822,218.581,814.435,-632.498,252.005,836.648,-660.816,221.964,778.017,-615.095,252.579,800.959,-653.235,263.642,1521.67,-738.148,316.365,1567.68,-557.785,333.872,1502.62,-573.102,437.231,1529.34
2478,0,-430.302,-30.2972,904.986,-482.174,-85.1404,847.484,-534.093,-140.444,789.399,-550.977,-160.376,771.433,,,,,,,,,,,,,-678.791,218.592,814.414,-632.43,252.063,836.611,-660.807,221.919,778.03,-615.078,252.63,800.954,-653.185,263.597,1521.72,-738.1,316.346,1567.7,-557.724,333.846,1502.7,-573.095,437.25,1529.33
2479,0,-430.291,-30.2448,904.938,-482.163,-85.106,847.465,-534.086,-140.417,789.387,-550.958,-160.344,771.446,,,,,,,,,,,,,-678.748,218.613,814.428,-632.397,252.034,836.688,-660.758,221.872,778.044,-615.063,252.627,800.94,-653.091,263.599,1521.71,-738.041,316.285,1567.71,-557.754,333.87,1502.76,-573.011,437.192,1529.41
2480,0,-430.298,-30.1989,904.936,-482.167,-85.0738,847.445,-534.09,-140.4,789.375,-550.97,-160.336,771.442,,,,,,,,,,,,,-678.677,218.61,814.411,-632.388,252.051,836.685,-660.712,221.941,778.03,-614.99,252.661,800.978,-652.994,263.614,1521.7,-737.969,316.252,1567.69,-557.404,333.93,1502.61,-572.851,437.136,1529.76
2481,0,-430.297,-30.1761,904.894,-482.157,-85.057,847.423,-534.084,-140.386,789.389,-550.971,-160.335,771.46,,,,,,,,,,,,,-678.631,218.599,814.439,-632.292,252.142,836.662,-660.653,221.991,778.037,-614.98,252.676,801.002,-652.921,263.586,1521.75,-737.914,316.217,1567.71,-557.455,333.935,1502.61,-572.766,437.132,1529.8
2482,0,-430.287,-30.1405,904.877,-482.149,-85.0411,847.392,-534.082,-140.382,789.374,-550.958,-160.321,771.441,,,,,,,,,,,,,-678.58,218.601,814.429,-632.274,252.134,836.651,-660.599,221.957,778.06,-614.95,252.682,800.98,-652.835,263.586,1521.76,-737.831,316.162,1567.68,-557.536,333.937,1502.73,-572.836,437.137,1529.5
2483,0,-430.28,-30.1088,904.862,-482.141,-85.0132,847.389,-534.078,-140.372,789.352,-550.957,-160.324,771.447,,,,,,,,,,,,,-678.523,218.63,814.448,-632.506,251.977,836.519,-660.551,221.964,778.063,-614.887,252.713,801.084,-652.728,263.566,1521.75,-737.775,316.066,1567.7,-557.456,333.932,1502.81,-572.68,437.137,1529.9
2484,0,-430.274,-30.0818,904.831,-482.13,-84.9985,847.378,-534.065,-140.366,789.358,-550.963,-160.319,771.447,,,,,,,,,,,,,-678.439,218.619,814.439,-632.162,252.191,836.673,-660.48,221.962,778.034,-614.82,252.758,801.126,-652.631,263.519,1521.77,-737.724,316.017,1567.74,-557.321,333.982,1502.77,-572.609,437.131,1529.96
2485,0,-430.264,-30.0735,904.815,-482.098,-84.9887,847.304,-534.064,-140.362,789.357,-550.94,-160.324,771.45,,,,,,,,,,,,,-678.367,218.627,814.437,-632.112,252.184,836.654,-660.408,221.918,778.074,-614.77,252.751,801.149,-652.501,263.437,1521.77,-737.634,315.922,1567.73,-557.118,334.038,1502.63,-572.625,437.144,1529.84
2486,0,-430.244,-30.0615,904.812,-482.081,-84.9889,847.27,-534.042,-140.37,789.337,-550.927,-160.322,771.45,,,,,,,,,,,,,-678.273,218.632,814.454,-632.025,252.214,836.684,-660.328,221.924,778.042,-614.689,252.767,801.151,-652.361,263.458,1521.74,-737.541,315.845,1567.73,-556.805,334.058,1502.6,-572.557,437.137,1529.89
2487,0,-430.229,-30.0496,904.769,-482.065,-84.9717,847.257,-534.042,-140.371,789.326,-550.915,-160.327,771.443,,,,,,,,,,,,,-678.171,218.692,814.417,-631.984,252.244,836.672,-660.245,221.956,778.075,-614.633,252.808,801.169,-652.278,263.419,1521.83,-737.46,315.756,1567.75,-556.704,334.079,1502.61,-572.409,437.071,1530.13
2488,0,-430.212,-30.0405,904.75,-482.062,-84.9795,847.231,-534.027,-140.38,789.313,-550.939,-160.312,771.447,,,,,,,,,,,,,-678.109,218.697,814.405,-631.906,252.288,836.676,-660.147,221.956,778.103,-614.546,252.839,801.168,-652.111,263.4,1521.79,-737.357,315.682,1567.75,-556.5,334.118,1502.6,-572.357,437.041,1530.21
2489,0,-430.212,-30.0533,904.753,-482.06,-84.983,847.222,-534.039,-140.389,789.319,-550.935,-160.334,771.457,,,,,,,,,,,,,-678.023,218.683,814.411,-631.835,252.323,836.661,-660.054,221.943,778.061,-614.468,252.828,801.165,-652.001,263.353,1521.85,-737.254,315.602,1567.74,-556.662,334.08,1502.87,-572.543,437.403,1529.86
2490,0,-430.229,-30.059,904.765,-482.075,-84.9935,847.23,-534.051,-140.401,789.314,-550.967,-160.363,771.411,,,,,,,,,,,,,-677.937,218.676,814.412,-631.787,252.316,836.637,-659.983,221.984,778.048,-614.41,252.829,801.085,-651.818,263.31,1521.77,-737.143,315.548,1567.74,-556.409,334.159,1502.83,-572.486,437.403,1529.95
2491,0,-430.239,-30.0597,904.751,-482.075,-84.9954,847.227,-534.056,-140.402,789.328,-550.939,-160.349,771.418,,,,,,,,,,,,,-677.855,218.701,814.398,-631.688,252.339,836.61,-659.917,221.974,778.067,-614.294,252.8,801.079,-651.677,263.283,1521.83,-737.023,315.488,1567.75,-556.355,334.192,1502.91,-572.411,437.386,1530.03
2492,0,-430.241,-30.0653,904.75,-482.077,-85.0021,847.222,-534.053,-140.41,789.32,-550.933,-160.333,771.427,,,,,,,,,,,,,-677.745,218.702,814.376,-631.617,252.32,836.614,-659.832,221.998,778.035,-614.238,252.812,801.074,-651.492,263.304,1521.81,-736.878,315.418,1567.73,-556.07,334.261,1502.86,-572.117,437.048,1530.44
2493,0,-430.232,-30.0806,904.762,-482.079,-85.011,847.228,-534.056,-140.407,789.334,-550.94,-160.355,771.439,,,,,,,,,,,,,-677.701,218.712,814.375,-631.85,252.1,836.417,-659.747,221.999,778.017,-614.122,252.808,801.034,-651.333,263.284,1521.83,-736.741,315.346,1567.71,-556.235,334.207,1503.25,-572.086,437.077,1530.47
2494,0,-430.223,-30.1046,904.775,-482.094,-85.0398,847.313,-534.059,-140.43,789.329,-550.938,-160.353,771.405,,,,,,,,,,,,,-677.601,218.729,814.358,-631.428,252.368,836.546,-659.674,221.967,778.046,-614.01,252.8,800.995,-651.157,263.235,1521.86,-736.604,315.29,1567.7,-556.063,334.246,1503.3,-572.047,437.127,1530.51
2495,0,-430.209,-30.1566,904.805,-482.079,-85.0556,847.343,-534.044,-140.429,789.331,-550.934,-160.369,771.454,,,,,,,,,,,,,-677.503,218.714,814.359,-631.336,252.367,836.513,-659.57,221.898,778.049,-613.923,252.807,800.915,-650.907,263.253,1521.82,-736.453,315.21,1567.7,-555.866,334.318,1503.27,-571.977,437.143,1530.53
2496,0,-430.192,-30.2034,904.859,-482.067,-85.0921,847.379,-534.029,-140.446,789.355,-550.923,-160.37,771.46,,,,,,,,,,,,,-677.368,218.718,814.347,-631.226,252.41,836.473,-659.481,221.897,778.07,-613.817,252.878,800.906,-650.696,263.269,1521.83,-736.302,315.145,1567.71,-555.658,334.415,1503.23,-571.923,437.205,1530.58
2497,0,-430.169,-30.273,904.914,-482.05,-85.1357,847.427,-534.001,-140.472,789.374,-550.908,-160.347,771.421,,,,,,,,,,,,,-677.406,218.714,814.331,-631.082,252.451,836.463,-659.349,222.011,778.036,-613.687,252.851,800.82,-650.468,263.275,1521.84,-736.112,315.088,1567.71,-555.545,334.407,1503.38,-571.828,437.248,1530.63
2498,0,-430.138,-30.341,904.94,-482.021,-85.178,847.479,-533.962,-140.494,789.394,-550.911,-160.351,771.435,,,,,,,,,,,,,-677.023,218.757,814.306,-631.259,252.281,836.28,-659.772,219.556,778.574,-613.553,252.907,800.814,-650.268,263.268,1521.9,-735.937,315.006,1567.72,-555.247,334.487,1503.33,-571.728,437.291,1530.68
2499,0,-430.123,-30.4071,905.029,-482.003,-85.2165,847.54,-533.949,-140.521,789.409,-550.902,-160.363,771.454,,,,,,,,,,,,,-676.832,218.769,814.272,-631.1,252.336,836.26,-659.634,219.537,778.559,-613.41,252.99,800.793,-649.981,263.262,1521.86,-735.732,314.979,1567.69,-555.312,334.548,1503.5,-571.647,437.345,1530.75
2500,0,-430.14,-30.4426,905.095,-482.001,-85.2508,847.585,-533.934,-140.515,789.443,-550.906,-160.362,771.5,,,,,,,,,,,,,-676.831,218.773,814.257,-630.619,252.639,836.428,-659.399,219.628,778.497,-613.236,253.111,800.774,-649.711,263.308,1521.85,-735.517,314.905,1567.71,-554.865,334.671,1503.39,-571.532,437.414,1530.8
2501,0,-430.154,-30.5056,905.147,-482.009,-85.2876,847.622,-533.935,-140.536,789.446,-550.902,-160.363,771.466,,,,,,,,,,,,,-676.411,218.774,814.273,-630.428,252.706,836.439,-658.618,222.057,777.961,-613.085,253.158,800.768,-649.471,263.329,1521.91,-735.306,314.885,1567.72,-554.659,334.751,1503.45,-571.584,437.58,1530.42
2502,0,-430.208,-30.5373,905.218,-482.053,-85.3111,847.657,-533.965,-140.551,789.463,-550.896,-160.345,771.458,,,,,,,,,,,,,-676.434,218.777,814.282,-630.218,252.768,836.446,-658.356,222.171,777.911,-612.95,253.254,800.663,-649.221,263.335,1521.91,-735.069,314.796,1567.7,-554.442,334.853,1503.51,-571.427,437.699,1530.46
2503,0,-430.259,-30.5599,905.266,-482.1,-85.3354,847.709,-533.983,-140.572,789.477,-550.929,-160.372,771.426,,,,,,,,,,,,,-676.055,218.77,814.318,-630.063,252.771,836.467,-658.157,222.216,777.883,-612.718,253.387,800.651,-648.929,263.38,1521.95,-734.815,314.776,1567.7,-554.16,335.001,1503.49,-571.244,437.817,1530.53
2504,0,-430.343,-30.5863,905.37,-482.155,-85.359,847.751,-534.017,-140.597,789.507,-550.922,-160.363,771.404,,,,,,,,,,,,,-675.852,218.763,814.3,-629.875,252.865,836.405,-658.166,222.074,777.777,-612.528,253.477,800.621,-648.622,263.373,1521.97,-734.559,314.714,1567.71,-553.976,335.134,1503.54,-571.064,437.989,1530.56
2505,0,-430.409,-30.6057,905.409,-482.202,-85.3807,847.824,-534.05,-140.605,789.538,-550.971,-160.433,771.484,,,,,,,,,,,,,-675.652,218.752,814.322,-629.657,252.925,836.397,-657.921,222.184,777.744,-612.314,253.56,800.607,-648.322,263.443,1522.06,-734.341,314.67,1567.71,-553.537,335.239,1503.62,-570.883,438.135,1530.61
2506,0,-430.473,-30.6289,905.472,-482.266,-85.4128,847.879,-534.089,-140.641,789.569,-550.964,-160.427,771.453,,,,,,,,,,,,,-675.395,218.77,814.29,-629.496,252.937,836.366,-657.708,222.21,777.725,-612.104,253.618,800.514,-648.005,263.455,1522.09,-734.107,314.624,1567.67,-553.559,335.332,1503.81,-570.74,438.259,1530.6
2507,0,-430.545,-30.6602,905.541,-482.305,-85.4402,847.927,-534.127,-140.685,789.612,-550.962,-160.457,771.471,,,,,,,,,,,,,-675.098,218.733,814.312,-629.299,252.972,836.305,-658.066,219.105,778.625,-611.87,253.701,800.508,-647.635,263.557,1522.11,-733.849,314.59,1567.69,-553.285,335.428,1503.98,-570.54,438.445,1531
2508,0,-430.584,-30.7111,905.607,-482.334,-85.4687,848.025,-534.125,-140.708,789.646,-550.974,-160.472,771.462,,,,,,,,,,,,,-674.833,218.73,814.284,-629.017,253.488,836.058,-657.833,219.105,778.629,-611.692,253.753,800.497,-647.246,263.619,1522.07,-733.528,314.541,1567.66,-552.939,335.734,1503.74,-570.441,438.573,1531.02
2509,0,-430.647,-30.7458,905.724,-482.375,-85.5043,848.087,-534.139,-140.736,789.676,-550.982,-160.482,771.454,,,,,,,,,,,,,-674.511,218.703,814.267,-628.856,252.917,836.438,-657.519,219.091,778.55,-611.503,253.825,800.469,-646.87,263.632,1522.14,-733.202,314.487,1567.7,-552.672,335.908,1503.87,-570.581,439.092,1530.75
2510,0,-430.659,-30.7907,905.765,-482.34,-85.5407,847.995,-534.147,-140.768,789.717,-550.983,-160.512,771.483,,,,,,,,,,,,,-674.192,218.667,814.275,-628.626,252.952,836.471,-657.266,219.114,778.589,-611.329,253.893,800.442,-646.462,263.742,1522.15,-732.842,314.464,1567.72,-552.609,336.077,1504.05,-570.173,438.745,1531.13
2511,0,-430.706,-30.8227,905.875,-482.366,-85.5688,848.056,-534.152,-140.77,789.753,-550.998,-160.519,771.45,,,,,,,,,,,,,-673.944,218.63,814.261,-628.368,253.015,836.42,-656.99,219.088,778.58,-611.148,253.986,800.473,-646.097,263.795,1522.22,-732.516,314.4,1567.76,-552.062,336.342,1503.9,-570.121,438.753,1530.74
2512,0,-430.775,-30.8412,905.972,-482.393,-85.564,848.15,-534.162,-140.774,789.784,-550.993,-160.504,771.44,,,,,,,,,,,,,-673.658,218.653,814.258,-628.086,253.097,836.389,-656.728,219.096,778.589,-610.935,254.088,800.502,-645.678,263.887,1522.23,-732.216,314.355,1567.8,-551.729,336.592,1503.89,-569.869,439.098,1531.19
2513,0,-430.826,-30.857,906.046,-482.421,-85.5789,848.204,-534.168,-140.767,789.823,-551,-160.493,771.467,,,,,,,,,,,,,-673.351,218.659,814.27,-627.815,253.188,836.39,-656.495,219.099,778.6,-610.7,254.157,800.477,-645.3,263.973,1522.27,-731.92,314.301,1567.82,-551.454,336.753,1504.03,-569.636,439.358,1531.21
2514,0,-430.896,-30.8574,906.126,-482.463,-85.5838,848.242,-534.184,-140.768,789.848,-551.004,-160.468,771.471,,,,,,,,,,,,,-673.05,218.651,814.259,-627.563,253.248,836.331,-656.179,219.153,778.488,-610.429,254.269,800.542,-644.934,264.043,1522.35,-731.616,314.26,1567.85,-551.059,337.06,1503.91,-569.451,439.687,1531.25
2515,0,-430.961,-30.8656,906.203,-482.507,-85.5864,848.277,-534.216,-140.772,789.875,-551.014,-160.473,771.442,,,,,,,,,,,,,-672.722,218.655,814.292,-627.285,253.332,836.251,-655.852,219.178,778.388,-610.154,254.309,800.463,-644.532,264.185,1522.37,-731.298,314.212,1567.88,-550.991,337.214,1504.19,-569.51,440.248,1530.83
2516,0,-431.038,-30.8732,906.287,-482.566,-85.6014,848.329,-534.253,-140.779,789.909,-551.029,-160.485,771.442,,,,,,,,,,,,,-672.441,218.636,814.294,-626.973,253.41,836.165,-655.618,218.998,778.454,-609.897,254.349,800.437,-644.105,264.219,1522.43,-730.94,314.197,1567.94,-550.465,337.442,1504.11,-569.159,440.119,1531.31
2517,0,-431.11,-30.893,906.382,-482.612,-85.6269,848.383,-534.269,-140.813,789.95,-551.031,-160.507,771.451,,,,,,,,,,,,,-672.168,218.633,814.305,-626.701,253.477,836.206,-655.353,218.984,778.508,-609.644,254.454,800.454,-643.623,264.389,1522.44,-730.538,314.134,1568.01,-550.278,337.638,1504.32,-569.243,440.468,1530.96
2518,0,-431.151,-30.9297,906.504,-482.633,-85.677,848.429,-534.277,-140.846,789.982,-551.056,-160.538,771.426,,,,,,,,,,,,,-671.927,218.616,814.325,-626.408,253.552,836.202,-655.051,219.001,778.511,-609.399,254.541,800.416,-643.178,264.429,1522.49,-730.147,314.11,1568.07,-549.882,337.928,1504.23,-568.884,440.345,1531.39
2519,0,-431.141,-31.0147,906.676,-482.605,-85.7508,848.558,-534.234,-140.897,790.078,-550.965,-160.476,771.414,,,,,,,,,,,,,-671.632,218.585,814.335,-626.161,253.617,836.183,-654.752,218.993,778.517,-609.118,254.674,800.301,-642.706,264.587,1522.54,-729.795,314.091,1568.09,-549.563,338.167,1504.31,-568.741,440.534,1531.43
2520,0,-431.057,-31.1155,906.805,-482.51,-85.8133,848.723,-534.117,-140.931,790.166,-550.884,-160.478,771.45,,,,,,,,,,,,,-671.256,218.625,814.341,-625.841,253.659,836.241,-654.454,218.965,778.43,-608.819,254.766,800.298,-642.274,264.671,1522.64,-729.462,314.072,1568.11,-549.247,338.414,1504.37,-568.762,440.948,1531.1
2521,0,-430.894,-31.205,906.999,-482.337,-85.8716,848.862,-533.911,-140.945,790.282,-550.678,-160.401,771.489,,,,,,,,,,,,,-670.84,218.552,814.374,-625.566,253.664,836.23,-654.059,218.984,778.392,-608.53,254.859,800.334,-641.862,264.728,1522.75,-729.12,314.037,1568.16,-548.815,338.704,1504.32,-568.584,441.193,1531.17
2522,0,-430.632,-31.3214,907.232,-482.005,-85.9745,849.054,-533.53,-141.024,790.426,-550.376,-160.357,771.491,,,,,,,,,,,,,-670.467,218.549,814.385,-625.233,253.721,836.154,-653.728,218.987,778.444,-608.176,254.912,800.342,-641.375,264.87,1522.78,-728.807,314.012,1568.17,-548.446,338.978,1504.34,-568.253,441.481,1531.6
2523,0,-430.295,-31.4795,907.513,-481.566,-86.1728,849.217,-532.975,-141.233,790.571,-549.871,-160.455,771.492,,,,,,,,,,,,,-670.128,218.499,814.38,-624.905,253.771,836.146,-653.364,219.001,778.527,-607.869,254.938,800.269,-640.91,264.97,1522.85,-728.428,314.007,1568.18,-548.206,339.202,1504.47,-568.048,441.659,1531.71
2524,0,-429.978,-31.6593,907.805,-481.107,-86.4727,849.611,-532.172,-141.682,790.709,-549.005,-160.845,771.432,,,,,,,,,,,,,-669.674,218.508,814.301,-624.599,253.869,836.157,-653.026,219.007,778.504,-607.517,255.064,800.265,-640.507,265.029,1522.93,-728.027,313.991,1568.25,-547.83,339.46,1504.51,-568.101,442.364,1531.57
2525,0,-429.636,-31.8611,908.142,-480.379,-86.8088,849.707,-531.216,-142.205,790.758,-547.945,-161.467,771.47,,,,,,,,,,,,,-669.245,218.443,814.376,-624.531,253.767,836.049,-652.64,219.015,778.485,-607.197,255.18,800.236,-640.001,265.197,1522.95,-727.59,313.954,1568.3,-547.536,339.755,1504.58,-567.927,442.461,1531.58
2526,0,-429.22,-32.0375,908.53,-479.717,-87.232,850.154,-530.093,-142.865,790.921,-546.848,-162.085,771.674,,,,,,,,,,,,,-668.853,218.485,814.363,-623.89,254.075,836.112,-652.212,218.999,778.405,-606.861,255.28,800.148,-639.525,265.268,1523.02,-727.21,313.891,1568.38,-547.215,339.996,1504.69,-567.624,442.205,1531.8
2527,0,-428.902,-32.2111,909.017,-479.005,-87.6901,850.444,-528.977,-143.574,791.223,-545.505,-162.814,771.769,,,,,,,,,,,,,-668.5,218.545,814.351,-623.476,254.176,836.11,-651.797,219.005,778.457,-606.519,255.447,800.171,-639.065,265.383,1523.15,-726.85,313.868,1568.38,-546.926,340.307,1504.84,-567.494,442.374,1531.85
2528,0,-428.618,-32.3922,909.475,-478.342,-88.1376,850.998,-527.886,-144.368,791.7,-544.257,-163.796,772.186,,,,,,,,,,,,,-668.072,218.561,814.346,-623.092,254.243,836.025,-651.362,219.049,778.561,-606.079,255.632,800.128,-638.555,265.491,1523.15,-726.524,313.811,1568.43,-546.497,340.647,1504.75,-567.581,442.991,1531.6
2529,0,-428.337,-32.5495,910.128,-477.765,-88.557,851.453,-527.12,-144.957,792.306,-543.429,-164.543,773.003,,,,,,,,,,,,,-667.603,218.564,814.403,-622.656,254.431,836.058,-650.946,219.054,778.511,-605.687,255.711,800.088,-638.07,265.615,1523.19,-726.124,313.783,1568.48,-546.296,340.893,1504.93,-567.172,442.958,1532.02
2530,0,-428.115,-32.6834,911.069,-477.351,-88.9625,852.525,-526.521,-145.767,793.529,-542.728,-165.298,774.058,,,,,,,,,,,,,-667.155,218.576,814.442,-622.238,254.484,836.115,-650.453,219.052,778.397,-605.283,255.825,800.158,-637.581,265.747,1523.27,-725.679,313.724,1568.54,-545.98,341.161,1505.03,-566.971,443.246,1532.06
2531,0,-427.907,-32.8631,912.19,-477.158,-89.4594,854.027,-526.257,-146.516,795.14,-542.304,-166.246,775.638,,,,,,,,,,,,,-666.689,218.497,814.456,-621.746,254.646,835.991,-649.937,219.101,778.446,-604.91,255.783,800.139,-637.042,265.832,1523.22,-725.265,313.679,1568.61,-545.589,341.434,1505.05,-566.758,443.575,1532.13
2532,0,-427.722,-33.0838,913.582,-477.067,-90.0572,855.947,-526.158,-147.59,797.552,-542.276,-167.27,777.974,,,,,,,,,,,,,-666.123,218.385,814.484,-621.282,254.676,835.913,-649.425,219.116,778.526,-604.481,255.88,800.168,-636.565,266.035,1523.33,-724.854,313.626,1568.63,-545.051,341.733,1505.07,-566.591,443.804,1532.19
2533,0,-427.558,-33.3409,915.463,-477.086,-90.784,858.43,-526.418,-148.82,800.663,-542.742,-168.551,781.526,,,,,,,,,,,,,-665.49,218.338,814.469,-620.872,254.695,835.93,-648.961,219.097,778.487,-603.992,256.058,800.14,-636.073,266.082,1523.41,-724.469,313.555,1568.62,-544.681,342.041,1505.16,-566.694,444.448,1532.01
2534,0,-427.3,-33.7276,917.599,-477.219,-91.7905,861.454,-526.981,-150.337,804.664,-543.353,-170.288,785.77,,,,,,,,,,,,,-664.978,218.398,814.492,-620.398,254.833,836.005,-648.421,219.132,778.484,-603.474,256.15,800.151,-635.557,266.159,1523.44,-724.062,313.499,1568.63,-544.397,342.331,1505.29,-566.376,444.159,1532.27
2535,0,-427.079,-34.2301,920.194,-477.407,-93.032,865.126,-527.528,-152.323,809.442,-544.086,-172.496,791.052,,,,,,,,,,,,,-664.478,218.384,814.487,-619.93,254.87,835.964,-647.829,219.178,778.515,-602.933,256.422,799.995,-635.014,266.27,1523.47,-723.656,313.411,1568.66,-543.994,342.615,1505.32,-566.252,444.389,1532.31
2536,0,-426.841,-34.7887,923.144,-477.574,-94.4926,869.536,-528.151,-154.772,815.286,-544.825,-175.226,797.088,,,,,,,,,,,,,-663.914,218.356,814.516,-619.429,254.939,835.843,-647.29,219.216,778.573,-602.448,256.651,799.859,-634.495,266.402,1523.53,-723.248,313.342,1568.7,-543.598,343.017,1505.3,-566.079,444.782,1532.41
2537,0,-426.536,-35.5333,926.494,-477.729,-96.2431,874.513,-528.819,-157.524,821.986,-545.761,-178.221,804.344,,,,,,,,,,,,,-663.357,218.428,814.554,-618.96,254.964,835.869,-646.763,219.228,778.497,-601.921,256.865,799.923,-633.95,266.535,1523.5,-722.803,313.295,1568.69,-543.252,343.335,1505.42,-565.902,445.111,1532.49
2538,0,-426.185,-36.3792,930.179,-477.869,-98.1394,880.073,-529.407,-160.613,829.417,-546.604,-181.571,812.303,,,,,,,,,,,,,-662.816,218.445,814.528,-618.423,255.199,835.842,-646.153,219.283,778.515,-601.473,257.022,799.925,-633.417,266.666,1523.61,-722.382,313.265,1568.69,-542.796,343.66,1505.44,-565.809,445.689,1532.45
2539,0,-425.69,-37.149,934.269,-477.852,-100.282,886.408,-529.94,-163.82,837.56,-547.253,-185.151,821.043,,,,,,,,,,,,,-662.082,218.373,814.545,-617.857,255.297,835.798,-645.611,219.276,778.461,-601.031,257.157,799.986,-632.85,266.815,1523.66,-721.956,313.203,1568.76,-542.41,343.942,1505.66,-565.561,445.827,1532.56
2540,0,-425.125,-37.9634,938.668,-477.749,-102.351,892.873,-530.314,-167.125,846.349,-547.721,-188.807,830.533,,,,,,,,,,,,,-661.428,218.345,814.503,-617.359,255.301,835.73,-644.992,219.322,778.457,-600.581,257.223,799.963,-632.305,266.94,1523.83,-721.54,313.099,1568.85,-542.079,344.263,1505.84,-565.331,445.826,1532.8
2541,0,-424.403,-38.7528,943.307,-477.446,-104.368,899.732,-530.497,-170.388,855.635,-548.054,-192.577,840.491,,,,,,,,,,,,,-660.873,218.334,814.504,-616.782,255.364,835.84,-644.358,219.301,778.439,-600.011,257.25,799.972,-631.715,267.051,1523.94,-721.102,313.029,1568.87,-541.706,344.615,1505.93,-565.471,446.526,1532.68
2542,0,-423.519,-39.3938,948.219,-476.954,-106.334,907.072,-530.365,-173.594,865.558,-548.102,-196.133,851.073,,,,,,,,,,,,,-660.268,218.359,814.513,-616.204,255.573,835.776,-643.775,219.345,778.408,-599.423,257.257,799.975,-631.175,267.252,1524.04,-720.673,312.97,1568.94,-541.025,344.963,1505.99,-565.374,446.875,1532.78
2543,0,-422.417,-40.061,953.344,-476.239,-108.181,914.731,-530.035,-176.721,875.834,-547.956,-199.533,862.297,,,,,,,,,,,,,-659.687,218.372,814.479,-615.57,255.85,835.511,-643.152,219.366,778.284,-598.844,257.323,799.888,-630.562,267.384,1524.19,-720.184,312.888,1568.96,-540.794,345.349,1506.3,-565.017,446.882,1533.27
2544,0,-421.091,-40.6271,958.282,-475.284,-109.911,922.888,-529.402,-179.874,886.378,-547.445,-202.931,873.968,,,,,,,,,,,,,-659.067,218.451,814.437,-614.971,256.054,835.475,-642.444,219.438,778.322,-598.293,257.442,799.925,-629.974,267.531,1524.37,-719.711,312.855,1569.05,-540.477,345.742,1506.65,-564.842,447.149,1533.47
2545,0,-419.886,-40.9078,964.389,-474.064,-111.552,931.145,-528.507,-182.703,897.307,-546.51,-206.075,885.892,,,,,,,,,,,,,-658.299,218.524,814.377,-614.431,256.256,835.514,-641.855,219.471,778.338,-597.584,257.524,799.734,-629.361,267.689,1524.59,-719.227,312.82,1569.16,-539.879,346.213,1506.77,-564.771,447.475,1533.71
2546,0,-418.27,-41.37,969.874,-472.585,-112.98,939.826,-527.275,-185.401,908.354,-545.195,-209.314,898.484,,,,,,,,,,,,,-657.612,218.445,814.282,-613.856,256.227,835.577,-641.162,219.477,778.102,-597.108,257.663,799.707,-628.643,267.911,1524.78,-718.786,312.714,1569.24,-539.448,346.616,1507.31,-564.612,447.953,1534.01
2547,0,-416.582,-41.4872,975.873,-470.797,-114.439,948.823,-525.664,-187.893,920.474,-543.534,-212.12,911.303,,,,,,,,,,,,,-656.993,218.146,814.38,-613.299,256.323,835.596,-640.514,219.509,778.141,-596.576,257.846,799.643,-627.902,268.101,1525.03,-718.298,312.663,1569.34,-539.118,347.064,1507.91,-564.515,448.504,1534.39
2548,0,-414.688,-41.5799,982.342,-468.922,-115.594,958.25,-523.695,-190.127,932.876,-541.556,-214.663,924.72,,,,,,,,,,,,,-656.286,218.158,814.369,-612.665,256.309,835.576,-639.855,219.575,778.133,-595.952,257.986,799.637,-627.155,268.382,1525.34,-717.854,312.549,1569.47,-538.44,347.718,1508.13,-564.391,448.894,1534.87
2549,0,-412.457,-41.3569,988.629,-466.581,-116.497,967.428,-521.303,-192.158,945.778,-538.99,-217.116,938.45,,,,,,,,,,,,,-655.624,218.202,814.303,-611.867,256.388,835.41,-639.088,219.58,777.921,-595.282,258.138,799.481,-626.289,268.663,1525.64,-717.323,312.522,1569.58,-537.821,348.386,1508.65,-564.355,449.289,1535.38
2550,0,-409.939,-41.0686,995.403,-463.933,-117.185,977.456,-518.465,-193.871,958.974,-536.133,-219.204,952.787,,,,,,,,,,,,,-654.821,218.255,814.216,-611.187,256.564,835.158,-638.392,219.669,778.035,-594.752,258.238,799.484,-625.529,268.991,1526.12,-716.749,312.486,1569.73,-537.306,349.027,1509.38,-564.15,449.929,1536.14
2551,0,-407.328,-40.6984,1002.39,-460.886,-117.765,987.754,-515.143,-195.378,972.546,-532.646,-220.897,967.396,,,,,,,,,,,,,-654.14,218.315,814.107,-610.599,256.744,835.187,-637.61,219.823,777.707,-593.977,258.495,799.313,-624.653,269.395,1526.56,-716.249,312.407,1569.87,-536.623,349.78,1510.16,-564.01,450.403,1536.88
2552,0,-404.542,-40.2029,1009.57,-457.543,-118.208,998.217,-511.42,-196.667,986.365,-528.715,-222.609,982.287,,,,,,,,,,,,,-653.434,218.373,814.046,-610.015,256.815,835.158,-636.903,219.86,777.622,-593.215,258.757,799.153,-623.694,269.755,1527.02,-715.654,312.355,1570,-535.828,350.662,1510.82,-564.077,451.285,1537.62
2553,0,-401.537,-39.5733,1016.85,-454.046,-118.396,1008.86,-507.136,-197.693,1000.38,-524.386,-223.756,997.343,,,,,,,,,,,,,-652.695,218.379,814.013,-609.435,256.896,834.985,-636.243,219.806,777.701,-592.61,259.081,798.95,-622.621,270.174,1527.51,-715.021,312.267,1570.21,-534.64,351.678,1511.33,-564.065,452.008,1538.45
2554,0,-398.354,-38.7778,1024.25,-450.163,-118.348,1019.57,-502.5,-198.389,1014.41,-519.632,-224.653,1012.6,,,,,,,,,,,,,-651.918,218.328,813.92,-608.748,256.276,835.282,-635.354,219.9,777.374,-591.869,259.471,798.876,-621.611,270.654,1528.22,-714.432,312.191,1570.37,-533.979,352.782,1512.33,-564.079,452.832,1539.5
2555,0,-394.954,-37.7603,1031.77,-446.085,-118.056,1030.36,-497.516,-198.697,1028.43,-514.332,-225.385,1027.63,,,,,,,,,,,,,-651.036,218.407,813.743,-607.922,256.724,834.965,-634.615,219.951,777.352,-591.23,259.204,798.739,-620.396,271.225,1528.88,-713.811,312.191,1570.55,-533.265,353.799,1513.51,-563.989,453.552,1540.71
2556,0,-391.582,-36.5409,1039.02,-441.647,-117.415,1041.16,-492.2,-198.721,1042.29,-508.725,-225.515,1042.68,,,,,,,,,,,,,-650.377,218.335,813.748,-607.225,256.838,834.884,-633.91,219.978,777.469,-590.653,259.196,798.785,-619.186,271.759,1529.56,-713.091,312.119,1570.73,-532.551,355.015,1514.7,-564.126,454.826,1541.73
2557,0,-387.804,-35.1514,1046.86,-436.938,-116.454,1051.89,-486.535,-198.293,1055.79,-502.852,-225.301,1057.39,,,,,,,,,,,,,-649.515,218.37,813.619,-606.52,257.088,834.874,-633.114,220.048,777.329,-589.925,259.329,798.709,-617.909,272.433,1530.37,-712.355,312.089,1570.9,-531.771,356.252,1516.08,-564.227,455.619,1543.04
2558,0,-384.031,-33.4001,1054.39,-431.908,-115.211,1062.49,-480.392,-197.48,1069.99,-496.58,-224.499,1071.91,,,,,,,,,,,,,-648.681,218.131,813.758,-605.8,257.227,834.696,-632.36,220.115,777.309,-589.178,259.663,798.6,-616.605,273.048,1531.19,-711.517,312.044,1571.07,-530.957,357.562,1517.57,-564.191,456.573,1544.44
2559,0,-379.987,-31.5598,1061.88,-426.994,-113.523,1073.23,-474.205,-196.128,1084.03,-490.265,-223.327,1087.08,,,,,,,,,,,,,-647.912,218.345,813.488,-605.057,257.082,834.774,-631.457,220.229,776.907,-588.485,259.845,798.403,-615.185,273.77,1532,-710.735,312.023,1571.32,-530.142,358.704,1519.11,-564.572,458.6,1545.61
2560,0,-375.776,-29.3549,1069.6,-421.883,-111.501,1083.85,-468.174,-194.218,1097.41,-483.686,-221.551,1101.93,,,,,,,,,,,,,-647.006,218.373,813.427,-604.293,257.445,834.508,-630.671,220.421,776.908,-587.802,260.026,798.319,-613.773,274.599,1532.97,-709.881,312.004,1571.5,-529.455,359.967,1521.13,-564.488,459.775,1547.2
2561,0,-371.728,-26.9758,1077.01,-416.623,-109.183,1094.46,-461.847,-191.944,1111.14,-476.86,-219.269,1116.73,,,,,,,,,,,,,-646.199,218.434,813.374,-603.53,257.515,834.45,-629.795,220.457,776.674,-587.047,260.199,798.321,-612.194,275.425,1533.84,-708.965,311.963,1571.72,-528.197,361.999,1522.62,-564.747,460.639,1548.76
2562,0,-367.497,-24.3895,1084.65,-411.213,-106.553,1105.05,-455.344,-189.193,1124.86,-470.011,-216.654,1131.3,,,,,,,,,,,,,-645.184,218.277,813.451,-602.685,257.734,834.329,-628.889,220.532,776.835,-586.395,260.303,798.321,-610.567,276.422,1534.73,-708.034,311.993,1571.85,-527.34,363.701,1524.34,-565.065,462.313,1550.12
2563,0,-363.236,-21.5231,1092.31,-405.851,-103.503,1115.61,-448.715,-186.053,1138.44,-463.129,-213.204,1145.85,,,,,,,,,,,,,-644.296,218.504,813.23,-601.769,258.195,834.049,-628.037,220.528,776.832,-585.342,260.461,798.187,-608.969,277.398,1535.8,-706.941,312.015,1572.1,-526.453,365.628,1526.05,-565.242,463.728,1551.79
2564,0,-358.803,-18.4887,1099.9,-400.525,-100.088,1126.23,-442.005,-182.43,1151.99,-456.21,-209.587,1160.43,,,,,,,,,,,,,-643.293,218.564,813.182,-600.943,258.391,833.903,-627.093,220.809,776.653,-584.503,260.751,798.031,-607.185,278.365,1536.84,-705.941,311.989,1572.36,-525.571,367.617,1527.83,-565.703,465.32,1553.46
2565,0,-354.31,-15.1936,1107.51,-394.744,-96.4719,1136.55,-435.203,-178.411,1165.34,-449.208,-205.199,1174.7,,,,,,,,,,,,,-642.418,218.642,813.129,-601.028,257.937,831.563,-626.192,220.857,776.61,-583.758,261.094,798.026,-605.37,279.543,1537.79,-704.786,312.065,1572.59,-524.654,369.533,1529.77,-566.156,466.859,1555.02
2566,0,-349.755,-11.7541,1115.11,-389.28,-92.4324,1146.95,-428.66,-174.018,1178.42,-442.106,-200.865,1188.62,,,,,,,,,,,,,-641.335,218.671,813.064,-599.199,258.721,833.763,-625.149,220.974,776.531,-582.909,261.392,797.855,-603.375,280.948,1538.61,-703.67,312.046,1572.82,-524.155,371.331,1532.27,-566.508,468.243,1556.91
2567,0,-345.162,-8.07093,1122.72,-383.506,-88.1991,1156.91,-421.764,-169.187,1191.26,-434.932,-195.857,1202.4,,,,,,,,,,,,,-640.319,218.796,812.933,-598.3,259.052,833.629,-624.132,221.168,776.319,-582.131,261.72,797.662,-601.744,281.633,1540.22,-702.498,312.092,1573.1,-522.941,373.667,1533.84,-566.996,469.885,1558.61
2568,0,-340.531,-4.16027,1130.39,-377.788,-83.6552,1167.34,-414.875,-164.125,1203.85,-427.887,-190.607,1215.95,,,,,,,,,,,,,-639.308,218.86,812.885,-598.313,258.767,831.319,-623.163,221.369,776.268,-581.175,262.012,797.578,-599.872,283.014,1541.43,-701.292,312.185,1573.41,-522.072,375.769,1536.04,-567.46,471.382,1560.4
2569,0,-335.908,0.178911,1138.07,-371.977,-78.946,1177.34,-407.945,-158.812,1216.26,-420.371,-184.904,1228.91,,,,,,,,,,,,,-638.283,218.963,812.855,-596.523,259.52,833.077,-622.195,221.475,776.12,-580.238,262.36,797.343,-597.863,284.689,1542.2,-700.081,312.314,1573.63,-521.259,378.046,1538.02,-567.986,473.034,1562.24
2570,0,-331.323,4.50724,1145.82,-366.129,-74.0354,1187.25,-400.948,-153.314,1228.39,-413.092,-179.123,1241.82,,,,,,,,,,,,,-637.227,218.896,812.915,-595.567,259.712,833.129,-621.171,221.7,776.03,-579.282,262.883,797.191,-596.042,286.021,1543.52,-698.895,312.434,1573.96,-520.652,380.17,1540.39,-568.576,474.731,1564
2571,0,-326.541,8.83167,1153.33,-360.308,-68.8708,1197.05,-393.879,-147.419,1240.27,-405.72,-173.047,1254.67,,,,,,,,,,,,,-635.978,219.079,812.784,-594.515,259.622,832.949,-620.246,221.834,775.81,-578.427,263.119,797.177,-594.183,287.393,1544.81,-697.616,312.598,1574.22,-519.616,382.58,1542.32,-569.212,476.321,1565.91
2572,0,-321.981,13.6597,1161.08,-354.297,-63.4541,1206.59,-387.046,-141.058,1252.03,-398.271,-166.769,1267.18,,,,,,,,,,,,,-635.068,219.26,812.659,-593.57,259.777,832.987,-619.14,221.958,775.939,-577.714,263.397,797.246,-592.361,288.766,1546.12,-696.203,312.805,1574.54,-518.939,384.913,1544.32,-569.852,478.01,1567.6
2573,0,-317.317,18.5385,1168.68,-348.494,-57.9266,1216.27,-380.006,-134.756,1263.88,-390.862,-160.206,1279.6,,,,,,,,,,,,,-633.826,219.245,812.725,-592.666,260.214,832.99,-618.133,221.827,775.899,-576.729,263.547,797.271,-590.553,290.218,1547.53,-694.933,312.987,1574.94,-518.118,387.163,1546.71,-570.45,479.754,1569.32
2574,0,-312.705,23.561,1176.26,-342.655,-52.2453,1225.8,-373.352,-128.052,1275.46,-383.476,-153.324,1291.72,,,,,,,,,,,,,-632.777,219.379,812.589,-591.65,260.34,832.995,-616.961,222.315,775.85,-575.615,263.776,796.975,-588.723,291.634,1548.93,-693.616,313.317,1575.33,-517.527,389.252,1549.25,-571.082,481.305,1571.18
2575,0,-308.144,28.6386,1183.81,-336.888,-46.125,1235.06,-366.357,-121.217,1286.77,-376.106,-146.423,1303.72,,,,,,,,,,,,,-631.682,219.503,812.522,-590.662,260.891,832.714,-615.984,222.308,775.675,-574.691,264.059,796.96,-586.955,293.182,1550.34,-692.374,313.561,1575.78,-517.143,391.513,1551.66,-571.891,483.078,1572.85
2576,0,-303.506,34.0827,1191.21,-331.136,-39.8016,1244.27,-359.444,-114.16,1297.89,-368.975,-138.931,1315.36,,,,,,,,,,,,,-630.527,219.557,812.462,-589.678,261.106,832.777,-614.831,222.554,775.738,-573.899,264.427,796.903,-585.18,294.689,1551.77,-691.109,313.772,1576.22,-516.017,393.883,1553.62,-572.546,484.64,1574.63
2577,0,-298.923,39.6574,1198.55,-325.478,-33.3024,1253.39,-352.665,-106.818,1308.64,-361.874,-131.269,1326.68,,,,,,,,,,,,,-629.388,219.439,812.539,-588.738,261.234,832.787,-613.687,222.754,775.658,-572.886,264.843,796.731,-583.444,296.233,1553.24,-689.69,313.931,1576.81,-515.676,396.243,1555.86,-573.242,486.281,1576.4
2578,0,-294.304,45.4384,1205.83,-319.945,-26.5717,1262.23,-345.844,-99.088,1318.84,-354.894,-123.402,1337.69,,,,,,,,,,,,,-628.229,219.708,812.403,-587.567,262.02,832.362,-612.595,223.206,775.314,-571.965,265.134,796.568,-581.744,297.799,1554.7,-688.171,314.164,1577.42,-515.349,398.503,1558.27,-574.011,487.968,1578.04
2579,0,-289.734,51.4615,1213.03,-314.411,-19.6582,1270.96,-339.539,-91.3985,1329.41,-348.128,-115.292,1348.45,,,,,,,,,,,,,-627.041,219.807,812.334,-586.581,262.076,832.33,-611.605,223.009,775.22,-570.827,265.511,796.233,-580.034,299.308,1556.21,-687.125,314.604,1577.76,-514.724,400.704,1560.59,-574.729,489.538,1579.68
2580,0,-285.166,57.6723,1220.11,-308.967,-12.5275,1279.51,-333.227,-83.2685,1339.49,-341.487,-107.033,1358.9,,,,,,,,,,,,,-625.859,219.671,812.423,-585.474,262.147,832.339,-610.22,223.411,775.201,-569.866,265.765,796.105,-578.424,300.804,1557.73,-685.879,314.88,1578.34,-513.829,402.995,1562.44,-575.4,491.118,1581.38
2581,0,-280.741,64.1224,1227.08,-303.622,-5.21523,1287.94,-326.966,-75.0408,1349.34,-334.966,-98.5175,1369.15,,,,,,,,,,,,,-624.637,219.973,812.217,-584.466,262.391,832.194,-608.445,226.172,774.952,-568.918,266.154,796.08,-576.867,302.401,1559.23,-684.602,315.235,1578.84,-513.907,405.367,1564.76,-575.813,492.34,1582.67
2582,0,-276.28,70.6339,1234.03,-298.365,2.40026,1296.3,-320.837,-66.6966,1358.93,-328.618,-89.9241,1379.1,,,,,,,,,,,,,-623.185,219.781,812.418,-583.356,262.85,832.175,-607.968,223.492,775.332,-567.775,266.573,795.887,-575.34,303.952,1560.78,-683.367,315.632,1579.39,-513.925,407.587,1566.57,-576.549,494.012,1584.17
2583,0,-271.901,77.27,1240.92,-293.13,9.83799,1304.44,-314.753,-58.3506,1368.33,-322.394,-81.1188,1388.9,,,,,,,,,,,,,-621.933,219.978,812.229,-582.286,263.265,832.098,-606.685,223.388,775.331,-566.724,266.797,795.774,-573.804,305.538,1562.27,-682.2,316.183,1579.91,-513.013,409.678,1568.87,-577.283,495.615,1585.84
2584,0,-267.465,84.0069,1247.7,-288.047,17.5164,1312.41,-308.82,-49.8708,1377.49,-316.206,-72.3832,1398.63,,,,,,,,,,,,,-620.722,220.371,812.088,-581.087,263.506,832.009,-604.933,226.39,774.951,-565.644,267.007,795.813,-572.294,307.118,1563.78,-680.923,316.483,1580.55,-512.353,411.944,1570.69,-578.035,497.306,1587.29
2585,0,-263.042,90.9424,1254.37,-282.867,25.4267,1320.17,-303.468,-41.1768,1386.42,-310.336,-63.2032,1407.69,,,,,,,,,,,,,-619.259,220.444,812.168,-580.031,263.652,832.033,-603.731,226.382,774.934,-564.689,267.39,795.67,-570.811,308.645,1565.31,-679.714,316.898,1581.19,-512.461,414.047,1572.9,-578.805,498.8,1588.74
2586,0,-258.548,98.3548,1260.96,-277.722,33.5069,1327.83,-297.525,-32.1446,1395.1,-304.434,-54.0349,1416.83,,,,,,,,,,,,,-618.129,220.443,812.19,-578.861,264.116,831.904,-602.511,225.651,775.388,-563.593,267.858,795.672,-569.416,310.154,1566.9,-678.51,317.356,1581.8,-512.057,416.071,1575.07,-579.369,500.194,1590.18
2587,0,-254.145,105.635,1267.45,-272.888,41.5256,1335.26,-292.158,-23.2431,1403.58,-298.751,-44.7313,1425.54,,,,,,,,,,,,,-616.615,220.703,812.11,-577.685,264.181,831.642,-601.153,226.921,774.797,-562.544,268.464,795.457,-568.045,311.627,1568.5,-677.409,317.95,1582.41,-511.827,418.209,1577.07,-580.039,501.561,1591.54
2588,0,-249.763,113.098,1273.85,-268.128,49.7395,1342.88,-286.678,-14.0334,1411.79,-293.009,-35.4638,1434.19,,,,,,,,,,,,,-615.406,220.835,812.072,-576.543,264.591,831.542,-599.929,227,774.824,-561.299,268.803,795.273,-566.755,313.128,1570.12,-676.259,318.45,1583.08,-511.235,420.284,1578.65,-580.755,503.037,1592.92
2589,0,-245.354,120.641,1280.17,-263.263,58.1573,1349.98,-281.272,-4.8303,1419.87,-287.543,-26.0309,1442.47,,,,,,,,,,,,,-614.066,220.977,812.058,-575.351,265.087,831.348,-598.597,227.383,774.705,-560.289,269.295,795.13,-565.344,314.527,1571.69,-675.067,318.816,1583.81,-511.274,422.294,1580.81,-581.396,504.479,1594.21
2590,0,-241.022,128.442,1286.32,-258.306,66.7617,1357.09,-275.899,4.72426,1427.85,-281.949,-16.4083,1450.6,,,,,,,,,,,,,-612.439,221.044,812.121,-574.189,265.226,831.374,-597.252,227.434,774.777,-559.166,269.858,794.875,-564.214,316.204,1573.21,-674.011,319.491,1584.43,-510.798,424.159,1582.59,-581.953,505.765,1595.4
2591,0,-236.73,136.381,1292.45,-253.502,75.4946,1363.96,-270.546,14.1472,1435.52,-276.422,-6.80932,1458.64,,,,,,,,,,,,,-611.176,221.265,812.034,-572.933,265.745,831.277,-595.946,227.49,774.819,-558.078,270.235,794.835,-563.013,317.689,1574.68,-672.874,319.942,1585.09,-510.832,426.416,1583.92,-582.479,507.015,1596.57
2592,0,-232.426,144.371,1298.41,-248.79,84.2435,1370.84,-265.468,23.8366,1443.03,-271.075,3.2895,1466.45,,,,,,,,,,,,,-609.541,221.318,812.157,-571.694,266,831.324,-594.559,227.777,774.697,-556.838,270.311,794.921,-561.875,319.179,1576.23,-671.67,320.368,1585.87,-510.584,428.328,1585.74,-583.063,508.426,1597.79
2593,0,-228.169,152.544,1304.35,-244.16,93.1825,1377.43,-260.142,33.5931,1450.48,-265.734,13.2271,1474.1,,,,,,,,,,,,,-608.34,221.56,812.117,-570.467,266.376,831.235,-593.36,227.578,774.676,-555.643,270.698,794.714,-560.66,320.568,1577.77,-670.572,320.932,1586.56,-510.368,430.541,1587.34,-583.585,509.711,1598.93
2594,0,-224.004,160.818,1310.06,-239.388,102.392,1384,-254.986,43.5965,1457.79,-260.369,23.4613,1481.58,,,,,,,,,,,,,-606.802,221.664,812.108,-569.257,266.808,831.247,-591.83,228.342,774.611,-554.614,271.179,794.642,-559.416,322.038,1579.29,-669.506,321.445,1587.25,-509.844,431.823,1589.81,-584.088,510.877,1599.91
2595,0,-219.859,169.18,1315.78,-234.552,111.966,1390.58,-249.995,53.7838,1464.84,-255.024,33.9501,1489.07,,,,,,,,,,,,,-605.417,221.83,812.176,-567.961,267.068,831.107,-590.629,228.054,774.612,-553.353,271.598,794.578,-558.271,323.489,1580.81,-668.415,322.091,1588.02,-509.719,433.526,1591.38,-584.797,512.048,1600.81
2596,0,-215.709,177.697,1321.32,-229.966,121.441,1396.83,-244.963,64.0495,1472.15,-249.752,44.5281,1496.48,,,,,,,,,,,,,-604.008,221.957,812.285,-566.688,267.235,831.127,-589.32,228.308,774.651,-552.254,271.967,794.536,-557.196,324.91,1582.37,-667.265,322.664,1588.74,-509.354,435.508,1592.93,-585.15,513.347,1601.89
2597,0,-211.624,186.291,1326.77,-225.417,130.96,1403.16,-239.978,74.6007,1479.2,-244.516,55.4502,1503.78,,,,,,,,,,,,,-602.43,222.073,812.286,-565.516,267.515,831.206,-587.801,228.804,774.792,-550.956,272.256,794.588,-556.068,326.338,1583.84,-666.195,323.257,1589.56,-508.972,437.244,1594.89,-585.347,514.269,1603
2598,0,-207.553,195.098,1332.12,-220.886,140.714,1409.22,-234.746,85.3124,1486.09,-239.339,66.4,1510.98,,,,,,,,,,,,,-601.009,222.346,812.343,-564.211,267.975,831.165,-586.501,228.584,774.831,-549.879,272.834,794.347,-554.886,327.785,1585.33,-665.095,323.846,1590.31,-508.912,439.184,1596.26,-585.97,515.615,1603.98
2599,0,-203.583,203.977,1337.37,-216.475,150.61,1415.2,-229.845,96.2446,1492.97,-234.153,77.5458,1518.34,,,,,,,,,,,,,-599.547,222.453,812.46,-562.834,268.354,831.116,-584.969,229.32,774.814,-548.643,273.357,794.323,-553.736,329.294,1586.84,-663.932,324.44,1591.05,-508.681,440.976,1597.87,-586.267,516.876,1604.82
2600,0,-199.588,213.05,1342.54,-211.998,160.639,1421.08,-225.05,107.33,1499.62,-229.123,88.9238,1525.1,,,,,,,,,,,,,-597.95,222.566,812.533,-561.596,268.694,831.107,-583.711,228.974,775.035,-547.438,273.826,794.201,-552.529,330.656,1588.35,-662.716,325.049,1591.86,-508.481,442.77,1599.51,-586.674,518.11,1605.75
2601,0,-195.584,222.308,1347.63,-207.606,170.909,1427.07,-220.251,118.491,1506.21,-224.285,100.582,1531.72,,,,,,,,,,,,,-596.266,222.661,812.725,-560.307,269.208,831.207,-582.064,229.689,774.894,-546.159,274.176,794.185,-551.415,332.149,1589.87,-661.516,325.619,1592.56,-508.176,444.473,1601.02,-587.1,519.329,1606.62
2602,0,-191.661,231.656,1352.63,-203.229,181.361,1432.67,-215.153,130.277,1512.6,-219.412,112.141,1538.55,,,,,,,,,,,,,-594.89,222.944,812.715,-558.937,269.644,831.025,-580.831,229.546,774.941,-544.985,274.722,793.999,-550.382,333.651,1591.29,-660.327,326.313,1593.26,-508.016,446.161,1602.62,-587.335,520.63,1607.39
2603,0,-187.741,241.175,1357.54,-198.893,191.847,1438.16,-210.313,142.039,1519.25,-214.456,124.355,1545.13,,,,,,,,,,,,,-593.344,223.022,812.85,-557.65,269.994,830.963,-579.417,229.942,774.925,-543.847,275.106,794.055,-549.158,335.109,1592.92,-659.191,326.909,1594.05,-507.706,447.963,1604.06,-587.688,521.797,1608.26
2604,0,-183.735,250.804,1362.38,-194.542,202.503,1443.59,-205.59,153.807,1525.47,-209.453,136.314,1551.57,,,,,,,,,,,,,-591.803,223.28,812.915,-556.214,270.293,831.037,-577.674,230.506,775.041,-542.518,275.305,794.218,-547.929,336.487,1594.22,-658.005,327.536,1594.79,-507.303,449.609,1605.43,-588.009,522.9,1609.05
2605,0,-179.965,260.491,1366.94,-190.256,213.236,1448.78,-200.75,165.745,1531.4,-204.667,148.8,1557.79,,,,,,,,,,,,,-590.313,223.194,813.25,-554.991,270.847,830.942,-576.154,230.875,775.024,-541.174,275.768,794.025,-546.912,337.942,1595.42,-656.803,328.144,1595.41,-507.138,451.39,1606.84,-588.269,524.012,1609.84
2606,0,-176.251,270.224,1371.48,-186.119,224.117,1453.85,-196.073,177.73,1537.27,-199.7,161.159,1563.98,,,,,,,,,,,,,-588.611,223.577,813.147,-553.636,271.243,830.791,-574.845,231.05,775.046,-539.875,276.235,794.192,-545.696,339.321,1596.89,-655.616,328.832,1596.11,-507.076,453.175,1608.19,-588.466,525.305,1610.6
2607,0,-172.607,280.055,1376.13,-181.865,235.027,1459.12,-191.423,189.934,1543.09,-194.834,173.702,1570.04,,,,,,,,,,,,,-587.098,223.829,813.263,-552.104,271.624,830.797,-573.229,231.249,775.142,-538.776,276.6,794.158,-544.555,340.685,1598.3,-654.436,329.441,1596.78,-506.834,454.857,1609.5,-588.755,526.447,1611.29
2608,0,-168.859,290.038,1380.44,-177.686,246.028,1464.21,-186.595,202.186,1548.64,-189.896,186.036,1575.8,,,,,,,,,,,,,-585.544,223.894,813.357,-550.907,271.979,830.977,-571.734,231.467,775.196,-537.384,277.135,794.07,-543.461,342.096,1599.59,-653.189,330.12,1597.46,-506.564,456.633,1610.81,-588.951,527.612,1611.92
2609,0,-165.201,300.145,1384.64,-173.628,257.241,1469.05,-182.095,214.444,1554.15,-185.199,198.772,1581.66,,,,,,,,,,,,,-583.944,224.076,813.5,-549.498,272.224,831.009,-570.265,231.964,775.293,-536.081,277.606,794.086,-542.452,343.601,1600.89,-652.04,330.78,1598.16,-506.439,458.302,1612.08,-589.109,528.657,1612.67
2610,0,-161.635,310.232,1388.73,-169.557,268.544,1473.68,-177.508,226.878,1559.45,-180.547,211.58,1587.17,,,,,,,,,,,,,-582.399,224.286,813.603,-548.041,272.622,831.033,-568.688,231.924,775.425,-534.853,278.067,793.959,-541.33,344.917,1602.21,-650.786,331.545,1598.81,-505.997,459.953,1613.26,-589.4,529.894,1613.43
2611,0,-158.095,320.442,1392.66,-165.541,279.858,1478.3,-173.031,239.398,1564.61,-175.739,224.633,1591.84,,,,,,,,,,,,,-580.749,224.549,813.642,-546.732,272.934,831.161,-567.183,232.317,775.401,-533.537,278.411,794.126,-540.195,346.301,1603.44,-649.586,332.146,1599.45,-505.874,461.551,1614.55,-589.49,530.856,1613.99
2612,0,-154.637,330.698,1396.46,-161.562,291.241,1482.58,-168.651,252.035,1569.62,-171.222,237.475,1597.51,,,,,,,,,,,,,-578.919,224.881,813.845,-545.34,273.162,831.148,-565.742,232.656,775.463,-532.27,278.761,794.043,-539.048,347.622,1604.69,-648.41,332.877,1600.13,-505.598,463.188,1615.75,-589.583,531.932,1614.59
2613,0,-151.176,341.062,1400.1,-157.695,302.831,1486.91,-164.133,264.707,1574.35,-166.757,250.677,1602.39,,,,,,,,,,,,,-577.596,224.726,814.035,-543.924,273.594,831.138,-564.216,232.518,775.693,-530.837,279.448,793.777,-537.942,348.976,1605.95,-647.191,333.489,1600.73,-505.343,464.786,1617.01,-589.74,533.008,1615.17
2614,0,-147.766,351.463,1403.69,-153.834,314.364,1490.91,-159.964,277.512,1579,-162.267,263.782,1607.16,,,,,,,,,,,,,-576.055,224.832,814.166,-542.58,274.054,831.08,-562.635,232.845,775.646,-530.114,279.441,793.666,-536.841,350.289,1607.2,-645.927,334.167,1601.36,-505.071,466.308,1618.15,-589.871,534.109,1615.66
2615,0,-144.406,361.958,1406.91,-150.042,326.128,1494.81,-155.872,290.362,1583.44,-157.839,277.01,1611.6,,,,,,,,,,,,,-574.398,225.331,813.942,-541.193,274.415,831.079,-561.272,233.228,775.7,-528.853,279.679,793.615,-535.703,351.602,1608.41,-644.654,334.73,1601.91,-504.665,467.837,1619.33,-589.958,535.085,1616.4
2616,0,-141.225,372.5,1409.99,-146.362,337.869,1498.56,-151.499,303.182,1587.46,-153.72,290.349,1616.1,,,,,,,,,,,,,-572.877,225.466,814.069,-539.847,274.81,831.157,-559.665,233.291,775.816,-527.37,280.064,793.739,-534.822,353.05,1609.31,-643.402,335.531,1602.44,-504.517,469.355,1620.47,-590.041,535.992,1616.87
2617,0,-138.009,383.202,1413.24,-142.663,349.71,1502.09,-147.54,316.153,1591.56,-149.57,303.715,1620.28,,,,,,,,,,,,,-571.253,225.583,814.111,-538.452,275.214,831.163,-558.137,233.612,775.761,-526.167,280.475,793.609,-533.697,354.268,1610.56,-642.191,336.094,1602.94,-504.071,470.828,1621.56,-590.096,537.062,1617.54
2618,0,-134.651,394.016,1416.34,-139.235,361.708,1505.92,-143.606,329.176,1595.5,-145.343,317.145,1624.26,,,,,,,,,,,,,-569.396,227.408,813.353,-537.095,275.522,831.058,-556.746,233.849,775.949,-524.926,280.86,793.701,-532.572,355.674,1611.63,-640.943,336.908,1603.54,-503.761,472.299,1622.59,-589.997,537.974,1617.99
2619,0,-131.482,404.856,1419.38,-135.59,373.66,1508.94,-139.695,342.259,1599.27,-141.196,330.477,1628.43,,,,,,,,,,,,,-568.105,226.249,814.103,-535.693,275.694,830.972,-555.186,233.838,775.985,-523.56,281.02,793.793,-531.449,356.812,1612.74,-639.71,337.552,1603.97,-503.503,473.757,1623.7,-590.048,538.886,1618.44
2620,0,-128.427,415.569,1421.68,-132.123,385.754,1512.07,-135.855,355.402,1602.91,-137.303,344.203,1631.89,,,,,,,,,,,,,-566.284,226.498,814.247,-534.297,276.019,831.109,-553.784,233.921,776.049,-522.298,281.289,793.556,-530.383,358.051,1613.82,-638.508,338.09,1604.44,-503.204,475.072,1624.84,-590.078,539.778,1619.01
2621,0,-125.458,426.285,1424.41,-128.689,397.739,1515.07,-131.923,368.607,1606.3,-133.431,357.624,1635.57,,,,,,,,,,,,,-564.957,226.564,814.206,-532.917,276.335,830.952,-552.304,234.222,776.109,-521.01,281.693,793.615,-529.37,359.297,1614.81,-637.787,338.87,1604.79,-502.777,476.442,1625.82,-590.104,540.818,1619.56
2622,0,-122.688,437.184,1427.02,-125.431,409.742,1517.98,-128.335,381.856,1609.71,-129.407,371.391,1639.23,,,,,,,,,,,,,-563.119,228.004,813.575,-531.454,276.806,830.926,-550.757,234.301,776.286,-519.755,282.108,793.432,-528.335,360.487,1615.81,-636.108,339.401,1605.41,-502.553,477.754,1626.88,-590.051,541.581,1619.95
2623,0,-119.797,447.838,1429.42,-122.152,421.832,1520.83,-124.758,395.223,1612.92,-125.612,385.233,1642.62,,,,,,,,,,,,,-561.816,226.94,814.253,-530.124,277.152,830.92,-549.252,234.648,776.199,-518.497,282.457,793.335,-527.353,361.667,1616.86,-634.855,339.839,1605.84,-502.205,479.069,1628.09,-590.168,542.667,1620.63
2624,0,-117.084,458.567,1431.72,-119.091,433.727,1523.44,-121.191,408.528,1615.9,-122.079,399.134,1645.54,,,,,,,,,,,,,-559.97,228.484,813.694,-528.813,277.471,830.954,-547.872,234.865,776.291,-517.191,282.907,793.169,-526.331,362.684,1618,-633.672,340.363,1606.33,-501.742,480.196,1629.17,-590.105,543.366,1621.14
2625,0,-114.484,469.252,1433.88,-116.117,445.712,1525.96,-117.909,421.836,1618.79,-118.501,412.73,1648.84,,,,,,,,,,,,,-558.454,228.61,813.849,-527.367,277.801,830.886,-546.349,234.887,776.312,-516.04,283.384,793.063,-525.297,363.743,1619.08,-632.487,340.911,1606.79,-501.418,481.254,1630.19,-589.922,544.214,1621.72
2626,0,-111.746,479.965,1435.87,-113.185,457.715,1528.23,-114.615,435.026,1621.43,-115.104,426.41,1651.58,,,,,,,,,,,,,-556.857,228.923,813.721,-526.094,278.024,830.924,-544.828,235.022,776.38,-514.731,283.492,793.282,-524.253,364.855,1620.06,-631.302,341.415,1607.27,-501.052,482.676,1631.11,-589.799,545.19,1622.37
2627,0,-109.299,490.671,1437.84,-110.343,469.585,1530.4,-111.559,448.205,1623.87,-112.062,440.117,1653.87,,,,,,,,,,,,,-555.457,228.819,813.961,-525.093,277.999,830.733,-543.46,235.094,776.594,-513.381,283.764,793.205,-523.228,365.858,1621.01,-629.99,341.919,1607.78,-500.639,483.822,1632.16,-589.585,545.639,1622.67
2628,0,-106.706,501.405,1439.47,-107.604,481.484,1532.34,-108.641,461.288,1626.15,-108.968,453.545,1656.27,,,,,,,,,,,,,-553.806,228.949,814.051,-523.759,278.343,830.835,-541.933,235.255,776.633,-512.221,284.148,793.171,-522.22,366.855,1621.95,-628.819,342.347,1608.29,-500.152,484.817,1633.06,-589.487,546.475,1623.22
2629,0,-104.251,512.363,1441.27,-104.992,493.321,1534.21,-105.775,474.262,1628.19,-105.948,466.855,1658.61,,,,,,,,,,,,,-551.993,229.718,814.212,-522.412,278.613,830.87,-540.558,235.388,776.796,-510.97,284.399,793.291,-521.283,367.906,1622.9,-627.51,342.871,1608.84,-499.689,485.865,1634.07,-589.195,547.024,1623.77
2630,0,-101.88,522.85,1442.74,-102.348,505.148,1535.89,-103.015,487.172,1630.13,-102.989,480.107,1660.6,,,,,,,,,,,,,-550.935,228.584,814.899,-521.06,278.838,831.019,-539.13,235.682,776.956,-509.689,284.523,793.436,-520.211,368.828,1623.85,-626.311,343.349,1609.32,-499.284,486.901,1634.98,-589.071,547.684,1624.27
2631,0,-99.6591,533.559,1444.19,-99.7811,517.043,1537.4,-100.333,499.976,1631.95,-100.279,493.315,1662.41,,,,,,,,,,,,,-549.397,229.287,814.649,-519.742,278.995,831.124,-537.787,235.718,777.102,-508.371,284.686,793.558,-519.104,369.627,1624.79,-625.157,343.781,1609.8,-498.867,488.078,1635.95,-588.909,548.359,1624.68
2632,0,-97.367,544.293,1445.42,-97.4348,528.738,1538.99,-97.6634,512.745,1633.53,-97.5713,506.454,1663.97,,,,,,,,,,,,,-547.994,229.431,814.807,-518.501,279.178,831.108,-536.478,235.876,777.181,-507.314,285.128,793.542,-518.107,370.455,1625.7,-623.939,344.25,1610.23,-498.303,488.879,1636.79,-588.487,548.831,1625.19
2633,0,-95.2125,554.917,1446.67,-94.9638,540.473,1540.3,-94.8871,525.566,1634.83,-94.7994,519.499,1665.72,,,,,,,,,,,,,-546.557,229.628,814.951,-517.155,279.361,831.245,-535.249,236.095,777.352,-506.16,285.489,793.593,-517.081,371.343,1626.5,-622.787,344.536,1610.64,-497.913,489.826,1637.59,-587.869,549.142,1625.55
2634,0,-93.0604,565.562,1447.73,-92.6289,552.198,1541.5,-92.349,538.334,1636.1,-92.2459,532.606,1666.96,,,,,,,,,,,,,-545.236,229.664,815.184,-515.957,279.714,831.241,-534.069,236.184,777.494,-504.994,285.607,793.638,-516.071,372.026,1627.24,-621.649,344.913,1610.93,-497.297,490.709,1638.32,-587.866,549.767,1626.01
2635,0,-91.0211,576.21,1448.72,-90.4253,563.808,1542.69,-89.9928,551.05,1637.41,-89.7269,545.648,1668.31,,,,,,,,,,,,,-543.915,229.774,815.25,-514.798,280.026,831.243,-532.826,236.303,777.517,-503.933,285.791,793.725,-515.067,372.764,1627.91,-620.421,345.157,1611.38,-496.832,491.396,1639.05,-587.554,550.28,1626.33
2636,0,-88.9671,586.813,1449.59,-88.2192,575.42,1543.7,-87.6205,563.659,1638.63,-87.1326,558.568,1669.68,,,,,,,,,,,,,-542.539,229.954,815.339,-513.578,280.4,831.277,-531.526,236.652,777.62,-502.963,286.128,793.644,-514.059,373.405,1628.55,-619.265,345.449,1611.65,-496.36,492.23,1639.85,-587.235,550.737,1626.7
2637,0,-87.0473,597.389,1450.44,-85.9977,586.987,1544.55,-85.2004,576.251,1639.57,-84.8394,571.54,1670.56,,,,,,,,,,,,,-541.188,230.111,815.487,-512.516,280.704,831.182,-530.476,236.921,777.725,-501.951,286.638,793.621,-513.112,374.081,1629.22,-618.249,345.669,1611.94,-495.914,492.942,1640.52,-586.847,551.064,1627.03
2638,0,-85.0894,607.891,1451.12,-83.9201,598.52,1545.36,-82.9877,588.723,1640.55,-82.4911,584.457,1671.55,,,,,,,,,,,,,-539.857,230.411,815.46,-511.343,281.122,831.159,-529.207,237.362,777.686,-501.04,287.154,793.472,-512.129,374.628,1629.86,-617.147,345.958,1612.27,-495.378,493.586,1641.22,-586.518,551.414,1627.36
2639,0,-83.2401,618.481,1451.7,-81.9898,609.988,1546.15,-80.8677,601.19,1641.37,-80.1626,597.263,1672.37,,,,,,,,,,,,,-538.636,230.603,815.479,-510.36,281.435,830.999,-528.065,237.415,777.709,-500.057,287.5,793.314,-511.209,375.21,1630.48,-616.045,346.269,1612.43,-494.795,494.214,1641.85,-586.12,551.775,1627.71
2640,0,-81.4135,628.996,1452.29,-79.951,621.502,1546.72,-78.6917,613.571,1642.02,-78.0381,609.893,1673.11,,,,,,,,,,,,,-537.312,230.952,815.532,-509.268,281.733,831.018,-526.967,237.556,777.708,-499.19,287.938,793.25,-510.291,375.708,1631.03,-614.918,346.485,1612.65,-494.338,494.792,1642.49,-585.666,552.065,1627.98
2641,0,-79.6908,639.491,1452.73,-78.018,632.831,1547.2,-76.7105,625.824,1642.66,-75.8777,622.404,1673.75,,,,,,,,,,,,,-536.148,231.006,815.426,-508.321,282.063,830.811,-525.912,237.924,777.691,-498.305,288.502,792.914,-509.389,376.193,1631.56,-614.297,346.698,1612.79,-493.849,495.29,1643.03,-585.318,552.302,1628.22
2642,0,-77.9428,650.033,1453.15,-76.2151,644.095,1547.69,-74.6537,637.933,1643.1,-73.8087,634.738,1674.31,,,,,,,,,,,,,-534.952,231.405,815.325,-507.348,282.463,830.74,-524.826,238.257,777.54,-497.504,288.936,792.828,-508.549,376.651,1632.07,-612.872,346.755,1613.06,-493.254,495.82,1643.56,-584.903,552.552,1628.51
2643,0,-76.2577,660.487,1453.51,-74.443,655.348,1548.02,-72.7482,649.868,1643.5,-71.8354,646.982,1674.71,,,,,,,,,,,,,-533.958,231.49,815.313,-506.465,282.863,830.552,-523.785,238.467,777.516,-496.759,289.271,792.794,-507.711,377.089,1632.53,-611.883,346.929,1613.24,-492.738,496.24,1644.05,-584.47,552.798,1628.76
2644,0,-74.6464,670.948,1453.72,-72.672,666.472,1548.31,-70.9179,661.753,1643.91,-69.8133,659.101,1675.26,,,,,,,,,,,,,-532.746,231.771,815.374,-505.559,283.157,830.547,-522.724,238.898,777.303,-495.907,289.441,792.64,-506.861,377.483,1633.02,-610.897,347.066,1613.45,-492.157,496.665,1644.56,-583.985,552.96,1628.93
2645,0,-73.08,681.323,1453.97,-70.9068,677.57,1548.48,-69.0895,673.546,1644.15,-67.9789,671.098,1675.44,,,,,,,,,,,,,-531.854,231.73,815.205,-504.655,283.384,830.417,-521.812,239.152,777.193,-495.008,289.65,792.61,-506.073,377.854,1633.42,-610.302,347.205,1613.64,-491.61,497.047,1645.05,-583.531,553.182,1629.12
2646,0,-71.4791,691.716,1454.12,-69.3798,688.717,1548.63,-67.4039,685.324,1644.4,-66.1448,683.147,1675.72,,,,,,,,,,,,,-530.709,232.14,815.209,-503.819,283.673,830.304,-520.98,239.312,777.17,-494.271,289.973,792.369,-505.228,378.206,1633.89,-608.969,347.266,1613.8,-491.142,497.385,1645.42,-583.113,553.315,1629.25
2647,0,-70.1542,702.049,1454.28,-67.8434,699.78,1548.81,-65.5817,697.092,1644.44,-64.3899,695.096,1675.89,,,,,,,,,,,,,-529.982,232.184,815.098,-503.066,283.928,830.115,-520.105,239.27,777.158,-493.6,290.188,792.166,-504.38,378.556,1634.26,-608.055,347.368,1613.96,-490.555,497.78,1645.84,-582.637,553.481,1629.39
2648,0,-68.6827,712.229,1454.32,-66.2428,710.694,1548.82,-63.9493,708.808,1644.54,-62.5354,707.141,1676.05,,,,,,,,,,,,,-529.007,232.316,815.137,-502.276,284.129,829.976,-519.233,239.329,777.042,-492.88,290.422,792.103,-503.501,378.76,1634.63,-607.169,347.58,1613.97,-489.995,498.137,1646.16,-582.074,553.651,1629.48
2649,0,-67.4558,722.385,1454.35,-64.7655,721.564,1548.9,-62.2834,720.409,1644.59,-60.8639,718.947,1676.04,,,,,,,,,,,,,-528.218,232.354,814.951,-501.591,284.281,829.833,-518.478,239.449,776.919,-492.246,290.609,791.933,-502.66,378.966,1635.03,-606.621,347.699,1614.06,-489.5,498.388,1646.5,-581.65,553.767,1629.58
2650,0,-66.2092,732.438,1454.37,-63.3685,732.364,1548.9,-60.8191,731.95,1644.69,-59.2342,730.799,1676.06,,,,,,,,,,,,,-527.372,232.381,814.754,-500.857,284.442,829.693,-518.024,239.199,776.486,-491.608,290.808,791.661,-501.847,379.3,1635.32,-605.369,347.592,1614.39,-488.918,498.626,1646.86,-581.204,553.808,1629.66
2651,0,-65.1043,742.406,1454.26,-62.159,743.133,1548.83,-59.3204,743.377,1644.6,-57.8143,742.501,1675.8,,,,,,,,,,,,,-526.694,232.469,814.611,-500.155,284.494,829.479,-517.365,239.389,776.455,-490.87,290.834,791.593,-501.113,379.498,1635.6,-604.497,347.611,1614.52,-488.325,498.831,1647.15,-580.718,553.853,1629.75
2652,0,-64.0879,752.239,1454.23,-60.9283,753.654,1548.73,-57.9229,754.701,1644.49,-56.3734,753.948,1675.87,,,,,,,,,,,,,-526.101,232.501,814.588,-499.557,284.605,829.23,-516.693,239.3,776.327,-490.212,291.046,791.345,-500.356,379.632,1635.91,-603.877,347.577,1614.68,-487.783,498.987,1647.4,-580.154,553.903,1629.85
2653,0,-63.0709,762.033,1454.09,-59.7119,764.025,1548.56,-56.6329,765.74,1644.34,-55.0106,765.266,1675.62,,,,,,,,,,,,,-525.418,232.471,814.606,-498.939,284.737,829.076,-516.075,239.279,776.148,-489.745,291.174,790.962,-499.6,379.776,1636.18,-603.153,347.519,1614.7,-487.183,499.164,1647.62,-579.684,553.922,1629.87
2654,0,-61.9787,771.761,1453.9,-58.6514,774.326,1548.39,-55.5086,776.651,1644.07,-53.8564,776.407,1675.38,,,,,,,,,,,,,-524.767,232.661,814.352,-498.282,284.796,828.962,-515.482,239.275,776.069,-489.27,291.215,790.725,-498.91,379.933,1636.44,-602.403,347.544,1614.81,-486.628,499.303,1647.81,-579.198,553.943,1629.95
2655,0,-61.1702,781.35,1453.59,-57.5918,784.514,1548.09,-54.3459,787.414,1643.82,-52.7197,787.286,1675.08,,,,,,,,,,,,,-524.226,232.542,814.2,-497.733,284.762,828.735,-514.982,239.251,775.851,-488.74,291.287,790.674,-498.211,380.026,1636.69,-601.125,347.532,1614.84,-486.053,499.424,1647.95,-578.694,553.911,1630.02
2656,0,-60.2532,790.964,1453.32,-56.7339,794.607,1547.77,-53.2502,798.005,1643.49,-51.6527,798.159,1674.62,,,,,,,,,,,,,-523.719,232.515,814.147,-497.209,284.786,828.663,-514.532,239.297,775.665,-488.195,291.193,790.563,-497.458,380.107,1636.9,-600.352,347.401,1615,-485.518,499.507,1648.11,-578.168,553.886,1630.03
2657,0,-59.5264,800.352,1452.97,-55.8241,804.587,1547.43,-52.3313,808.385,1643.11,-50.6342,808.743,1674.25,,,,,,,,,,,,,-523.205,232.462,813.966,-496.705,284.695,828.474,-514.084,239.271,775.542,-487.683,291.082,790.414,-496.751,380.146,1637.13,-599.664,347.355,1615.09,-485.015,499.577,1648.29,-577.667,553.855,1630.03
2658,0,-58.8503,809.826,1452.65,-54.9838,814.462,1547.08,-51.3293,818.744,1642.69,-49.5902,819.058,1673.98,,,,,,,,,,,,,-522.403,232.959,813.977,-496.197,284.665,828.42,-513.615,239.218,775.456,-487.134,290.946,790.264,-496.007,380.13,1637.33,-599.256,347.297,1615.12,-484.516,499.626,1648.49,-577.16,553.814,1630.02
2659,0,-58.1516,819.142,1452.29,-54.116,824.251,1546.62,-50.336,829.016,1642.18,-48.6109,829.54,1673.4,,,,,,,,,,,,,-522.272,232.524,813.827,-495.817,284.57,828.284,-513.109,239.107,775.386,-486.517,290.789,790.323,-495.396,380.148,1637.54,-598.166,347.128,1615.31,-483.982,499.711,1648.66,-576.62,553.74,1629.98
2660,0,-57.6053,828.359,1451.93,-53.4318,833.918,1546.26,-49.5371,839.121,1641.85,-47.5452,839.847,1672.88,,,,,,,,,,,,,-521.928,232.518,813.782,-495.566,284.525,828.122,-512.599,238.798,775.366,-486.166,290.709,790.299,-494.832,380.205,1637.72,-597.452,346.995,1615.28,-483.505,499.768,1648.79,-576.088,553.656,1629.96
2661,0,-57.3545,837.341,1451.21,-52.7375,843.52,1545.84,-48.4353,849.229,1641.41,-46.49,850.035,1672.49,,,,,,,,,,,,,-521.659,232.429,813.919,-495.369,284.506,828.137,-512.103,238.543,775.418,-485.863,290.682,790.269,-494.19,380.271,1637.9,-596.781,346.87,1615.42,-482.951,499.801,1648.89,-575.607,553.605,1629.96
2662,0,-56.7605,846.56,1451.03,-52.0235,853.039,1545.47,-47.6606,859.176,1641,-45.5029,860.171,1672.03,,,,,,,,,,,,,-521.576,231.924,814.486,-495.259,284.525,828.216,-511.575,238.412,775.563,-485.395,290.483,790.34,-493.439,380.241,1638.11,-596.025,346.774,1615.5,-482.361,499.776,1649.01,-575.117,553.54,1629.94
2663,0,-56.4423,855.259,1450.44,-51.3869,862.436,1545.03,-46.8121,869.039,1640.49,-44.5947,870.219,1671.46,,,,,,,,,,,,,-521.403,231.867,814.66,-495.24,284.61,828.517,-510.993,238.304,775.725,-484.848,290.127,790.799,-492.699,380.242,1638.27,-595.342,346.666,1615.58,-481.778,499.759,1649.13,-574.637,553.467,1629.94
2664,0,-56.2003,864.134,1450.04,-50.7559,871.682,1544.53,-45.9803,878.692,1640.02,-43.8009,880.06,1670.95,,,,,,,,,,,,,-521.15,232.194,814.713,-495.326,284.768,828.874,-510.25,238.098,776.176,-484.428,289.96,791.106,-492.097,380.254,1638.39,-595.021,346.639,1615.58,-481.22,499.765,1649.22,-574.171,553.377,1629.91
2665,0,-55.9029,872.846,1449.59,-50.3483,880.858,1544.14,-45.1385,888.242,1639.41,-42.9878,889.731,1670.55,,,,,,,,,,,,,-520.994,232.16,815.092,-495.523,284.894,829.173,-509.348,237.486,776.859,-483.904,289.684,791.694,-491.534,380.246,1638.56,-593.976,346.432,1615.74,-480.762,499.735,1649.32,-573.711,553.258,1629.88
2666,0,-55.4768,881.622,1449.15,-49.8199,889.84,1543.67,-44.424,897.604,1638.94,-42.0651,899.257,1669.96,,,,,,,,,,,,,-520.985,232.117,815.369,-495.759,285.018,829.489,-508.403,236.87,777.562,-483.313,289.383,792.341,-490.967,380.231,1638.72,-593.29,346.279,1615.76,-480.329,499.694,1649.46,-573.187,553.117,1629.88
2667,0,-55.2998,890.082,1448.74,-49.3626,898.647,1543.15,-43.7331,906.797,1638.36,-41.308,908.428,1669.37,,,,,,,,,,,,,-520.964,232.143,815.844,-496.074,285.068,830.022,-507.541,236.46,778.182,-482.748,289.061,792.982,-490.329,380.134,1638.92,-592.969,346.202,1615.83,-479.779,499.679,1649.59,-572.687,553.006,1629.84
2668,0,-55.3111,898.357,1448.27,-48.9908,907.276,1542.64,-43.275,915.734,1637.89,-40.5582,917.543,1668.78,,,,,,,,,,,,,-520.938,232.05,816.471,-496.484,285.052,830.581,-506.481,235.705,779.222,-482.154,288.59,793.844,-489.747,380.056,1639.08,-591.925,345.994,1615.94,-479.278,499.642,1649.73,-572.207,552.91,1629.85
2669,0,-55.2512,906.499,1447.8,-48.7364,915.841,1542.1,-42.6333,924.562,1637.26,-40.059,926.471,1668.21,,,,,,,,,,,,,-520.952,231.879,817.151,-496.838,285.007,831.179,-505.485,235.068,780.112,-481.396,287.93,794.989,-489.075,379.985,1639.24,-591.271,345.895,1615.94,-478.802,499.597,1649.87,-571.764,552.792,1629.85
2670,0,-55.284,914.599,1447.18,-48.4168,924.184,1541.58,-42.2217,933.208,1636.66,-39.5401,935.133,1667.62,,,,,,,,,,,,,-520.887,231.918,818.044,-497.183,284.941,831.799,-504.373,233.702,781.634,-480.621,287.322,795.853,-488.45,379.902,1639.37,-590.97,345.799,1616,-478.35,499.532,1649.99,-571.305,552.677,1629.9
2671,0,-55.3376,922.703,1446.63,-48.1825,932.473,1540.86,-41.8792,941.769,1635.98,-39.0377,943.76,1666.98,,,,,,,,,,,,,-521.055,231.863,818.742,-497.478,284.787,832.386,-503.459,232.276,783.038,-479.709,286.234,797.058,-487.83,379.821,1639.56,-590.189,345.594,1616.12,-477.92,499.498,1650.09,-570.854,552.536,1629.93
2672,0,-55.3954,930.629,1446.16,-48.042,940.894,1540.19,-41.6877,950.289,1635.31,-38.6579,952.309,1666.2,,,,,,,,,,,,,-521.275,231.668,819.291,-497.665,284.541,832.969,-502.74,231.316,784.13,-478.791,285.295,798.188,-487.219,379.761,1639.73,-589.359,345.448,1616.17,-477.438,499.474,1650.19,-570.438,552.405,1629.94
2673,0,-55.6218,938.241,1445.52,-48.0661,949.053,1539.63,-41.4051,958.784,1634.58,-38.4447,960.971,1665.5,,,,,,,,,,,,,-521.654,231.074,820.058,-497.784,283.935,833.696,-502.051,230.256,785.226,-477.982,284.152,799.542,-486.663,379.732,1639.88,-589.066,345.302,1616.3,-476.95,499.441,1650.29,-570.043,552.286,1629.94
2674,0,-55.8855,946.01,1444.98,-48.1177,957.165,1538.98,-41.3286,967.313,1633.91,-38.3936,969.603,1664.85,,,,,,,,,,,,,-521.951,230.634,820.656,-497.78,283.193,834.394,-501.555,229.412,786.239,-477.15,282.963,800.608,-486.119,379.699,1640.03,-588.472,345.148,1616.35,-476.469,499.452,1650.38,-569.549,552.143,1629.89
2675,0,-56.0794,953.799,1444.5,-48.2686,965.229,1538.31,-41.2622,975.802,1633.16,-38.37,978.277,1664.11,,,,,,,,,,,,,-522.285,230.204,820.994,-497.886,282.595,834.766,-501.176,228.507,787.003,-476.435,281.692,801.52,-485.476,379.64,1640.17,-587.447,344.919,1616.36,-475.986,499.452,1650.44,-569.039,552.024,1629.84
2676,0,-56.2216,961.61,1443.71,-48.4414,973.287,1537.68,-41.4082,984.313,1632.46,-38.4399,986.917,1663.41,,,,,,,,,,,,,-522.504,229.854,821.117,-497.754,281.868,835.274,-500.967,227.518,787.575,-475.716,280.541,802.533,-484.846,379.553,1640.26,-587.188,344.811,1616.36,-475.603,499.413,1650.47,-568.547,551.871,1629.75
2677,0,-56.6841,969.164,1443.09,-48.7911,981.283,1537.05,-41.6157,992.771,1631.75,-38.5905,995.587,1662.65,,,,,,,,,,,,,-523.022,229.042,821.088,-497.471,280.973,835.797,-500.692,226.762,788.063,-475.069,279.642,803.172,-484.25,379.491,1640.32,-586.488,344.652,1616.44,-475.144,499.338,1650.48,-568.104,551.716,1629.69
2678,0,-57.1613,976.476,1442.73,-49.0952,989.229,1536.47,-41.8992,1001.3,1630.98,-38.812,1004.23,1661.96,,,,,,,,,,,,,-523.098,228.456,821.187,-497.186,279.999,836.168,-500.381,225.877,788.419,-474.526,278.484,803.961,-483.646,379.394,1640.39,-585.504,344.436,1616.42,-474.622,499.243,1650.48,-567.694,551.535,1629.66
2679,0,-57.5698,983.765,1442.11,-49.55,997.05,1535.91,-42.2625,1009.69,1630.34,-39.1519,1012.77,1661.18,,,,,,,,,,,,,-523.115,227.915,821.289,-496.788,279.221,836.355,-500.149,225.355,788.559,-473.779,276.848,804.589,-483.109,379.343,1640.45,-584.985,344.24,1616.57,-474.042,499.188,1650.45,-567.373,551.42,1629.64
2680,0,-57.9575,991.223,1441.39,-50.1098,1004.71,1535.31,-42.7682,1017.91,1629.58,-39.622,1021.11,1660.53,,,,,,,,,,,,,-523.148,226.743,821.785,-496.358,278.495,836.559,-499.872,224.648,788.678,-473.29,276.081,804.806,-482.573,379.338,1640.45,-584.586,344.034,1616.64,-473.523,499.109,1650.39,-567.005,551.259,1629.58
2681,0,-58.7314,998.135,1440.95,-50.583,1012.37,1534.62,-43.3014,1025.97,1628.94,-40.1559,1029.41,1659.78,,,,,,,,,,,,,-522.729,226.563,821.421,-495.803,277.735,836.583,-499.563,224.032,788.663,-472.664,275.026,804.938,-481.997,379.32,1640.43,-584.071,343.921,1616.6,-473.126,499.066,1650.38,-566.612,551.089,1629.51
2682,0,-59.0685,1005.39,1440.49,-51.2105,1019.85,1533.86,-43.9858,1034.02,1628.24,-40.7171,1037.57,1659.02,,,,,,,,,,,,,-522.354,225.634,821.273,-495.052,277.002,836.492,-499.283,223.419,788.321,-472.053,273.96,805.035,-481.366,379.226,1640.41,-583.464,343.742,1616.48,-472.756,499.027,1650.34,-566.197,550.902,1629.44
2683,0,-59.7112,1012.1,1439.84,-52.0107,1026.85,1533.37,-44.7205,1041.84,1627.51,-41.4335,1045.55,1658.33,,,,,,,,,,,,,-521.514,224.997,821.006,-494.095,276.421,835.988,-498.951,223.02,787.626,-471.683,273.891,804.096,-480.836,379.143,1640.37,-582.491,343.518,1616.52,-472.397,498.939,1650.28,-565.814,550.751,1629.36
2684,0,-60.3518,1018.85,1439.31,-52.4325,1034.45,1532.55,-45.5115,1049.51,1626.78,-42.3167,1053.37,1657.58,,,,,,,,,,,,,-520.019,224.426,820.478,-492.934,275.777,835.451,-498.559,222.799,786.702,-471.286,273.814,802.769,-480.352,379.059,1640.31,-581.952,343.354,1616.53,-471.95,498.87,1650.21,-565.452,550.558,1629.26
2685,0,-60.9521,1025.48,1438.67,-53.5718,1041.01,1532.32,-46.2726,1057.13,1626.01,-43.1522,1061.13,1656.89,,,,,,,,,,,,,-518.468,223.932,819.715,-491.699,275.294,834.325,-498.097,222.729,785.27,-471.068,273.889,800.993,-479.884,378.933,1640.27,-581.596,343.126,1616.55,-471.517,498.774,1650.08,-565.07,550.373,1629.15
2686,0,-61.7251,1031.94,1438.22,-54.2596,1048.08,1531.72,-47.1451,1064.53,1625.35,-44.0583,1068.69,1656.15,,,,,,,,,,,,,-516.917,223.377,818.539,-490.122,274.89,833.049,-498.005,222.765,783.38,-470.875,274.011,798.954,-479.43,378.79,1640.18,-581.222,343.106,1616.37,-471.065,498.647,1649.92,-564.739,550.203,1629.08
2687,0,-62.2913,1038.74,1437.69,-54.9811,1055.06,1531.12,-48.1302,1071.9,1624.53,-45.0417,1076.16,1655.41,,,,,,,,,,,,,-515.515,222.86,817.021,-488.769,274.388,831.401,-498.308,223.348,780.977,-471.329,274.564,796.259,-479.013,378.698,1640.03,-580.77,342.856,1616.25,-470.631,498.493,1649.78,-564.399,550.032,1629
2688,0,-63.1257,1045.06,1436.97,-55.5164,1062.25,1530.27,-48.9338,1079.11,1623.9,-45.9347,1083.53,1654.69,,,,,,,,,,,,,-514.616,222.011,815.335,-487.604,273.719,829.678,-499.167,223.633,778.551,-472.052,275.049,793.691,-478.576,378.583,1639.89,-580.306,342.643,1616.17,-470.249,498.35,1649.66,-564.029,549.827,1628.92
2689,0,-63.6882,1051.92,1436.25,-56.5697,1068.56,1529.79,-49.7475,1086.31,1623.18,-46.7802,1090.78,1653.97,,,,,,,,,,,,,-513.829,221.509,813.569,-486.67,272.73,828.063,-500.426,224.685,776.057,-473.152,275.75,791.115,-478.149,378.409,1639.78,-579.66,342.36,1616.25,-469.92,498.207,1649.53,-563.746,549.64,1628.85
2690,0,-64.6113,1057.8,1435.87,-57.448,1075.23,1529.11,-50.7189,1093.32,1622.48,-47.6582,1097.95,1653.28,,,,,,,,,,,,,-513.476,221.28,811.857,-486.124,272.173,826.507,-501.984,225.313,773.962,-474.561,276.549,788.897,-477.783,378.245,1639.64,-579.638,342.208,1616.18,-469.615,498.078,1649.38,-563.437,549.394,1628.72
2691,0,-65.1796,1064.29,1435.25,-58.1372,1082.14,1528.46,-51.4817,1100.31,1621.8,-48.4093,1105.04,1652.58,,,,,,,,,,,,,-513.189,220.841,810.771,-485.766,271.694,825.512,-503.035,225.648,772.668,-475.515,276.718,787.774,-477.438,378.036,1639.55,-578.945,341.947,1616.11,-469.336,497.946,1649.2,-563.142,549.163,1628.62
2692,0,-65.8599,1070.84,1434.45,-58.4423,1089.4,1527.5,-52.3097,1107.19,1621.14,-49.2624,1112.07,1651.78,,,,,,,,,,,,,-512.688,220.366,810.387,-485.371,271.149,825.145,-503.431,225.693,772.068,-475.943,276.717,787.175,-477.188,377.869,1639.44,-578.957,341.788,1616.06,-469.078,497.781,1649.05,-562.867,548.95,1628.49
2693,0,-66.5087,1076.91,1433.92,-59.5473,1095.57,1526.93,-52.8852,1114.02,1620.28,-49.9829,1119.12,1651.02,,,,,,,,,,,,,-512.055,219.914,810.046,-484.704,270.663,824.964,-503.312,225.515,771.721,-475.709,276.466,787.031,-476.951,377.698,1639.34,-578.795,341.757,1615.83,-468.772,497.571,1648.91,-562.647,548.772,1628.42
2694,0,-67.3389,1082.95,1433.43,-60.3358,1101.84,1526.48,-53.5654,1120.84,1619.61,-50.6068,1126.08,1650.23,,,,,,,,,,,,,-511.054,219.37,810.075,-483.8,270.118,825.051,-502.5,225.179,771.658,-475.197,276.399,786.903,-476.695,377.514,1639.26,-578.108,341.384,1615.99,-468.497,497.356,1648.82,-562.455,548.584,1628.36
2695,0,-67.8879,1089.26,1432.61,-60.7852,1108.35,1525.71,-54.1719,1127.67,1619.04,-51.2781,1132.98,1649.44,,,,,,,,,,,,,-509.744,218.575,810.211,-482.853,269.641,825.25,-501.293,224.878,771.848,-474.172,275.95,787.254,-476.456,377.342,1639.2,-578.326,341.149,1616.04,-468.224,497.125,1648.77,-562.273,548.378,1628.32
2696,0,-68.4248,1095.3,1431.97,-61.144,1115.34,1524.74,-54.8076,1134.47,1618.28,-51.6642,1139.97,1648.64,,,,,,,,,,,,,-508.306,217.824,810.802,-481.783,269.331,825.664,-499.814,224.167,772.335,-473.177,275.654,787.554,-476.185,377.122,1639.17,-577.725,340.818,1616.11,-468.014,496.853,1648.73,-562.056,548.125,1628.24
2697,0,-69.1348,1101.36,1431.36,-61.9408,1121.37,1524.07,-55.2604,1141.3,1617.44,-52.2276,1146.82,1647.83,,,,,,,,,,,,,-506.82,217.088,811.313,-480.524,268.637,826.164,-498.428,223.507,772.886,-472.055,275.023,788.045,-475.94,376.888,1639.18,-577.528,340.581,1616.05,-467.883,496.601,1648.74,-561.849,547.88,1628.24
2698,0,-69.6841,1107.47,1430.57,-62.556,1127.83,1523.22,-55.7163,1148.04,1616.39,-52.6423,1153.79,1646.92,,,,,,,,,,,,,-505.422,216.435,811.685,-479.265,267.951,826.613,-497.093,222.648,773.445,-470.674,273.554,788.863,-475.733,376.653,1639.23,-577.579,340.353,1616.12,-467.736,496.376,1648.8,-561.664,547.651,1628.3
2699,0,-70.3058,1113.48,1429.9,-63.022,1134.26,1522.39,-56.0002,1154.91,1615.74,-52.9926,1160.7,1645.78,,,,,,,,,,,,,-504.407,215.507,812.273,-478.041,267.213,826.956,-495.958,221.821,774.035,-469.462,272.723,789.074,-475.543,376.379,1639.29,-577.483,340.252,1615.96,-467.602,496.142,1648.88,-561.483,547.392,1628.32
2700,0,-70.8375,1119.42,1429.21,-63.4455,1140.68,1521.47,-56.3324,1161.7,1614.84,-53.2164,1167.55,1644.82,,,,,,,,,,,,,-503.2,214.583,812.856,-476.962,266.594,827.32,-494.87,221.122,774.433,-468.636,272.235,789.321,-475.392,376.054,1639.39,-576.956,339.822,1616.12,-467.443,495.9,1648.96,-561.306,547.122,1628.38
2701,0,-71.4723,1125.45,1428.45,-63.8598,1147.1,1520.67,-56.4185,1168.42,1613.74,-53.3176,1174.47,1643.8,,,,,,,,,,,,,-502.232,214.082,813.332,-476.124,266.149,827.563,-493.919,219.959,775.018,-467.79,271.584,789.688,-475.277,375.765,1639.51,-577.152,339.632,1616.16,-467.213,495.632,1649.1,-561.095,546.883,1628.42
2702,0,-72.0705,1131.48,1427.64,-64.2508,1153.35,1519.87,-56.7712,1175.11,1613.02,-53.6062,1181.25,1642.8,,,,,,,,,,,,,-501.574,213.675,813.731,-475.445,265.74,827.848,-493.165,219.352,775.434,-467.144,271.052,789.852,-475.07,375.425,1639.61,-576.793,339.416,1616.07,-466.994,495.351,1649.19,-560.879,546.6,1628.47
2703,0,-72.6689,1137.4,1426.84,-64.6616,1159.63,1518.93,-56.7304,1181.65,1611.62,-53.4585,1188.01,1641.72,,,,,,,,,,,,,-500.922,213.194,814.129,-474.903,265.203,828.057,-492.481,218.771,775.723,-466.358,270.282,790.175,-474.936,375.179,1639.62,-576.808,339.123,1616.11,-466.776,495.064,1649.26,-560.66,546.334,1628.51
2704,0,-73.3257,1143.34,1426.04,-65.0576,1165.86,1517.99,-56.9279,1188.23,1610.77,-53.6073,1194.66,1640.72,,,,,,,,,,,,,-500.483,212.69,814.37,-474.462,264.67,828.415,-491.747,218.076,776.028,-465.748,269.822,790.464,-474.815,374.983,1639.63,-576.211,338.831,1616.14,-466.566,494.73,1649.3,-560.452,546.123,1628.54
2705,0,-74.0723,1149.49,1425.19,-65.5082,1172.12,1516.98,-56.892,1194.68,1609.63,-53.4201,1201.33,1639.55,,,,,,,,,,,,,-500.105,212.124,814.679,-474.122,264.235,828.744,-491.027,217.508,776.263,-465.06,269.239,790.7,-474.611,374.748,1639.61,-575.982,338.568,1616.07,-466.343,494.465,1649.3,-560.238,545.937,1628.56
2706,0,-74.8547,1155.46,1424.19,-65.9327,1178.43,1515.97,-57.0167,1201.19,1608.57,-53.4438,1207.85,1638.47,,,,,,,,,,,,,-499.73,211.772,814.757,-473.88,263.879,829,-490.208,217.041,776.534,-464.388,268.763,791.123,-474.394,374.485,1639.57,-575.863,338.331,1616.08,-466.163,494.22,1649.24,-560.013,545.722,1628.53
2707,0,-75.6104,1161.41,1423.13,-66.3906,1184.68,1514.89,-57.0694,1207.68,1607.35,-53.3855,1214.49,1637.26,,,,,,,,,,,,,-499.474,211.464,814.909,-473.718,263.54,829.14,-489.356,216.347,776.823,-463.587,268.044,791.434,-474.162,374.221,1639.51,-575.921,338.17,1615.98,-465.986,493.99,1649.19,-559.79,545.494,1628.5
2708,0,-76.466,1167.39,1422.14,-66.9109,1190.91,1513.78,-57.0921,1214.22,1606.07,-53.3894,1221,1635.98,,,,,,,,,,,,,-499.339,211.195,815.029,-473.589,263.195,829.364,-488.475,215.606,777.147,-462.833,267.455,791.89,-473.952,373.979,1639.41,-575.45,337.92,1615.94,-465.791,493.762,1649.17,-559.554,545.238,1628.45
2709,0,-77.3593,1173.43,1421.09,-67.3579,1197.2,1512.44,-57.2148,1220.82,1604.78,-53.4182,1227.69,1634.7,,,,,,,,,,,,,-499.315,210.954,815.164,-473.516,262.837,829.609,-487.671,215.055,777.466,-461.892,266.617,792.379,-473.724,373.728,1639.35,-575.494,337.791,1615.83,-465.587,493.565,1649.1,-559.315,544.987,1628.4
2710,0,-78.182,1179.45,1419.8,-68.0455,1203.53,1511.27,-57.361,1227.35,1603.45,-53.5195,1234.4,1633.15,,,,,,,,,,,,,-499.375,210.589,815.269,-473.462,262.446,829.89,-486.919,214.307,777.834,-461.113,265.913,792.854,-473.519,373.5,1639.32,-575.298,337.577,1615.65,-465.384,493.374,1649.08,-559.077,544.775,1628.35
2711,0,-79.1796,1185.58,1418.59,-68.5589,1209.92,1509.8,-57.5709,1234.06,1602.03,-53.6039,1241.28,1631.56,,,,,,,,,,,,,-499.498,210.313,815.299,-473.403,261.813,830.253,-486.204,213.555,778.151,-460.223,265.073,793.426,-473.353,373.31,1639.29,-575.089,337.405,1615.79,-465.158,493.187,1649.04,-558.843,544.571,1628.31
2712,0,-80.0709,1191.62,1417.26,-69.2197,1216.34,1508.31,-57.705,1240.83,1600.35,-53.7386,1248.11,1629.96,,,,,,,,,,,,,-499.65,210.048,815.318,-473.32,261.36,830.489,-485.657,212.915,778.427,-459.418,264.227,793.927,-473.193,373.184,1639.27,-574.894,337.238,1615.66,-464.918,493.032,1648.99,-558.625,544.419,1628.23
2713,0,-81.1153,1197.72,1415.94,-69.8804,1222.75,1506.95,-58.0794,1247.69,1598.85,-53.9771,1255.1,1628.32,,,,,,,,,,,,,-499.737,209.805,815.347,-473.18,260.925,830.609,-485.218,212.417,778.599,-458.704,263.534,794.31,-472.99,373.062,1639.25,-574.755,337.068,1615.58,-464.679,492.883,1648.93,-558.412,544.293,1628.17
2714,0,-82.1349,1203.88,1414.39,-70.5439,1229.3,1505.35,-58.4551,1254.54,1597.15,-54.1987,1262.13,1626.58,,,,,,,,,,,,,-499.702,209.47,815.206,-472.839,260.417,830.699,-484.926,211.99,778.527,-458.106,262.93,794.354,-472.71,372.959,1639.24,-574.098,336.827,1615.63,-464.435,492.757,1648.89,-558.217,544.164,1628.11
2715,0,-83.2468,1209.93,1413.03,-71.3328,1235.84,1503.65,-59.0994,1261.48,1595,-54.595,1269.15,1624.63,,,,,,,,,,,,,-499.536,209.226,814.906,-472.381,259.981,830.536,-484.855,211.352,778.328,-457.661,262.426,794.234,-472.421,372.853,1639.22,-573.926,336.705,1615.4,-464.21,492.658,1648.82,-557.995,544.039,1628.02
2716,0,-84.3082,1216.15,1411.34,-72.1279,1242.29,1501.9,-59.6358,1268.47,1592.92,-54.9864,1276.31,1622.81,,,,,,,,,,,,,-499.26,208.596,814.449,-471.8,259.56,830.2,-484.922,211.176,777.786,-457.527,262.277,793.623,-472.109,372.778,1639.14,-573.761,336.585,1615.4,-463.987,492.586,1648.76,-557.746,543.901,1627.93
2717,0,-85.4049,1222.21,1409.63,-73.049,1248.88,1500.13,-60.2507,1275.45,1590.92,-55.4347,1283.4,1620.63,,,,,,,,,,,,,-498.811,208.388,813.818,-471.214,259.317,829.393,-485.217,211.963,776.841,-457.63,262.331,792.765,-471.778,372.714,1639.06,-573.111,336.381,1615.44,-463.75,492.548,1648.69,-557.502,543.772,1627.79
2718,0,-86.7132,1228.42,1407.86,-73.9844,1255.51,1498.12,-60.793,1282.57,1588.74,-55.9674,1290.72,1618.47,,,,,,,,,,,,,-498.434,208.213,812.939,-470.603,259.157,828.547,-485.853,212.502,775.597,-458.059,262.711,791.466,-471.442,372.646,1638.97,-573.05,336.31,1615.37,-463.545,492.506,1648.61,-557.282,543.671,1627.69
2719,0,-87.9743,1234.65,1405.94,-74.8372,1262.15,1496.1,-61.4504,1289.68,1586.56,-56.5862,1297.95,1616.24,,,,,,,,,,,,,-498.293,208.205,811.975,-470.065,258.988,827.372,-487,213.06,774.219,-458.732,263.203,790.033,-471.127,372.588,1638.87,-572.502,336.219,1615.27,-463.3,492.474,1648.53,-557.082,543.556,1627.61
2720,0,-89.3223,1240.89,1404.01,-75.844,1268.89,1493.74,-62.1056,1296.88,1584.24,-56.8405,1305.25,1613.81,,,,,,,,,,,,,-498.522,208.654,810.562,-469.716,258.732,826.081,-488.622,214.06,772.64,-459.756,263.837,788.52,-470.858,372.501,1638.8,-572.563,336.132,1615.23,-463.091,492.421,1648.42,-556.919,543.451,1627.55
2721,0,-90.7284,1247.2,1401.93,-76.7313,1275.7,1491.41,-62.6181,1304.11,1581.78,-57.35,1312.76,1611.24,,,,,,,,,,,,,-499.067,208.791,809.452,-469.621,258.587,825.057,-490.475,215.264,771.266,-460.945,264.53,787.199,-470.603,372.407,1638.72,-572.249,335.977,1615.11,-462.877,492.351,1648.32,-556.722,543.334,1627.49
2722,0,-92.2222,1253.59,1399.77,-77.7932,1282.58,1489.08,-63.1559,1311.4,1579.15,-57.7365,1320.27,1608.6,,,,,,,,,,,,,-499.455,208.947,808.796,-469.723,258.474,824.421,-491.525,215.757,770.484,-461.714,264.925,786.441,-470.321,372.313,1638.63,-571.922,335.929,1614.93,-462.622,492.26,1648.23,-556.495,543.221,1627.4
2723,0,-93.7834,1259.99,1397.64,-78.7823,1289.48,1486.65,-63.4708,1318.95,1576.31,-57.7529,1327.89,1605.79,,,,,,,,,,,,,-499.467,209.057,808.545,-469.72,258.572,824.222,-491.996,216.162,770.155,-462.129,265.294,786.23,-470.057,372.178,1638.57,-571.755,335.705,1614.88,-462.383,492.134,1648.12,-556.289,543.092,1627.34
2724,0,-95.4586,1266.45,1395.42,-79.6803,1296.51,1484.07,-63.6074,1326.6,1573.55,-57.8031,1335.86,1602.91,,,,,,,,,,,,,-499.23,209.219,808.474,-469.423,258.71,824.177,-491.978,216.459,770.126,-462.033,265.479,786.209,-469.806,372.074,1638.49,-571.557,335.596,1614.84,-462.128,491.979,1648.04,-556.092,542.97,1627.3
2725,0,-96.9191,1272.8,1393.14,-80.5058,1303.55,1481.41,-63.5618,1334.3,1570.57,-57.3108,1343.81,1599.83,,,,,,,,,,,,,-498.588,209.248,808.545,-469.046,258.957,824.232,-491.212,216.456,770.234,-461.646,265.844,786.282,-469.641,372.013,1638.38,-571.319,335.525,1614.68,-461.868,491.823,1647.97,-555.89,542.826,1627.23
2726,0,-98.5238,1279.17,1390.82,-81.2901,1310.72,1478.71,-63.4328,1342.28,1567.02,-57.0191,1352.04,1596.64,,,,,,,,,,,,,-497.44,209.236,808.631,-468.594,259.219,824.612,-489.913,216.489,770.461,-460.993,266.21,786.745,-469.433,371.898,1638.31,-570.763,335.307,1614.72,-461.626,491.645,1647.95,-555.705,542.67,1627.19
2727,0,-100.161,1285.74,1388.55,-81.8325,1317.85,1475.92,-63.2167,1350.19,1563.95,-56.0864,1360.45,1593.1,,,,,,,,,,,,,-496.072,208.942,809.083,-467.981,259.545,825.226,-488.414,216.578,770.919,-460.203,266.534,787.38,-469.227,371.767,1638.26,-570.895,335.304,1614.52,-461.445,491.491,1647.94,-555.487,542.526,1627.17
2728,0,-101.597,1291.99,1386.11,-82.3972,1325.16,1472.84,-62.7028,1358.37,1560.42,-55.2486,1368.99,1589.15,,,,,,,,,,,,,-494.806,208.806,809.584,-467.217,259.697,825.678,-486.893,216.202,771.543,-459.296,266.53,787.818,-469.026,371.615,1638.27,-570.688,335.107,1614.5,-461.304,491.357,1647.95,-555.246,542.423,1627.13
2729,0,-103.074,1298.39,1383.56,-82.8152,1332.3,1469.72,-61.988,1366.5,1556.68,-54.2412,1377.5,1585.16,,,,,,,,,,,,,-493.687,208.628,810.188,-466.378,259.675,826.14,-485.59,215.828,772.198,-458.288,266.381,788.335,-468.868,371.498,1638.31,-570.608,335.044,1614.56,-461.144,491.235,1648.04,-555.04,542.32,1627.13
2730,0,-104.494,1304.74,1380.91,-82.9803,1339.65,1466.37,-61.0235,1374.76,1552.68,-52.9197,1386.2,1580.82,,,,,,,,,,,,,-492.718,208.295,810.717,-465.489,259.504,826.54,-484.448,215.359,772.683,-457.154,265.949,788.827,-468.708,371.388,1638.35,-570.362,334.878,1614.51,-460.986,491.128,1648.16,-554.83,542.232,1627.15
2731,0,-105.839,1311.01,1378.06,-83.15,1346.91,1462.77,-59.843,1382.84,1548.51,-51.3447,1394.97,1576.52,,,,,,,,,,,,,-491.871,207.896,811.174,-464.642,259.224,826.985,-483.414,214.977,773.164,-456.074,265.53,789.189,-468.538,371.237,1638.47,-570.224,334.785,1614.59,-460.855,491.021,1648.29,-554.612,542.135,1627.17
2732,0,-107.069,1317.33,1375.1,-83.2162,1354.37,1459.03,-58.7981,1391.17,1544.2,-49.5069,1403.76,1571.71,,,,,,,,,,,,,-491.15,207.534,811.591,-463.821,258.674,827.484,-482.397,214.551,773.445,-455.06,265.068,789.738,-468.344,371.086,1638.64,-569.631,334.672,1614.54,-460.735,490.946,1648.42,-554.393,542.04,1627.19
2733,0,-108.31,1323.53,1372.01,-83.2385,1361.62,1455.11,-57.4115,1399.81,1538.96,-47.5894,1412.68,1566.36,,,,,,,,,,,,,-490.581,207.336,811.802,-463.25,258.405,827.91,-481.518,214.093,773.821,-454.19,264.644,790.112,-468.162,370.975,1638.78,-569.813,334.665,1614.53,-460.605,490.838,1648.55,-554.212,541.95,1627.21
2734,0,-109.54,1329.73,1368.71,-83.0179,1368.97,1450.71,-55.924,1408.35,1533.7,-45.7633,1421.51,1560.84,,,,,,,,,,,,,-490.169,207.143,812.107,-462.714,258.187,828.229,-480.743,213.742,774.05,-453.396,264.264,790.482,-467.984,370.863,1638.9,-569.597,334.67,1614.53,-460.433,490.728,1648.68,-554.038,541.896,1627.23
2735,0,-110.771,1335.81,1365.34,-82.8535,1376.28,1446.18,-54.5019,1416.7,1528.34,-43.9219,1430.59,1554.96,,,,,,,,,,,,,-489.838,207.051,812.297,-462.312,257.926,828.566,-479.966,213.274,774.425,-452.497,263.771,790.902,-467.846,370.753,1639.02,-569.243,334.514,1614.61,-460.25,490.637,1648.8,-553.857,541.838,1627.24
2736,0,-111.606,1341.98,1361.3,-82.7213,1383.6,1441.5,-53.0297,1425.2,1522.44,-41.9051,1439.42,1548.68,,,,,,,,,,,,,-489.517,206.906,812.486,-462.015,257.858,828.864,-479.094,212.959,774.784,-451.602,263.274,791.285,-467.712,370.679,1639.1,-569.04,334.536,1614.58,-460.08,490.551,1648.88,-553.648,541.781,1627.24
2737,0,-112.471,1347.95,1357.27,-82.3732,1390.89,1436.21,-51.5697,1433.62,1516.18,-40.1932,1448.38,1542.18,,,,,,,,,,,,,-489.115,206.762,812.736,-461.785,257.796,829.012,-478.022,212.354,775.126,-450.625,262.793,791.808,-467.595,370.633,1639.17,-569.061,334.491,1614.62,-459.875,490.489,1648.95,-553.452,541.739,1627.23
2738,0,-113.35,1353.98,1352.92,-82.2517,1398.07,1430.83,-50.2124,1442.13,1509.57,-38.5186,1457.25,1535.3,,,,,,,,,,,,,-488.635,206.721,812.976,-461.539,257.759,829.315,-476.873,211.985,775.599,-449.734,262.456,792.177,-467.48,370.598,1639.23,-569.067,334.435,1614.66,-459.696,490.427,1649.02,-553.265,541.708,1627.22
2739,0,-114.153,1359.92,1348.32,-81.9741,1405.2,1425.02,-49.0259,1450.59,1502.71,-36.8926,1466.1,1527.95,,,,,,,,,,,,,-488.172,206.507,813.347,-461.265,257.742,829.694,-475.64,211.512,776.145,-448.796,262.069,792.717,-467.345,370.569,1639.32,-568.804,334.403,1614.7,-459.496,490.384,1649.07,-553.079,541.69,1627.2
2740,0,-114.913,1365.9,1343.38,-81.9091,1412.29,1418.97,-47.8307,1458.8,1495.43,-35.3958,1474.69,1520.24,,,,,,,,,,,,,-487.64,206.334,813.767,-461.004,257.72,829.946,-474.347,210.838,776.662,-447.782,261.633,793.213,-467.155,370.542,1639.42,-568.622,334.367,1614.75,-459.318,490.368,1649.13,-552.889,541.668,1627.19
2741,0,-115.536,1371.7,1338.49,-81.6889,1419.3,1412.66,-46.8428,1466.97,1487.94,-34.0747,1483.38,1512.45,,,,,,,,,,,,,-487.058,206.154,814.118,-460.664,257.724,830.155,-473.211,210.424,777.134,-446.833,261.207,793.549,-466.993,370.548,1639.53,-568.127,334.359,1614.8,-459.133,490.361,1649.19,-552.716,541.64,1627.18
2742,0,-116.389,1377.43,1332.8,-81.7098,1426.25,1406,-45.8769,1475.15,1480.16,-32.8512,1491.82,1503.97,,,,,,,,,,,,,-486.508,206.028,814.249,-460.219,257.666,830.26,-472.186,209.939,777.442,-445.863,260.743,793.865,-466.799,370.569,1639.62,-568.123,334.342,1614.87,-458.944,490.398,1649.25,-552.508,541.621,1627.15
2743,0,-117.429,1383.15,1327.29,-81.626,1433.2,1399.15,-45.1529,1483.3,1472.21,-31.7141,1500.32,1495.71,,,,,,,,,,,,,-485.906,205.835,814.433,-459.549,257.333,830.338,-471.328,209.353,777.635,-445.053,260.406,793.815,-466.594,370.599,1639.74,-567.894,334.409,1614.77,-458.775,490.426,1649.35,-552.325,541.622,1627.14
2744,0,-117.985,1388.85,1321.22,-81.7092,1440.09,1392.15,-44.2362,1491.32,1463.93,-30.6043,1508.8,1487.14,,,,,,,,,,,,,-485.239,205.529,814.513,-458.827,257.127,830.134,-470.681,209.024,777.653,-444.331,260.041,793.743,-466.341,370.629,1639.85,-567.599,334.324,1614.78,-458.546,490.485,1649.43,-552.114,541.623,1627.12
2745,0,-119.024,1394.52,1315.22,-81.8697,1446.79,1385.16,-43.6314,1499.32,1455.52,-29.8043,1517.05,1478.3,,,,,,,,,,,,,-484.507,205.324,814.145,-458.109,257.041,829.773,-470.251,208.818,777.345,-443.811,259.881,793.278,-466.077,370.684,1639.96,-567.038,334.324,1614.82,-458.358,490.529,1649.51,-551.902,541.621,1627.1
2746,0,-119.935,1399.95,1309.25,-82.1121,1453.53,1377.74,-43.2088,1507.17,1446.84,-29.1152,1525.53,1469.1,,,,,,,,,,,,,-483.779,205.095,813.842,-457.242,256.767,829.313,-470.018,208.649,776.847,-443.478,259.84,792.552,-465.797,370.744,1640.03,-566.964,334.366,1614.74,-458.159,490.607,1649.57,-551.682,541.64,1627.05
2747,0,-120.733,1405.21,1303.48,-82.4034,1460.13,1370.12,-42.8568,1515.03,1438.05,-28.6044,1533.91,1460.04,,,,,,,,,,,,,-483.16,205.066,813.388,-456.369,256.445,828.562,-470.126,208.933,776.046,-443.327,259.912,791.657,-465.457,370.787,1640.09,-566.614,334.352,1614.71,-457.963,490.664,1649.61,-551.426,541.652,1627.03
2748,0,-121.957,1410.48,1297.29,-82.8537,1466.62,1362.66,-42.4966,1522.67,1429.17,-28.2166,1542.01,1450.69,,,,,,,,,,,,,-482.715,205.009,812.443,-455.518,255.917,827.986,-470.55,209.462,774.839,-443.398,260.092,790.544,-465.113,370.822,1640.11,-565.941,334.3,1614.69,-457.73,490.724,1649.63,-551.176,541.668,1627.01
2749,0,-123.236,1415.58,1291.2,-83.4911,1473.08,1355.13,-41.7301,1530.14,1419.66,-28.1571,1550.17,1440.77,,,,,,,,,,,,,-482.423,204.955,811.618,-454.811,255.627,827.063,-471.197,209.807,773.797,-443.72,260.391,789.32,-464.741,370.841,1640.13,-565.818,334.34,1614.64,-457.422,490.806,1649.64,-550.915,541.664,1626.99
2750,0,-124.869,1420.77,1285.18,-84.1356,1479.33,1347.67,-43.0722,1538.71,1410.96,-28.1817,1558.33,1431.31,,,,,,,,,,,,,-482.173,204.949,810.76,-454.319,255.514,826.49,-471.635,210.193,772.933,-443.79,260.549,788.596,-464.409,370.884,1640.08,-565.45,334.393,1614.43,-457.143,490.843,1649.66,-550.645,541.662,1626.97
2751,0,-125.631,1425.23,1279.4,-84.8285,1485.39,1340.25,-43.0536,1545.89,1401.77,-28.6593,1566.41,1421.65,,,,,,,,,,,,,-481.755,204.899,810.373,-453.764,255.364,826.12,-471.645,210.428,772.429,-443.617,260.724,788.208,-464.095,370.914,1640.04,-565.122,334.338,1614.46,-456.797,490.875,1649.65,-550.399,541.675,1626.96
2752,0,-126.881,1429.77,1273.6,-85.8663,1491.57,1332.54,-43.6814,1553.36,1392.4,-28.9459,1574.22,1411.87,,,,,,,,,,,,,-481.179,204.913,810.276,-452.982,255.086,825.977,-471.313,210.688,772.198,-443.156,260.799,788.014,-463.766,370.91,1639.97,-564.856,334.314,1614.42,-456.497,490.881,1649.64,-550.113,541.648,1626.95
2753,0,-128.196,1434.41,1267.98,-86.9315,1497.57,1325.2,-44.4136,1560.56,1383.31,-29.9314,1582.15,1402.13,,,,,,,,,,,,,-480.352,204.897,810.243,-452.183,255.202,825.883,-470.594,210.779,772.111,-442.443,260.781,788.051,-463.478,370.9,1639.88,-564.592,334.255,1614.38,-456.181,490.85,1649.62,-549.842,541.609,1626.94
2754,0,-129.629,1438.65,1262.5,-88.2066,1503.23,1318.06,-45.4384,1567.7,1374.34,-30.9532,1589.62,1392.22,,,,,,,,,,,,,-479.237,204.861,810.293,-451.198,255.175,826.031,-469.519,210.874,772.139,-441.604,260.923,788.073,-463.19,370.918,1639.76,-564.322,334.301,1614.28,-455.862,490.784,1649.57,-549.527,541.578,1626.97
2755,0,-131.212,1442.88,1257.22,-89.5341,1508.71,1311.27,-46.7786,1574.65,1365.7,-32.294,1597.08,1383.31,,,,,,,,,,,,,-477.919,204.667,810.547,-450.233,255.246,826.207,-468.209,210.735,772.468,-440.512,261.044,788.373,-462.835,370.891,1639.7,-563.584,334.195,1614.23,-455.539,490.689,1649.52,-549.156,541.556,1626.98
2756,0,-132.848,1446.97,1252.17,-91.1621,1514.02,1304.52,-48.4484,1581.38,1357.32,-33.7897,1604.32,1374.34,,,,,,,,,,,,,-476.637,204.489,810.847,-449.061,255.078,826.581,-466.733,210.488,772.75,-439.341,261.014,788.74,-462.489,370.813,1639.67,-563.557,334.18,1614.22,-455.18,490.619,1649.47,-548.722,541.502,1626.95
2757,0,-134.563,1450.9,1247.47,-93.1398,1519.38,1298.1,-50.3577,1587.93,1349.42,-35.8037,1611.25,1365.88,,,,,,,,,,,,,-475.159,204.184,811.252,-447.896,255.077,826.972,-465.309,210.333,773.115,-438.07,260.989,789.133,-462.159,370.702,1639.66,-563.342,334.113,1614.27,-454.82,490.521,1649.45,-548.318,541.424,1626.93
2758,0,-136.238,1454.62,1243.11,-95.1444,1524.32,1292.18,-52.4715,1593.94,1342.1,-38.2901,1617.97,1358.05,,,,,,,,,,,,,-473.831,203.891,811.681,-446.623,254.89,827.525,-463.869,210.202,773.555,-436.645,260.758,789.635,-461.83,370.597,1639.67,-563.017,334.101,1614.25,-454.417,490.444,1649.47,-547.956,541.395,1626.92
2759,0,-137.937,1458.14,1238.92,-97.3602,1529.14,1286.79,-55.2549,1600.09,1335.19,-41.4372,1624.53,1350.83,,,,,,,,,,,,,-472.467,203.677,812.005,-445.29,254.607,828.03,-462.429,209.72,774.054,-435.243,260.512,790.156,-461.498,370.509,1639.69,-562.738,334.014,1614.23,-454.049,490.376,1649.5,-547.6,541.34,1626.93
2760,0,-139.63,1461.6,1235.14,-99.8411,1533.63,1281.67,-58.4518,1605.82,1328.99,-44.8223,1630.58,1344.16,,,,,,,,,,,,,-471.187,203.483,812.396,-443.998,254.347,828.487,-460.978,209.541,774.398,-433.837,260.18,790.641,-461.15,370.398,1639.7,-562.33,334.047,1614.1,-453.73,490.301,1649.55,-547.249,541.308,1627
2761,0,-141.319,1464.75,1231.48,-102.346,1538.11,1277.07,-61.859,1611.35,1323.27,-48.4839,1636.59,1338.14,,,,,,,,,,,,,-469.992,203.313,812.754,-442.794,254.221,828.866,-459.627,209.373,774.88,-432.466,259.974,791.123,-460.894,370.316,1639.68,-562.064,333.969,1614.16,-453.411,490.219,1649.62,-546.832,541.274,1627.04
2762,0,-143.07,1467.85,1228.44,-105.044,1542.25,1272.89,-65.4737,1616.58,1318.25,-52.3863,1641.88,1332.44,,,,,,,,,,,,,-468.799,203.109,813.227,-441.612,254.001,829.293,-458.414,209.066,775.344,-431.191,259.709,791.595,-460.656,370.24,1639.66,-562.025,333.999,1614.15,-453.133,490.144,1649.64,-546.441,541.233,1627.14
2763,0,-144.813,1470.72,1225.47,-107.794,1546.16,1269.12,-69.098,1621.5,1313.69,-56.3516,1647.37,1327.8,,,,,,,,,,,,,-467.784,202.911,813.585,-440.484,253.719,829.711,-457.268,208.945,775.722,-430.052,259.413,791.994,-460.38,370.116,1639.67,-561.751,333.95,1614.21,-452.788,490.021,1649.66,-546.088,541.171,1627.16
2764,0,-146.545,1473.69,1222.95,-110.475,1549.88,1265.87,-72.7935,1626.22,1309.78,-60.4658,1652.36,1323.71,,,,,,,,,,,,,-466.816,202.773,814.097,-439.56,253.621,829.975,-456.299,208.713,776.155,-429.03,259.26,792.252,-460.142,370.032,1639.68,-561.099,333.862,1614.22,-452.409,489.899,1649.68,-545.679,541.152,1627.2
2765,0,-148.18,1476.34,1220.86,-113.143,1553.55,1263.21,-76.6035,1630.53,1306.48,-64.6205,1656.95,1319.97,,,,,,,,,,,,,-466.055,202.665,814.391,-438.61,253.427,830.343,-455.397,208.643,776.405,-428.044,259.082,792.673,-459.932,369.965,1639.69,-561.156,333.824,1614.26,-452.014,489.756,1649.67,-545.304,541.13,1627.26

